2.4206179523323925
2.413747988005767
2.3901402649509
2.345360075349708
2.2757712925386593
2.1795764541519405
2.0577063204274335
1.9141126703842728
1.7552116857440327
1.5886467952740757
1.4218778655820012
1.2611033188859193
1.1107459780845264
0.9734401662462134
0.850318103596643
0.7414025680864205
0.6459846057782583
0.5629331478066404
0.4909249728065932
0.42860226704625803
0.3746712250223506
0.3279560332365265
0.2874213922595181
0.2521747589573979
0.22145689412088138
0.19462694347763895
0.1711457437211335
0.15055991861566353
0.13248748111447523
0.11660551959914797
0.10263962519323444
0.09035556416422424
0.07955160638789877
0.07005302810186581
0.06170693363227334
0.054378232825568154
0.04794703243289063
0.04230601714172159
0.037359074354758284
0.033020181225523436
0.029212656742605907
0.025868750316592814
0.022928809179028106
0.020340742534955387
0.018059400025371916
0.016045515085641657
0.014265440181955549
0.012690009721668097
0.011294086099490903
0.01005587384135285
0.008956653879265558
0.00797992626102202
0.00711147693075908
0.006338857921701411
0.005651153413021004
0.00503877285300299
0.004493704580524616
0.004007224841510174
0.003574054645574304
0.0031879620724659533
0.0028436308371361935
0.0025365724001352582
0.0022629087690391853
0.0020187428719110967
0.0018009291589472234
0.0016067610758941876
0.0014334752930525883
0.0012789192693105473
0.001141044738091806
0.001018038444442543
0.0009082471506897268
0.0008104079594642026
0.0007230830791460571
0.0006451510846966071
0.0005755713713302977
0.0005135524833851713
0.00045823962890046197
0.0004089421422102324
0.00036481670910615965
0.0003255168310921121
0.0002903947096123057
0.00025911973849913796
0.00023120687110243614
0.0002063380804180118
0.00017951822137978515
0.00016424981224554626
0.00014652325471746676
0.00013074714678801394
0.00011664566407060474
0.00010284832982705395
0.00009391932373188526
0.00008286643800361144
0.00007390502578974098
0.00006595698001550198
0.00005879327649868336
0.000052465540085776374
0.000047060963975092085
0.00004167581541294167
0.00003720186642130274
0.000033262402037608873
0.000029709173332096133
0.00002648494619870012
0.000023695026326691935
0.0000216513692650862
0.000018649199986247876
0.000016808590367149216
0.000014982727022769686
0.000013371538762066765
0.000012043260163853708
0.00001064082087442095
9.492198382824968*^-6
8.630122874600018*^-6