0.12867568096590387
0.1286736681524696
0.12866662886282867
0.12865273406884659
0.12862962506534617
0.1285942738112706
0.1285428093634619
0.12847030343072433
0.12837050738245281
0.1282355327999094
0.1280554682964365
0.12781792754275562
0.12750752825220946
0.1271053107384215
0.12658811969144024
0.12592799598629836
0.1250916596206507
0.12404021101398277
0.12272923472697654
0.12110954929487583
0.11912889140869228
0.1167348203434522
0.11387903456150866
0.1105230605149437
0.10664488386802465
0.1022455938251651
0.09735465270799126
0.09203222421655094
0.08636732268499084
0.08047143622922731
0.07446849087784332
0.06848308606804719
0.06262938026691453
0.0570026616154735
0.05167470743362093
0.04669295115816542
0.04208264402072515
0.03785081589635572
0.033990876937534234
0.03048699595636571
0.02731776128010268
0.024458950341375057
0.021885450651892728
0.019572486188378438
0.017496334002340852
0.015634699645382118
0.013966880033090745
0.012473802029450972
0.011137972566041526
0.009943491468676166
0.008875923544187111
0.007922053753280343
0.007070066799776735
0.006309266153994158
0.005630030151404635
0.005023711166258972
0.004482547791189211
0.003999590175595277
0.0035686072148574015
0.003184029557793094
0.0028408750596078418
0.002534722674405727
0.002261499975553965
0.002017751546188996
0.0018002810468581753
0.0016062494627843973
0.0014331099342033767
0.0012786929701936595
0.0011408683818625804
0.001017903128680624
0.0009082147562180359
0.0008103387038373148
0.0007230063290463301
0.0006451359485334788
0.0005755849632659268
0.0005133279532424885
0.0004582210113097806
0.0004089182525773452
0.0003647945383098024
0.0003254826511806777
0.0002903979857369342
0.00025911721659653737
0.00023119992960583108
0.00020629988002263933
0.0001840545677671899
0.00016422728098379173
0.00014653288611498575
0.0001307444961594271
0.00011666964427032709
0.00010408847216292667
0.00009293904156590244
0.00008287585818404224
0.00007395632747418352
0.00006597003592794928
0.00005886257022441372
0.00005251092453589171
0.00004684897124409038
0.0000418141043489555
0.0000373635271245869
0.00003328844278772684
0.000029707861767405546
0.000026505956842475286
0.000023648887631093374
0.000021081900640413492
0.000018906023889798602
0.000016781141002716943
0.000014991539754312318
0.000013371134725060494
0.000011906169887212409
0.000010649675058800213
9.497300730533902*^-6
8.45108904904305*^-6