0.09029390274655164
0.09029310193860829
0.09029030121434842
0.09028477239783209
0.09027557575283386
0.09026150359556398
0.09024100976957737
0.09021212176297455
0.09017233178184668
0.09011846192830059
0.09004650008829043
0.0899513997439482
0.08982684103995404
0.08966494807281472
0.08945596385419803
0.08918788661492591
0.08884608180764683
0.08841289744053789
0.08786733072109668
0.08718482144871739
0.08633728136493762
0.08529350433305175
0.08402012944030807
0.08248332957966016
0.08065134590113414
0.07849785675908036
0.07600594619866462
0.07317214806156222
0.07000977253797303
0.06655060855372064
0.06284426867854313
0.058954935975891964
0.05495595069948903
0.050923271708340496
0.04692910429908424
0.043036811714066925
0.03929774145945816
0.03575003826101078
0.032419091336237355
0.02931906281158768
0.02645494317184907
0.023824698169387776
0.021421229546843005
0.019234015374129117
0.017250399171414264
0.015456557979391572
0.01383820823406788
0.012381094924712543
0.011071352119443356
0.009901779230554027
0.008841680800254678
0.007897565974392343
0.007052575365389958
0.006296782037253689
0.005621136288834642
0.005017372698299898
0.004478036850017244
0.00399638289596678
0.0035663221147479267
0.003182405700169204
0.002839719805550949
0.0025338748936635717
0.002260919115738223
0.0020173440555006656
0.0017999860287676755
0.001606039896209193
0.0014329786731080017
0.0012785696914222123
0.0011407928610704587
0.00101786296920301
0.0009081753305944041
0.0008103131661023098
0.0007229967889887756
0.000645095478948002
0.0005755738045343497
0.000513460617132787
0.0004582161416784748
0.00040884218781612124
0.000364788537102785
0.000325481722512505
0.0002904179654842036
0.0002591207834774092
0.00023119966521318583
0.00020629060863761771
0.0001840618764907678
0.00016422941036545584
0.0001465400336794328
0.00013074461966153987
0.00011666350939034748
0.00010408910735210991
0.00009291916406190899
0.00008287459730540471
0.00007395522070328522
0.00006597098193639672
0.0000573633990605092
0.00005251350459469683
0.00004685389362496268
0.00004181342705186681
0.00003719640974891069
0.00003328487318451359
0.0000297087280958281
0.00002650221024163577
0.000023647620717395258
0.000021075649351513787
0.00001890728750888716
0.0000167519379692182
0.000015093081768456561
0.00001337187266820133
0.000011910013704821948
0.000010647562683629057
9.495662852928487*^-6
8.42571771581111*^-6