1.1491217887531597
1.1482796435094729
1.145347459563542
1.1396182352833788
1.1302581365856899
1.116331231283048
1.0968571210417664
1.0709089990466432
1.037751677702108
0.9970032620637049
0.9487851047004023
0.893811895160177
0.8333792087201168
0.7692342733190202
0.7033566497600929
0.6377073723901245
0.5740107825955006
0.5136129035403864
0.4574285528602078
0.4059629282218031
0.35938033728223256
0.3175922058420025
0.28034331633177
0.24728416084472224
0.21802499424046906
0.19217227999825226
0.16935075989419568
0.14921504179829032
0.1314542074654348
0.11579213979470188
0.10198544686547414
0.08982020686156009
0.07910826070772566
0.06968353939604505
0.06139861825732672
0.0541220971902729
0.047735921687559996
0.04213381585305216
0.037220321371906465
0.03290983459853965
0.029126099242990637
0.02580169625222286
0.022877471393323433
0.020301873797732677
0.018030202488898178
0.0160238339084129
0.014249446036213129
0.012678310289622697
0.011285543443403288
0.010049644110901094
0.008952157827875677
0.007976684049503318
0.007109143933112139
0.00633718911114733
0.005649920478462205
0.005037918231905027
0.00449270089946437
0.004006793248913562
0.0035737365347378413
0.003187681611216181
0.002843462789231612
0.002536323554596374
0.002262821287528145
0.0020186850654286327
0.0018009359165371442
0.001606695653651345
0.0014334722715724957
0.0012789054964321075
0.0011411013089518518
0.0010180263903473699
0.0009082747839921035
0.0008104013502848155
0.0007231109873569273
0.0006451173244890772
0.0005756050560861562
0.000513604675680968
0.00045821627781906203
0.00040861505748772625
0.00036477659541408477
0.00032548868419117596
0.0002899513705716149
0.0002591323151726385
0.00023119880014995005
0.00020642518228688818
0.00018374917183165278
0.0001647793114586132
0.00014648990492416167
0.00013073196594884118
0.00011664915204012404
0.00010408899547528281
0.00009260307718725834
0.00008286714178903499
0.00007397436648413523
0.00006596018084177919
0.00005882689735587337
0.00005249799629515211
0.00004696560439257287
0.000041753468100326396
0.000037312932178360894
0.00003328370357936555
0.00002972510719222167
0.00002656011528054284
0.000023673304810982466
0.000021341871579029805
0.00001852464981484476
0.0000189918429399257
0.000015043311432220798
0.000013249420464858045
0.000011994137054010331
0.000010564348531912162
9.47985390984814*^-6
8.640796023199473*^-6