0.25058532546102863
0.250573517908206
0.2505322321117293
0.2504507750989827
0.2503154082734724
0.2501085891462842
0.24980806137914546
0.2493857836201987
0.2488067017851195
0.2480273950384224
0.24699466802656708
0.2456442268778452
0.24389966920480016
0.24167213950499
0.238861140862769
0.23535712143581355
0.23104650913411173
0.22581975489850725
0.2195825501152901
0.21226962688616396
0.20385947834706736
0.19438722320425877
0.1839521951931659
0.17271723222827629
0.16089832494253167
0.14874585635148707
0.13652109969856918
0.1244728552086774
0.11281857189981982
0.1017324265537252
0.09134072468270446
0.08172320680756777
0.07291832172414911
0.06493036818011061
0.05773735336471919
0.05129819168087915
0.04555946625002556
0.040460947562549046
0.03594010434252724
0.03193552308269665
0.028389253995444442
0.025248106996590466
0.022464286795906088
0.019995435370139175
0.017804264729172528
0.015858144849579554
0.014128537107728921
0.012590423182118771
0.011220294119010429
0.010003797876837688
0.008919119982934947
0.007952968490580067
0.007092146622048096
0.006325031927216265
0.0056412825738636745
0.0050317216116298035
0.0044881047980652265
0.004003645335571392
0.0035714959355579168
0.003186083448843512
0.002842335346706191
0.0025357349499348313
0.002262240470375946
0.002018280333593093
0.0018006558960251635
0.001606512494601443
0.001433319835649845
0.0012788089312396982
0.0011409518205867052
0.0010179839488493238
0.0009082622089690831
0.0008103739197508955
0.0007230391024584946
0.0006451176594934439
0.0005755948237570872
0.0005135716160977033
0.00045822729266911346
0.0004088585484318776
0.00036479370278225793
0.0003255229966924591
0.0002905200275865121
0.00025914815206919757
0.00023119952889806195
0.00020633903291143323
0.00018406240252952862
0.0001642423674142501
0.0001465544414870083
0.00013075848482717978
0.00011666060529371661
0.00010406679194607538
0.00009283010326282066
0.0000828717293619842
0.00007390737157137715
0.00006591649821478365
0.00005882827761719128
0.00005252547422138712
0.00004687630242110329
0.000041818420535946796
0.00003742867064668042
0.00003329029489075153
0.000029727067986098754
0.000026498552189181596
0.000023650802630917508
0.000021089865589887812
0.00001880940032502091
0.000016793286002922994
0.000015068382876494187
0.000013352783603403895
0.000011932110749969293
0.000010642695481484356
9.498746662808823*^-6
8.473476128170993*^-6