0.5402447246726584
0.540144062570149
0.539792395289852
0.539099936056092
0.5379532301478861
0.5362109008405197
0.5336996911693398
0.5302116035733966
0.5255033721869243
0.5192999845491106
0.5113043595134694
0.5012153296062123
0.4887552579454415
0.4737069566347579
0.45595622020307686
0.4355322245172022
0.4126357617892359
0.3876444077461465
0.3610885980942154
0.33360053829909436
0.30584651906900906
0.2784582466802154
0.25197784738746243
0.22682527845392533
0.20328921601312877
0.18153654782469847
0.16163297074348604
0.1435675732118206
0.12727631527446331
0.11266166188553459
0.09960748461967212
0.08798949682278671
0.07768203048538475
0.06856211522776091
0.06051176599282758
0.053419206384959374
0.04717957998024114
0.04169544960067896
0.03687722974124999
0.032643512596375365
0.028921226703585528
0.025645535863316034
0.022759497745153245
0.020213491381415698
0.01796449455467506
0.015975320053420432
0.014213842325759856
0.012652300020021247
0.01126665155847685
0.010036034389740208
0.00894229408270191
0.007969589012826498
0.007104062357951002
0.006333542685161739
0.005647347521061757
0.005036054975968685
0.004491342350624079
0.004005850243173286
0.003573089018062081
0.0031872021899810856
0.0028431194303229516
0.002536179609693824
0.0022626532232727097
0.0020185595938263714
0.0018008568996672665
0.0016066581387332004
0.0014334314149733324
0.0012788815744181692
0.0011410145693713035
0.001017999714093387
0.0009082921430287248
0.0008103902973524619
0.0007230456622791903
0.0006450115909769813
0.0005756062031161716
0.0005135571195056577
0.0004582485647931473
0.00040883800570721125
0.00036479118799238137
0.0003254856232425865
0.00029034815105238474
0.00025911946808769733
0.00023116821124228456
0.00020679859466721722
0.00018406298660111312
0.00016438089988689357
0.00014654786988359367
0.0001307395545547822
0.0001165549634755715
0.00010409175863043637
0.00009284316321014614
0.00008286625336410012
0.00007395269999146412
0.00006597363216145373
0.000058837316032577155
0.000052551863848480736
0.000046881085197354983
0.00004180575947374607
0.000037264918901896754
0.000033290856143411375
0.000029916654368187918
0.000026514242080054947
0.000023632959470193617
0.00002116825314967421
0.00001881089068595641
0.00001669902625284097
0.000014997242377888705
0.000013297354774836133
0.000011956271927110316
0.000010624197928745437
9.481189746419868*^-6
8.479542283150331*^-6