0.3457384157517295
0.3457096269688596
0.3456089879966444
0.34541053036556446
0.34508103275704355
0.3445783415572048
0.34384944891894076
0.3428283842576141
0.34143404873729843
0.3395682348441911
0.3371142322143118
0.33393662481679204
0.3298831102870148
0.32478935799258424
0.3184879524349397
0.31082216873607516
0.3016645190638844
0.29093860044861386
0.27864096616326944
0.26485812471133013
0.24977328799340273
0.2336589541366576
0.21685485913506936
0.19973512442861047
0.1826716692062476
0.1660016270284835
0.15000445289031974
0.13489086012982102
0.12080238761447
0.10781841673017895
0.09596703673048373
0.08523681799340353
0.07558763861374682
0.06695972967005878
0.05928082533225963
0.0524716858428025
0.04645036610361466
0.04113554113541072
0.03644906864031943
0.032317852229041086
0.028675049751227696
0.025460654332054473
0.022621551039260827
0.02011120931653318
0.01788909838576361
0.01592003742181862
0.01417350502891933
0.012622979220376173
0.01124544701971449
0.010020747249443669
0.008931278117287446
0.007961688719113734
0.007098391371023321
0.0063295093524931385
0.005644438771579897
0.005033989159120026
0.004489869356890375
0.004004725057224713
0.003572316571907626
0.003186667362703852
0.002842751940077169
0.0025360244111290956
0.002262452303928136
0.002018430266164006
0.0018007580714261356
0.0016065919291873452
0.0014333738237092132
0.0012788538285959216
0.001140989750196786
0.0010179997802424873
0.0009082915521541913
0.000810387406657204
0.000723047508112582
0.0006451089220201571
0.0005756041487943728
0.000513561925878114
0.000458229970877183
0.00040885299517957977
0.00036480505893438813
0.0003254936090663959
0.0002904264529519796
0.0002591275721052763
0.00023120693151601338
0.00020630997187032112
0.00018406687394872598
0.0001642726022330002
0.00014655816552777172
0.00013074641809874548
0.00011664370186976931
0.00010403151807833569
0.00009277215082372596
0.00008287164114919431
0.00007393511053302279
0.00006600577749560027
0.000058834595640384834
0.00005252290518467609
0.00004687313957711153
0.00004182586522247406
0.000037281806640866553
0.00003328931705527034
0.000029756841612517312
0.000026491052353386272
0.000023650364034189527
0.000021106703860305727
0.000018764642973673658
0.000016783619585943544
0.000014979451220901944
0.000014466349670962527
0.000011951975030259036
0.00001062705294922361
9.492760987451619*^-6
8.494002965774521*^-6