2.4206179523323947
2.413747988005768
2.3901402649509027
2.3453600753497104
2.2757712925386615
2.1795764541519422
2.0577063204274357
1.9141126703842744
1.7552116857440339
1.588646795274077
1.421877865582002
1.2611033188859198
1.1107459780845266
0.9734401662462135
0.8503181035966432
0.7414025680864207
0.6459846057782584
0.5629331478066404
0.4909249728065933
0.42860226704625815
0.3746712250223507
0.32795603323652656
0.2874213922595182
0.2521747589573979
0.22145689412088143
0.19462694347763895
0.1711457437211335
0.15055991861566353
0.13248748111447523
0.11660551959914797
0.10263962519323444
0.09035556416422424
0.07955160638789877
0.0700530281018658
0.06170693363227335
0.054378232825568154
0.04794703243289062
0.04230601714172158
0.037359074354758284
0.033020181225523436
0.029212656742605907
0.025868750316592817
0.022928809179028106
0.020340742534955387
0.018059400025371916
0.016045515085641657
0.014265440181955545
0.012690009721668095
0.011294086099490903
0.01005587384135285
0.008956653879265558
0.00797992626102202
0.007111476930759081
0.006338857921701411
0.005651153413021004
0.00503877285300299
0.004493704580524616
0.004007224841510174
0.003574054645574304
0.0031879620724659537
0.0028436308371361935
0.0025365724001352582
0.0022629087690391853
0.0020187428719110967
0.0018009291589472236
0.0016067610758941874
0.0014334752930525887
0.0012789192693105473
0.001141044738091806
0.001018038444442543
0.0009082471506897267
0.0008104079594642026
0.0007230830791460573
0.000645151084696607
0.0005755713713302977
0.0005135524833851714
0.00045823962890046197
0.00040894214221023233
0.0003648167091061596
0.0003255168310921122
0.0002903947096123057
0.00025911973849913796
0.00023120687110243616
0.00020633808041801185
0.00017951822137978515
0.00016424981224554623
0.00014652325471746676
0.00013074714678801394
0.00011664566407060474
0.00010284832982705395
0.00009391932373188526
0.00008286643800361142
0.000073905025789741
0.00006595698001550198
0.00005879327649868337
0.000052465540085776374
0.00004706096397509208
0.00004167581541294169
0.000037201866421302744
0.000033262402037608873
0.00002970917333209614
0.00002648494619870012
0.000023695026326691928
0.0000216513692650862
0.000018649199986247882
0.000016808590367149216
0.00001498272702276969
0.000013371538762066765
0.000012043260163853705
0.00001064082087442095
9.492198382824968*^-6
8.630122874600018*^-6