0.193967692063318
0.19396179849764628
0.19394118914893238
0.193900517014304
0.19383289844028645
0.1937295183638476
0.19357914731520287
0.19336755722349852
0.19307682552198105
0.1926845231644496
0.1921627941646266
0.1914773552116854
0.19058647764065995
0.18944006469172298
0.1879790076802535
0.18613509467174844
0.1838318450812163
0.1809867284145356
0.17751524808238972
0.17333726151745849
0.16838558662858816
0.16261636506835264
0.15601986746093477
0.14862965035293446
0.14052758156154604
0.13184262489761642
0.12274255226603036
0.11341960259499032
0.1040728002794575
0.09489043966964317
0.08603585178517045
0.07763827915358831
0.06978921139157747
0.06254335991631783
0.0559229341223035
0.0499237560103378
0.04452203631522023
0.0396808878029368
0.03535597970985335
0.03150002194752033
0.028065996344913843
0.025009233152880322
0.022288541602646202
0.01986666636061501
0.01771029208050478
0.015789817237247032
0.014079013974034943
0.012554649360262085
0.011195735900224973
0.009985236058802187
0.008905831279721424
0.007943449569488321
0.007085351773649679
0.006320174262748063
0.005637837732010128
0.005029250721543647
0.004486468903463335
0.004002397153820739
0.0035706047431244034
0.0031854508431299025
0.002841865765101211
0.002535417930776481
0.00226202693756027
0.0020181185562077836
0.0018005342032836494
0.0016064328829713487
0.0014332647806242944
0.0012787681317769652
0.0011409317474049665
0.0010179592771306623
0.0009082472399792043
0.0008103635395670973
0.0007230333311931564
0.0006451159105073849
0.0005755940775791894
0.0005125724596338809
0.0004582246639070679
0.00040884572881455566
0.0003647957093563151
0.0003254951155459248
0.00029029744937436754
0.0002591307541962766
0.00023119967884310504
0.00020630489167728833
0.0001840364927538892
0.0001642349278131572
0.00014656218841960618
0.00013076650881336155
0.00011665851787196013
0.00010408963672578795
0.00009285677735056819
0.00008287469075188254
0.00007393230579379133
0.00006595691882333625
0.00005892924645678044
0.0000525128675541966
0.00004686475339936644
0.000041817093546533004
0.00003737405001499352
0.00003328825581366315
0.00002970867356968735
0.00002650053461584311
0.000023646707546996623
0.000021073738274684245
0.00001891473494069339
0.000016790360237510327
0.00001498767936408552
0.000013365370873917509
0.00001193237123304837
0.000010654917024926447
9.499615794728962*^-6
8.519519606033382*^-6