0.15611103466799012
0.1561077173336285
0.15609611621391017
0.156073218648697
0.15603514201626448
0.1559769065493969
0.15589215460759198
0.15577280650703482
0.15560864284309
0.15538680434274454
0.1550912036165698
0.15470185017221505
0.1541941027234477
0.15353788382754685
0.15269692430306442
0.15162815160039972
0.15028139846088767
0.148599682355541
0.14652037986947616
0.1439776665228954
0.14090656656199924
0.1372487998620399
0.13296027061027557
0.12801950797368575
0.12243573619065803
0.1162547457531874
0.10956066773353003
0.1024723572380579
0.0951343325958266
0.08770369462199598
0.0803355602401969
0.07316981982932547
0.06632141926432417
0.05987522265211426
0.053885338927064576
0.048377950849632256
0.043356313120388526
0.038806606971398254
0.03470361618901094
0.031015568613512415
0.027707850966132635
0.024745586358093874
0.022095236943552074
0.019725469850286913
0.017607521912931128
0.01571526162036651
0.014025086672190771
0.012515745298924663
0.01116805742643175
0.009965169353579675
0.00889142686523728
0.007933143640305874
0.007077987366095651
0.006314921790837609
0.005634063725089828
0.005026580806750867
0.004484588233365647
0.004001044227665075
0.003569640911120712
0.003184765333923065
0.0028413955174174284
0.002535186221641099
0.0022617670449923038
0.002017943787251902
0.0018004186309494886
0.0016063392850532556
0.0014331934345792317
0.0012787231585987416
0.0011409043792577176
0.0010178920018608165
0.0009082324478139006
0.000810347351394346
0.0007230243390974867
0.0006452095258545967
0.0005755896377849678
0.0005130812999313924
0.00045822293893847346
0.00040884884272515123
0.00036479408640392047
0.00032548543456943516
0.00029037431440107693
0.00025905798029274524
0.00023119990663148952
0.00020629775886935744
0.00018404531682628537
0.000164234582474782
0.00014653113932247994
0.00013073948313701092
0.0001166748218088503
0.00010408954488977215
0.00009287100304735574
0.00008287435008284659
0.00007394425585115224
0.00006597298278634556
0.000058848529600974704
0.00005251307496387563
0.00004685887169489184
0.00004181400409886686
0.00003739391022484245
0.000033287754545244125
0.000029711461981989638
0.000026506793331717
0.000023649245353927754
0.00002107672268444625
0.000018905893882555936
0.000016795994398400852
0.000014992047686161094
0.000013367782234036526
0.000011929432328730133
0.000010649418565866706
9.496123469424536*^-6
8.389915746727492*^-6