0.1286756809659039
0.12867366815246967
0.12866662886282873
0.12865273406884664
0.12862962506534617
0.12859427381127064
0.12854280936346196
0.12847030343072435
0.12837050738245284
0.12823553279990943
0.12805546829643652
0.12781792754275562
0.12750752825220954
0.1271053107384215
0.12658811969144024
0.12592799598629836
0.12509165962065075
0.12404021101398277
0.12272923472697658
0.12110954929487586
0.1191288914086923
0.1167348203434522
0.11387903456150869
0.11052306051494373
0.1066448838680247
0.10224559382516508
0.09735465270799126
0.092032224216551
0.08636732268499087
0.08047143622922731
0.07446849087784332
0.06848308606804723
0.06262938026691453
0.0570026616154735
0.051674707433620945
0.046692951158165436
0.04208264402072515
0.03785081589635573
0.033990876937534234
0.030486995956365708
0.02731776128010268
0.024458950341375057
0.021885450651892725
0.019572486188378438
0.017496334002340852
0.01563469964538212
0.013966880033090745
0.012473802029450972
0.011137972566041526
0.009943491468676168
0.008875923544187111
0.007922053753280343
0.007070066799776735
0.006309266153994157
0.005630030151404636
0.005023711166258972
0.004482547791189211
0.003999590175595277
0.003568607214857401
0.0031840295577930944
0.0028408750596078418
0.002534722674405727
0.002261499975553965
0.002017751546188996
0.001800281046858175
0.0016062494627843973
0.0014331099342033767
0.0012786929701936595
0.0011408683818625806
0.001017903128680624
0.0009082147562180361
0.0008103387038373149
0.0007230063290463303
0.0006451359485334788
0.0005755849632659268
0.0005133279532424885
0.0004582210113097806
0.00040891825257734514
0.0003647945383098024
0.0003254826511806777
0.0002903979857369342
0.00025911721659653737
0.00023119992960583105
0.00020629988002263933
0.00018405456776718988
0.00016422728098379173
0.00014653288611498575
0.0001307444961594271
0.0001166696442703271
0.00010408847216292666
0.00009293904156590244
0.00008287585818404224
0.00007395632747418352
0.00006597003592794928
0.00005886257022441371
0.00005251092453589171
0.0000468489712440904
0.000041814104348955505
0.0000373635271245869
0.000033288442787726844
0.00002970786176740555
0.000026505956842475286
0.000023648887631093377
0.000021081900640413496
0.0000189060238897986
0.000016781141002716943
0.000014991539754312318
0.000013371134725060494
0.000011906169887212407
0.000010649675058800213
9.497300730533904*^-6
8.45108904904305*^-6