1.1491217887531595
1.1482796435094724
1.1453474595635416
1.1396182352833786
1.1302581365856899
1.1163312312830478
1.096857121041766
1.070908999046643
1.037751677702108
0.9970032620637045
0.9487851047004021
0.893811895160177
0.8333792087201168
0.7692342733190201
0.7033566497600929
0.6377073723901245
0.5740107825955005
0.5136129035403865
0.4574285528602079
0.40596292822180313
0.3593803372822325
0.3175922058420025
0.2803433163317699
0.2472841608447222
0.218024994240469
0.19217227999825226
0.16935075989419568
0.14921504179829032
0.13145420746543482
0.11579213979470188
0.10198544686547414
0.08982020686156009
0.07910826070772566
0.06968353939604505
0.06139861825732671
0.0541220971902729
0.047735921687559996
0.04213381585305216
0.03722032137190646
0.03290983459853965
0.02912609924299064
0.025801696252222856
0.022877471393323433
0.020301873797732677
0.018030202488898174
0.0160238339084129
0.014249446036213127
0.012678310289622697
0.011285543443403287
0.010049644110901094
0.008952157827875677
0.00797668404950332
0.007109143933112138
0.00633718911114733
0.005649920478462205
0.005037918231905026
0.00449270089946437
0.0040067932489135615
0.003573736534737841
0.0031876816112161805
0.002843462789231612
0.002536323554596374
0.0022628212875281445
0.0020186850654286322
0.0018009359165371444
0.001606695653651345
0.0014334722715724957
0.0012789054964321075
0.0011411013089518518
0.0010180263903473699
0.0009082747839921034
0.0008104013502848155
0.0007231109873569275
0.0006451173244890772
0.0005756050560861562
0.000513604675680968
0.00045821627781906203
0.0004086150574877263
0.00036477659541408477
0.000325488684191176
0.00028995137057161494
0.00025913231517263856
0.00023119880014995
0.00020642518228688824
0.00018374917183165278
0.00016477931145861318
0.00014648990492416173
0.0001307319659488412
0.00011664915204012404
0.00010408899547528282
0.00009260307718725834
0.00008286714178903497
0.00007397436648413523
0.00006596018084177917
0.00005882689735587336
0.00005249799629515213
0.00004696560439257287
0.000041753468100326396
0.000037312932178360894
0.00003328370357936556
0.000029725107192221676
0.00002656011528054284
0.000023673304810982466
0.000021341871579029802
0.00001852464981484476
0.000018991842939925694
0.0000150433114322208
0.000013249420464858045
0.00001199413705401033
0.000010564348531912169
9.47985390984814*^-6
8.640796023199473*^-6