2.544812136263095
2.537882827393183
2.514067977965396
2.4688808307565777
2.398620712017401
2.3014119427984645
2.1780932426018143
2.032512169655037
1.8709729135010236
1.7010072829788263
1.5299763725378999
1.3640091391824456
1.2075067968931803
1.063146865594217
0.9321799930630171
0.8148219246960946
0.7106172063504662
0.6187231164952324
0.5381074983104351
0.46767472187237197
0.4063393892997937
0.3530658449224897
0.30688745642123394
0.26691523494334
0.23234145215213847
0.20244089719112876
0.17657048947794088
0.15416709860067293
0.13474335263780812
0.11788154068989569
0.10322607875780164
0.09047521766865285
0.07937269551358987
0.06969993217917514
0.0612691977801258
0.053918001236499716
0.04750475415658714
0.04190559152585918
0.037012116234770326
0.03272969967426927
0.028976189093266096
0.02568060345127887
0.022781912376129178
0.02022788811610605
0.017973789591608787
0.015981358165571447
0.014217802107551799
0.012654905229064338
0.011268385595955818
0.010037296483255779
0.008943074423602284
0.007970126821684725
0.007104421262131925
0.006337783248907469
0.00564748513857905
0.005036175923822224
0.004491425939576325
0.004005906471882236
0.003573107901375378
0.003187189647893282
0.0028431559393276807
0.002536285021976655
0.0022626495294325775
0.0020185737844654094
0.0018008641792407617
0.0016066619385292824
0.0014334274859189172
0.001278882351258667
0.0011410153437041125
0.0010180152366090207
0.000908286965399093
0.0008103998403132054
0.0007230469671720882
0.0006450927941188144
0.0005756031476552806
0.0005135532311011821
0.000458233529692535
0.0004088487231615543
0.00036479273300911474
0.00032549766180641696
0.00029039251227552874
0.0002591202305813316
0.00023119319129513946
0.00020630545412427602
0.0001840577189490929
0.00016431588022181888
0.0001465421878826131
0.00013074602864522898
0.00011661275088446204
0.00010398623482505526
0.00009268110449004234
0.00008287142994716084
0.00007393804359973379
0.0000659813554275208
0.00005884559788834269
0.00005253043834517145
0.00004687734144251676
0.000041814786281465145
0.00003728207036287351
0.00003328856644560132
0.000029766501531971456
0.000026514962394608027
0.000023647475361073833
0.000021142591652519717
0.000018733152722579007
0.000016757382218180716
0.000015006380841468162
0.000013325374748865107
0.000011915007671218363
0.000010625387145904098
9.481628773037376*^-6
8.469698475933707*^-6