0.5818944612283367
0.5817875028087734
0.5814138264239657
0.5806779720310935
0.5794592358812317
0.5776070594764494
0.5749366691697714
0.5712257857174732
0.5662136745725821
0.5596043179875199
0.5510759194394229
0.5402990285006896
0.5269648992223298
0.5108238498793218
0.4917302295002401
0.46968665501043994
0.4448769507839496
0.41767679423053505
0.3886349586395682
0.3584257242046276
0.32778154419595606
0.29742051990825213
0.2679833331168907
0.23998964528512276
0.21381737922624908
0.1897026227877391
0.16775461635770178
0.14797940562793893
0.13030643706455525
0.11461381184380127
0.10074965103254147
0.0885483887313808
0.07784216241962919
0.06846795594130103
0.060271900000064854
0.053111307381626005
0.04685594135370133
0.041388417533986005
0.03660428224680355
0.03241175788050886
0.028731134249432813
0.025493748848665048
0.022640853484260263
0.02012234260563025
0.017895435152932362
0.015923589606337857
0.014175468299031446
0.012624041133340291
0.011244348625552758
0.010020991021984678
0.008931396707577255
0.00796172683291935
0.007098390023412065
0.006329479552928508
0.0056444491360761965
0.0050339750305547154
0.00448970777034792
0.004004785249828543
0.0035723063498714833
0.003186659489542054
0.002842744728840583
0.002536025853721619
0.0022624471639014006
0.0020184271826654936
0.0018007602214617625
0.0016065866068658897
0.0014333724829009601
0.0012788463294545554
0.0011409783861209728
0.0010180028192459524
0.000908275613143656
0.0008103834410637824
0.000723045865664284
0.0006451224635473427
0.0005755982361833902
0.0005135740400217235
0.00045822901444110596
0.00040885977145062064
0.0003647945715257174
0.00032552361379074033
0.00029052046600632424
0.0002591484634382955
0.0002311997500728686
0.00020633919009803583
0.0001840625141283105
0.00016424244669103783
0.00014655449779936138
0.000130758525012217
0.00011666063370244468
0.00010406681205254756
0.00009283011726288554
0.00008287173954652775
0.0000739073787817541
0.00006591650094056748
0.000058828255054452154
0.00005252547681273147
0.00004687630426871991
0.00004181842636830042
0.000037428744586523157
0.00003329029555097123
0.000029727074829949873
0.00002649855250672186
0.00002365080439159374
0.000021089849829847492
0.000018809433270255152
0.00001679328576502846
0.00001506893085208903
0.000013352780101786305
0.00001193210912959171
0.000010642694928584647
9.49871692211727*^-6
8.473210573912474*^-6