0.3704420029946961
0.37041084832767446
0.3703019373368924
0.3700871609627492
0.3697305503619554
0.36918644881437135
0.3683974132892293
0.3672919013799753
0.36578187677079255
0.3637605855243038
0.3611009251010041
0.35765504776881385
0.3532560877943352
0.3477231156297922
0.34087048253006424
0.3325224455387848
0.32253315539488825
0.3108106403312938
0.29734148834369317
0.28221110343790945
0.26561363941313076
0.2478468992035049
0.22929080948462743
0.21037255954312833
0.19152530241599697
0.17314880481948897
0.1555791207352163
0.1390711179126952
0.12379403293267607
0.10983746414779912
0.09722391813629952
0.0859240671309772
0.07587181733867544
0.06697746826655357
0.0591383476562526
0.0522469306351828
0.04619682024928275
0.04088694269777092
0.03622425828786778
0.03212523535403829
0.028516316719667815
0.02533362799493321
0.02252218563550533
0.020034861413939654
0.01783127203551435
0.01587674398927784
0.014141397813154344
0.01259936361771768
0.011227745663474948
0.010008124205338982
0.008922179619983893
0.007955115574457317
0.007093669585207442
0.006326100599605198
0.005642057635109367
0.0050322540401303946
0.0044886054962177966
0.00400391664025399
0.0035716850691608864
0.003186218769101846
0.0028424115352751753
0.00253580576134249
0.0022623025056337292
0.0020183143417879788
0.001800673296406695
0.0016065316951037226
0.0014333349745718098
0.001278817994713012
0.0011409671673535033
0.0010179844372278186
0.000908265111966201
0.0008103762345146962
0.0007230423487223831
0.0006451223158684099
0.0005755986274559714
0.0005125754726390496
0.00045822741337670484
0.00040884735950131093
0.00036479686767554927
0.0003254959383531059
0.0002902980330701093
0.00025913116936543315
0.00023119997374237736
0.0002063051014407248
0.00018403664096515795
0.0001642350335234306
0.00014656226353938076
0.0001307665969289753
0.00011665855460040257
0.00010408966363720214
0.0000928567956184113
0.00008287470549178255
0.00007393231563950067
0.0000659569203892955
0.00005892936823950504
0.00005251287099794685
0.000046864755863315884
0.000041817102492626036
0.00003737418607067944
0.000033288256697834915
0.00002970868523605939
0.000026500534940494716
0.000023646707811260257
0.000021073716437479207
0.000018915361743596115
0.00001679035771900359
0.000014987679436702117
0.000013365363437965959
0.000011932380232008975
0.000010654925375762859
9.499580393876536*^-6
8.520184685246354*^-6