0.26615745768874916
0.26614457847509687
0.26609954533107194
0.26601069377232806
0.26586303556493895
0.26563742996038575
0.265309588200417
0.2648489000960534
0.2642170865148125
0.26336670895556635
0.2622396128122686
0.26076545106230964
0.258860535851734
0.2564273982548063
0.25335559166935184
0.2495244208884644
0.24480835309702942
0.23908576662665298
0.2322512919297492
0.22423119926510723
0.21500011809259692
0.2045961002024359
0.19313019521525118
0.18078692822184605
0.1678137154652873
0.15450002596868212
0.14114999274232357
0.12805396489290727
0.11546443087702023
0.10358000652101604
0.09253867215618328
0.08241920423845542
0.07324843551483587
0.06501167884403675
0.057664061183611
0.05114119956084309
0.04536831547693146
0.04026738208521312
0.03576224317280803
0.03178187371295291
0.028262097654302376
0.025146150692934653
0.022384477623167497
0.019934102548356744
0.01775782249891403
0.015823388970696184
0.014102761177641058
0.01257146267659435
0.011207968897790778
0.009993721776597488
0.008911829220688413
0.00794770724272839
0.00708837384125095
0.006322323562848722
0.005639335104054322
0.005030332965202314
0.0044872578441903545
0.0040029429443857005
0.0035709909549835905
0.0031857250352685645
0.002842077613370958
0.0025356709456887602
0.0022621114676510228
0.002018188498043414
0.0018005924853691623
0.0016064627933625572
0.0014332811731284805
0.0012787854850987124
0.0011409486529683232
0.0010179234503942065
0.0009082547874047542
0.0008103632195577207
0.000723035610884497
0.0006452175433674476
0.0005755953250918657
0.0005130848731179115
0.0004582258085351328
0.0004088508810850042
0.0003647955343355842
0.00032548646311019927
0.00029037504268003843
0.00025905827627146946
0.00023120027011057357
0.00020629802147241518
0.00018404550010163104
0.00016423471525072472
0.0001465312276242284
0.00013073955003061312
0.00011667488443880075
0.0001040895785289147
0.00009287102607098955
0.0000828743710327649
0.00007394427199324366
0.0000659729876816801
0.00005884846199754642
0.00005251303352334787
0.000046845399160859005
0.00004181401702114888
0.000037394510173590834
0.0000332877555712608
0.000029711487048934533
0.000026506796974873503
0.000023649250818206702
0.000021076672253877266
0.000018906906960917147
0.000016795900001917445
0.000014992051375730091
0.000013367767354435962
0.000011929451610025623
0.000010649426839691258
9.496134309252529*^-6
8.389368051548449*^-6