0.1620123621191244
0.1620087733265736
0.16199622289147136
0.16197145165774068
0.16193025937068795
0.16186725895509105
0.16177557291021055
0.1616464611440886
0.16146886941019034
0.16122888873822064
0.16090911991632795
0.1604879447489668
0.1599387196966542
0.15922893051190357
0.1583193820418675
0.15716354870234495
0.15570727962786135
0.15388913460158293
0.15164170915148661
0.14889436033547082
0.14557771902809566
0.14163020333267523
0.13700636823665305
0.13168632491879617
0.12568473601652053
0.11905728928416379
0.11190242968364869
0.10435678981168048
0.09658420571786397
0.08876001079760586
0.08105373612051514
0.07361377084744264
0.06655678096524192
0.05996313592573552
0.0538779372004628
0.048316078336321996
0.04326934596641713
0.03871379616110636
0.03461621765419457
0.030939121747692953
0.02764418868805679
0.024694389073838214
0.022055112533240225
0.019694633139086447
0.01758417996424312
0.015697803045498157
0.014012153604148557
0.012506243468288623
0.011161208352431777
0.0099678704886691
0.008887775956947655
0.007930510534378536
0.007076094473362001
0.0063135602013948
0.005633087210931122
0.005025886296503628
0.004484096240944825
0.0040006906668246245
0.0035693899404800906
0.00318458573815528
0.0028412703769385658
0.0025349808262452186
0.0022617013995444276
0.0020178976324088807
0.0018003801081131919
0.0016063207125516738
0.0014331739423425116
0.001278711596718416
0.0011408937040386295
0.001017934041299014
0.0009082249386120185
0.0008103479070764733
0.0007230232871695631
0.0006451187696716423
0.0005755884153975665
0.00051343480981187
0.0004582226687208677
0.0004088481950519611
0.00036479222835004017
0.0003254839061756406
0.0002904210166175676
0.00025912217641593587
0.00023120042117637506
0.00020629209281705074
0.00018405889569698134
0.00016423049464098813
0.00014654504325352282
0.00013074423112181447
0.00011666571043270337
0.00010408880487125308
0.00009291888119642316
0.00008287363753610574
0.00007395895986077682
0.00006598191752759492
0.00005886288365239225
0.000052512760457817175
0.000046852215577132295
0.00004181355967626436
0.00003723040593518293
0.0000332831334383518
0.000029714849631414893
0.000026505001283154116
0.000023647938191062225
0.000021065513269153337
0.00001889606713538041
0.000016787909582360027
0.00001498705990068994
0.00001337198362411245
0.000011915905938597115
0.000010646832224036795
9.49266949170876*^-6
8.426848031634258*^-6