0.1314450402441739
0.1314429117054663
0.13143546770631429
0.1314207741027173
0.1313963366927004
0.13135895360029234
0.13130453185983673
0.13122786096098926
0.13112233474938786
0.13097961483367096
0.13078922609230814
0.13053808052437493
0.13020992956166755
0.12978475341742648
0.12923811516823913
0.1285405293470084
0.1276569334311149
0.12654639973943765
0.12516228634146076
0.12345308941662972
0.12136430656651023
0.11884161610698749
0.11583557218063853
0.11230775843931806
0.10823791152327897
0.10363097262769332
0.09852251982832924
0.09298084665926232
0.08710434685559496
0.08101390736572708
0.07484142317834065
0.06871675870743016
0.06275592574402564
0.05705272005027841
0.05167484347220225
0.04666422025584964
0.04204031180162725
0.037804945654264385
0.03394738677791697
0.030448827441899428
0.027285922574487715
0.02443332550892676
0.021865361768118326
0.01955704656215331
0.017484647909552162
0.01562595999563553
0.013960407558603848
0.012469043134151472
0.011134519724118688
0.009947376958618352
0.00887409691372452
0.007920737417476446
0.0070691192618952845
0.006308586544604956
0.005629546384009943
0.005023362370229824
0.004482300405802176
0.003999416511212134
0.003568479623200147
0.0031839397941207576
0.0028408103259827773
0.002534650108539386
0.002261469924778994
0.002017733103751837
0.0018002640673029419
0.0016062374632809472
0.0014331188840294223
0.0012786694058302128
0.0011408636863000452
0.0010179133353833377
0.0009082109755933434
0.0008103385335010594
0.000723014847163972
0.0006451074320326317
0.0005755828447047448
0.0005134625539900135
0.000458220733210631
0.0004088454640576239
0.0003647908640850216
0.0003254834126181997
0.0002904194523103443
0.0002591219921603574
0.00023120022847260505
0.0002062911078035979
0.00018406301111900986
0.00016422962107275144
0.00014654041346125212
0.00013074466748357324
0.00011666380182012427
0.00010408914144614371
0.00009292150702166367
0.00008287511956508317
0.00007395581725070743
0.00006597227321044427
0.00005729491450845014
0.00005251325736781223
0.00004685296192188791
0.00004181339814561389
0.000037265726832077994
0.000033284416030355174
0.00002971132600446529
0.000026502300011312964
0.00002364767557903042
0.000021068995652275127
0.000018899816491781815
0.00001675334792864307
0.000014985541032574042
0.000013372229790707196
0.000011909327986075572
0.000010648001358354547
9.495105718282378*^-6
8.422675598051304*^-6