0.5402447246726587
0.5401440625701492
0.5397923952898521
0.5390999360560922
0.5379532301478864
0.5362109008405199
0.5336996911693399
0.530211603573397
0.5255033721869247
0.5192999845491109
0.5113043595134698
0.5012153296062124
0.4887552579454417
0.4737069566347582
0.45595622020307713
0.43553222451720247
0.41263576178923594
0.3876444077461466
0.36108859809421556
0.33360053829909436
0.3058465190690091
0.2784582466802155
0.25197784738746243
0.22682527845392544
0.20328921601312885
0.18153654782469847
0.16163297074348607
0.14356757321182062
0.12727631527446331
0.11266166188553459
0.09960748461967212
0.0879894968227867
0.07768203048538475
0.0685621152277609
0.06051176599282758
0.053419206384959374
0.04717957998024114
0.041695449600678954
0.03687722974124999
0.03264351259637537
0.028921226703585528
0.025645535863316034
0.022759497745153245
0.020213491381415694
0.01796449455467506
0.015975320053420432
0.014213842325759857
0.012652300020021245
0.01126665155847685
0.010036034389740208
0.008942294082701908
0.007969589012826496
0.007104062357951002
0.006333542685161739
0.005647347521061757
0.005036054975968686
0.004491342350624079
0.004005850243173287
0.0035730890180620807
0.003187202189981086
0.002843119430322952
0.0025361796096938236
0.0022626532232727092
0.0020185595938263723
0.0018008568996672665
0.0016066581387332002
0.0014334314149733324
0.0012788815744181694
0.0011410145693713035
0.0010179997140933872
0.0009082921430287248
0.0008103902973524621
0.0007230456622791904
0.0006450115909769816
0.0005756062031161717
0.0005135571195056577
0.0004582485647931472
0.00040883800570721125
0.0003647911879923814
0.0003254856232425866
0.00029034815105238474
0.00025911946808769733
0.00023116821124228462
0.00020679859466721717
0.00018406298660111306
0.00016438089988689357
0.00014654786988359364
0.0001307395545547822
0.0001165549634755715
0.0001040917586304364
0.00009284316321014614
0.00008286625336410012
0.00007395269999146414
0.00006597363216145373
0.00005883731603257715
0.00005255186384848072
0.000046881085197354983
0.00004180575947374607
0.000037264918901896754
0.000033290856143411375
0.000029916654368187924
0.00002651424208005495
0.00002363295947019361
0.000021168253149674208
0.00001881089068595641
0.000016699026252840976
0.000014997242377888699
0.00001329735477483613
0.000011956271927110316
0.000010624197928745437
9.48118974641987*^-6
8.479542283150331*^-6