0.12867568096590387
0.1286736681524696
0.1286666288628287
0.1286527340688466
0.12862962506534617
0.1285942738112706
0.1285428093634619
0.12847030343072433
0.12837050738245281
0.1282355327999094
0.1280554682964365
0.12781792754275562
0.12750752825220946
0.1271053107384215
0.12658811969144024
0.12592799598629836
0.1250916596206507
0.12404021101398277
0.12272923472697654
0.12110954929487583
0.11912889140869228
0.1167348203434522
0.11387903456150866
0.1105230605149437
0.10664488386802465
0.1022455938251651
0.09735465270799126
0.09203222421655094
0.08636732268499084
0.08047143622922731
0.07446849087784332
0.0684830860680472
0.06262938026691453
0.0570026616154735
0.05167470743362094
0.04669295115816542
0.04208264402072515
0.03785081589635573
0.033990876937534234
0.03048699595636571
0.02731776128010268
0.024458950341375057
0.021885450651892728
0.019572486188378438
0.017496334002340852
0.01563469964538212
0.013966880033090745
0.01247380202945097
0.011137972566041526
0.009943491468676166
0.008875923544187111
0.007922053753280343
0.007070066799776735
0.006309266153994157
0.005630030151404636
0.005023711166258971
0.004482547791189211
0.003999590175595277
0.0035686072148574015
0.003184029557793094
0.0028408750596078418
0.0025347226744057275
0.002261499975553965
0.002017751546188996
0.0018002810468581753
0.001606249462784397
0.0014331099342033767
0.0012786929701936595
0.0011408683818625804
0.0010179031286806238
0.0009082147562180359
0.0008103387038373148
0.0007230063290463301
0.0006451359485334788
0.000575584963265927
0.0005133279532424884
0.0004582210113097806
0.0004089182525773452
0.0003647945383098023
0.0003254826511806777
0.0002903979857369342
0.00025911721659653737
0.00023119992960583114
0.00020629988002263933
0.00018405456776718988
0.00016422728098379173
0.00014653288611498572
0.0001307444961594271
0.0001166696442703271
0.00010408847216292666
0.00009293904156590244
0.00008287585818404223
0.00007395632747418351
0.00006597003592794926
0.000058862570224413715
0.000052510924535891716
0.000046848971244090405
0.00004181410434895549
0.000037363527124586915
0.000033288442787726844
0.000029707861767405552
0.00002650595684247528
0.00002364888763109337
0.0000210819006404135
0.000018906023889798602
0.00001678114100271694
0.000014991539754312318
0.000013371134725060494
0.000011906169887212407
0.000010649675058800213
9.497300730533907*^-6
8.45108904904305*^-6