1.2297611884623898
1.228895270310986
1.2258800405319825
1.219987349069722
1.2103565787755028
1.196018595457634
1.175952400250758
1.149182663667742
1.1149178248989216
1.072712899390708
1.0226221650140919
0.9652941177886614
0.9019663677147625
0.8343460878397487
0.7644017408802137
0.6941226411088307
0.6253077748002982
0.5594248381720296
0.49754986950886143
0.44037350374465034
0.3882492035783389
0.3412599344986318
0.29928674911410097
0.26207041963597943
0.2292628867113351
0.2004683368489919
0.1752748289349276
0.15327752997774263
0.13409453891615963
0.11737631195623172
0.10280985706336376
0.09011900647986111
0.07906209791915404
0.06942827301132512
0.0610333696165963
0.053716090953786266
0.04733482224422287
0.04176518620964746
0.03689821643127926
0.03263891390333738
0.028904978733892295
0.025625549202823523
0.022739904634693532
0.020196179792341742
0.017950087507744968
0.01596378682830079
0.014204861036431319
0.012645430496411012
0.011261505889083277
0.01003222224898118
0.008939469979979502
0.007967531828900632
0.007102556042635459
0.006332475805684001
0.005646550592143987
0.005035491880718745
0.004490938256490123
0.004005485142702877
0.003572856928991359
0.003187051435665967
0.002843024887459201
0.0025362183616855433
0.0022625901079320228
0.002018528170254274
0.0018008276243814824
0.001606641338870952
0.0014334089227292799
0.0012788787612214559
0.0011410074608258448
0.0010180123606612918
0.0009083004883571296
0.0008103937542493796
0.000723052016944349
0.0006451121247385374
0.0005756064237541575
0.0005135635418325227
0.00045823111872803237
0.00040885381052699495
0.0003648056380976084
0.0003254940204626884
0.0002904267451793595
0.00025912777968370394
0.00023120707896600603
0.00020631007660922718
0.0001840669483458886
0.0001642726550830306
0.00014655820306889037
0.00013074644476553977
0.00011664372081232659
0.00010403153150629723
0.00009277216024832012
0.00008287164793879405
0.00007393511535619228
0.00006600578092243264
0.00005883459799669094
0.00005252290691280296
0.000046873140805570345
0.00004182586609523847
0.00003728180725902046
0.00003328931749543116
0.0000297568421807722
0.000026491052551725356
0.000023650364986089778
0.00002110669731360173
0.000018764665184854144
0.000016783619449492103
0.000014979451136741218
0.000014470234277207762
0.00001195197471448278
0.000010627052627758764
9.492742860612886*^-6
8.4938067446147*^-6