2.576526218209338
2.5695931659358244
2.545765229390492
2.5005522699718368
2.4302492815862835
2.332975075961041
2.2095614231662637
2.063847195680872
1.902125844020639
1.7319160727187048
1.5605632455172147
1.3941778262938656
1.2371398728883902
1.0921035708662328
0.9602951090535423
0.8419064559437598
0.7364617570888216
0.6431048227630854
0.5608010929942153
0.4884676265018247
0.42504975166407555
0.36956125604756684
0.3211011801863741
0.2788565927125707
0.2420978331645604
0.21017059829773713
0.182487670892603
0.15852182569332207
0.1378004039914011
0.11990127431218695
0.10444953972687498
0.0911142903025784
0.07960506347303578
0.06966793862545734
0.061081607489833135
0.05365361322992071
0.04721712472950082
0.041628193040234435
0.036763370346967646
0.032517529591611485
0.028801740958668505
0.02554114770939564
0.022672877381070315
0.02014411098446927
0.017910326172470938
0.01593383031099476
0.014182542187327127
0.012628955867437501
0.011248579183827651
0.010023386656830575
0.008933076035566586
0.007962901996868128
0.007099228304018763
0.006330065481954604
0.005644855047574728
0.0050342677419515525
0.00449006188961347
0.00400493524214989
0.0035724102836888327
0.003186734662125081
0.002842800402390655
0.0025360704547800665
0.0022624601425161772
0.002018442424339694
0.0018007741890311328
0.0016065966847164492
0.0014333808280931556
0.0012788511431981143
0.0011409878902187203
0.0010180060383209355
0.0009082787559216134
0.0008103857537595471
0.0007230466599888452
0.000645125038047254
0.0005756017474429797
0.0005136069684936839
0.00045822887469317784
0.00040885107508809514
0.00036479276275699815
0.00032550640568400975
0.00029022705818353335
0.0002591376658377469
0.000231199102374524
0.0002062968470509474
0.00018405700643157367
0.0001642391547514195
0.00014654388179343112
0.00013073549356678622
0.0001166550841719023
0.00010408974145766546
0.0000928498604236925
0.00008287932629995001
0.00007392644673486112
0.00006593216129056743
0.00005896113020568781
0.00005250698233202036
0.0000468710833564875
0.00004181932178407648
0.00003741808597400103
0.00003328822433699338
0.000029713215539960065
0.000026497903180876833
0.000023650261931299796
0.000021069698467430606
0.000018812525507308373
0.000016782815576510345
0.000014988064800722788
0.00001336083420410651
0.000011933751021801602
0.000010647393134230178
9.49493818341174*^-6
8.551689183555494*^-6