0.5974665934560046
0.5973585633756118
0.5969811396432557
0.5962378907043863
0.5950068631726457
0.5931359002904983
0.5904381959909902
0.5866889021932751
0.5816240593022223
0.5749436319046108
0.5663208642250713
0.5554202526851008
0.54192576586921
0.5255791086290842
0.5062246803067686
0.48385395446303575
0.45863879474681146
0.43094280595862394
0.4013037004539692
0.3703872965835112
0.3389221839414239
0.3076293969064292
0.27716133313897595
0.24805934127869247
0.2207327697490047
0.19545679240501518
0.172383509401543
0.15156051531216877
0.13295229604175565
0.11646139181109208
0.10194759850602028
0.08924438616226846
0.07817227621031593
0.06854926660522714
0.06019860781895667
0.052954315261589974
0.046664790580607234
0.041194852056650084
0.03642642107708434
0.03225810851076509
0.02860397790829078
0.02539179254500923
0.022561044311521585
0.020061009783870716
0.017848992922673876
0.01588883372745352
0.014149692368943558
0.012605080627815887
0.011232023404344496
0.010010914921774909
0.008924105945330786
0.007956465585102714
0.007094617242615007
0.00632677118856099
0.005642501666266914
0.005032586383432659
0.0044888608164730445
0.004004082858642853
0.0035718013692971583
0.003186301075967106
0.00284248699550537
0.0025359618496049825
0.0022623181611765362
0.002018335347115912
0.0018006968108060038
0.0016065369056220008
0.001433333820376807
0.0012788228833135618
0.0011409752185026682
0.001017942320728891
0.0009082681915782395
0.0008103727408452912
0.0007230423740903256
0.0006452223486480838
0.0005755987375182573
0.0005130871950271049
0.00045822774506667954
0.000408852104104045
0.0003647964030817493
0.00032548708020808015
0.0002903754807965543
0.000259058515247392
0.00023120049128519247
0.0002062981786717781
0.0001840456113424342
0.00016423479460846743
0.0001465312829392656
0.0001307395901071872
0.0001166749155515762
0.00010408959871246338
0.00009287104028671464
0.00008287438198190973
0.000073944280181016
0.00006597299191437312
0.000058848439104430046
0.00005251301897687921
0.00004684534247751515
0.00004181402280776386
0.000037394756141266186
0.00003328775622636162
0.000029711495209492554
0.000026506797859988825
0.00002364925259154554
0.000021076654564719375
0.000018907385518757357
0.00001679585234313262
0.000014992052589628844
0.000013367762832109267
0.000011929458421126267
0.000010649429902187345
9.496139901445426*^-6
8.389056059319645*^-6