0.3803293354179973
0.3802976450190949
0.38018686058592654
0.3799683868789976
0.3796056289708312
0.3790521280514383
0.3782494187071377
0.37712466209910345
0.375588187090572
0.3735311909814299
0.3708240221354503
0.3673156883616665
0.36283548570574203
0.35719786093430106
0.350211688306554
0.3416948774933077
0.3314944343709324
0.31951066014258844
0.3057222544496172
0.2902072617776085
0.2731540082133008
0.25485730546413504
0.23569842235512836
0.2161116669637744
0.19654409197342482
0.17741625039183406
0.15909069284072208
0.14185192666721386
0.12589833381224855
0.11134420555258091
0.0982289669749993
0.08653059025039053
0.0761806745356281
0.06707932026065894
0.05910853806237293
0.052143434561919104
0.046060814776397924
0.04074515597804913
0.036092163753787945
0.03201031079422478
0.02842086904995246
0.02525696576527127
0.022462133525828737
0.019988712516531167
0.017796334757854047
0.01585060746948343
0.014122028790198504
0.012585121320033539
0.011217729037776911
0.010000558115297487
0.008916706352674627
0.007951168421560486
0.007090832587396815
0.006324065612400855
0.005640570582332132
0.0050312141595132715
0.004487886260706668
0.004003387182078936
0.0035713070603940744
0.003185948823190981
0.00284223917378105
0.002535692082684093
0.0022621887956553715
0.0020182409530349493
0.0018006287475327103
0.0016064964750000968
0.0014332853968461224
0.0012788176739978007
0.0011409569284749864
0.0010179660234354256
0.0009082594350227232
0.0008103704390818761
0.0007230288640623585
0.0006451519978255729
0.0005755963378571089
0.0005133348207397567
0.0004582267504966169
0.0004089224938416128
0.0003647974349535067
0.00032548470807108437
0.0002903994374044886
0.0002591182513389208
0.00023120066681165218
0.00020630041230233447
0.0001840549254612657
0.00016422754552571184
0.0001465330578301961
0.00013074463092874064
0.00011666978271336483
0.00010408864157723712
0.00009293981662613577
0.00008287592898057253
0.00007395662768654659
0.0000659700206872488
0.000058862435145817166
0.000052510824395116493
0.000047249765829698635
0.000041814131146681124
0.00003736490120518035
0.00003328844342093953
0.00002970799470240634
0.00002650594629714236
0.000023648902188819648
0.000021081977992439766
0.00001891101832818706
0.000016780171939115715
0.000014991559542752873
0.000013371103743286395
0.000011946678523663493
0.000010650483940395474
9.498532179436769*^-6
8.451196001455466*^-6