0.27205878513994686
0.27204563446810537
0.2719996520086965
0.2719089267814352
0.2717581529194259
0.27152778236614344
0.27119300650309924
0.2707225547331709
0.27007731308197674
0.26920879335110653
0.26805752911209113
0.2665515456391262
0.26460515282500585
0.26211844493922903
0.25897804940822183
0.25505981799047767
0.25023423426407265
0.2443752188727664
0.23737262121183356
0.22914789307775973
0.21967127055877445
0.20897750367357038
0.19717629284162866
0.18445374516695648
0.1710627152911498
0.1573025694996585
0.14349175469244219
0.12993839746652983
0.11691430399905758
0.10463632269662587
0.0932568480365015
0.08286315525657259
0.07348379721558981
0.06509959211767949
0.05765665945700922
0.051079327047532846
0.04528134832296056
0.04017457127492035
0.03567484463799166
0.03170542684713375
0.028198435376224608
0.025094953408679906
0.02234435321285567
0.01990326583715655
0.01773448055022612
0.01580593039582971
0.014089828109598936
0.012561960845958313
0.011201119823797116
0.009996470769107705
0.008908178312398835
0.00794507413679765
0.0070864809485209
0.0063209620044119
0.00563835858989486
0.005029638454959336
0.004486765851769379
0.004002589383545941
0.0035707399843455515
0.0031855454394992145
0.002841952472911468
0.002535465550291432
0.0022620458221428025
0.0020181423431372787
0.0018005539617139644
0.0016064442209237572
0.0014332616774252256
0.001278773923350204
0.0011409379777139513
0.0010179654946664684
0.0009082472776944535
0.0008103637746950592
0.0007230345575375244
0.0006451267872863366
0.0005755941027526005
0.0005134383814773023
0.0004582255383185269
0.00040885023470481867
0.0003647936764153893
0.0003254849347253449
0.0002904217678097973
0.0002591226966180643
0.00023120078979173235
0.0002062923560082307
0.00018405907553376778
0.00016423062704068372
0.00014654515129763497
0.00013074429351375287
0.00011666577386650893
0.00010408883759296502
0.00009291922059631421
0.00008287367064054108
0.0000739591329305661
0.00006597831315128771
0.00005886283078278689
0.00005251270742360528
0.00004685207607433535
0.000041813570705942365
0.0000372306110079001
0.00003328309882574864
0.000029714927423000427
0.00002650499955585615
0.000023647943107380015
0.000021065109845501207
0.000018897068907219817
0.000016788586415101905
0.000014987053148373913
0.000013371970335177415
0.000011915487875826386
0.000010646915204956324
9.492718809937401*^-6
8.428394281336929*^-6