0.3457384157517295
0.34570962696885965
0.34560898799664447
0.34541053036556446
0.3450810327570436
0.3445783415572048
0.34384944891894076
0.34282838425761414
0.3414340487372985
0.3395682348441911
0.3371142322143118
0.3339366248167921
0.32988311028701484
0.32478935799258424
0.3184879524349397
0.3108221687360752
0.3016645190638844
0.2909386004486139
0.27864096616326944
0.26485812471133013
0.24977328799340276
0.2336589541366576
0.21685485913506936
0.19973512442861047
0.18267166920624764
0.16600162702848353
0.15000445289031974
0.13489086012982104
0.12080238761447
0.10781841673017895
0.09596703673048373
0.08523681799340355
0.07558763861374682
0.06695972967005878
0.059280825332259625
0.0524716858428025
0.04645036610361465
0.04113554113541073
0.03644906864031944
0.032317852229041086
0.028675049751227692
0.025460654332054473
0.022621551039260827
0.02011120931653318
0.01788909838576361
0.01592003742181862
0.01417350502891933
0.01262297922037617
0.01124544701971449
0.01002074724944367
0.008931278117287446
0.007961688719113732
0.007098391371023322
0.006329509352493139
0.005644438771579897
0.005033989159120026
0.004489869356890375
0.0040047250572247135
0.003572316571907626
0.003186667362703852
0.0028427519400771695
0.0025360244111290956
0.0022624523039281364
0.002018430266164006
0.0018007580714261356
0.0016065919291873452
0.001433373823709213
0.0012788538285959218
0.0011409897501967862
0.0010179997802424873
0.0009082915521541915
0.0008103874066572039
0.000723047508112582
0.000645108922020157
0.0005756041487943728
0.000513561925878114
0.000458229970877183
0.00040885299517957966
0.0003648050589343882
0.0003254936090663959
0.0002904264529519796
0.0002591275721052763
0.00023120693151601338
0.0002063099718703211
0.000184066873948726
0.0001642726022330002
0.00014655816552777175
0.0001307464180987455
0.00011664370186976931
0.0001040315180783357
0.00009277215082372593
0.00008287164114919432
0.00007393511053302277
0.00006600577749560027
0.000058834595640384834
0.000052522905184676085
0.00004687313957711154
0.00004182586522247406
0.00003728180664086656
0.00003328931705527034
0.000029756841612517322
0.000026491052353386276
0.000023650364034189517
0.000021106703860305724
0.000018764642973673658
0.000016783619585943544
0.000014979451220901944
0.000014466349670962527
0.000011951975030259036
0.000010627052949223609
9.492760987451619*^-6
8.494002965774518*^-6