0.1561110346679901
0.15610771733362844
0.1560961162139101
0.15607321864869697
0.1560351420162644
0.1559769065493969
0.15589215460759193
0.1557728065070348
0.15560864284308995
0.15538680434274452
0.15509120361656975
0.154701850172215
0.15419410272344763
0.15353788382754685
0.15269692430306442
0.15162815160039966
0.15028139846088762
0.14859968235554097
0.14652037986947608
0.14397766652289534
0.1409065665619992
0.13724879986203983
0.1329602706102755
0.12801950797368572
0.12243573619065798
0.1162547457531874
0.10956066773353
0.10247235723805789
0.0951343325958266
0.08770369462199598
0.08033556024019692
0.07316981982932547
0.06632141926432417
0.05987522265211426
0.05388533892706458
0.048377950849632256
0.043356313120388526
0.03880660697139825
0.03470361618901094
0.031015568613512408
0.02770785096613264
0.024745586358093874
0.022095236943552077
0.019725469850286913
0.017607521912931128
0.015715261620366506
0.014025086672190767
0.012515745298924665
0.01116805742643175
0.009965169353579675
0.008891426865237282
0.007933143640305874
0.007077987366095651
0.006314921790837609
0.0056340637250898275
0.005026580806750867
0.004484588233365647
0.004001044227665075
0.003569640911120712
0.003184765333923065
0.0028413955174174284
0.002535186221641099
0.0022617670449923033
0.002017943787251903
0.0018004186309494886
0.0016063392850532558
0.0014331934345792317
0.0012787231585987416
0.0011409043792577178
0.0010178920018608165
0.0009082324478139006
0.0008103473513943462
0.0007230243390974867
0.0006452095258545966
0.0005755896377849677
0.0005130812999313925
0.00045822293893847357
0.0004088488427251513
0.00036479408640392047
0.00032548543456943527
0.00029037431440107693
0.00025905798029274513
0.0002311999066314895
0.00020629775886935744
0.00018404531682628537
0.000164234582474782
0.00014653113932247994
0.00013073948313701092
0.0001166748218088503
0.00010408954488977216
0.00009287100304735574
0.00008287435008284659
0.00007394425585115224
0.00006597298278634556
0.0000588485296009747
0.000052513074963875626
0.000046858871694891824
0.00004181400409886685
0.00003739391022484245
0.000033287754545244125
0.00002971146198198964
0.000026506793331716994
0.000023649245353927757
0.000021076722684446255
0.00001890589388255594
0.00001679599439840086
0.000014992047686161094
0.000013367782234036526
0.000011929432328730133
0.000010649418565866704
9.496123469424535*^-6
8.389915746727492*^-6