2.5889661800877994
2.582032375845644
2.558201809750808
2.5129836610942164
2.442672045822192
2.3453846516935397
2.2219518175576605
2.076210603556719
1.914452179135441
1.7441923974317635
1.572773086449752
1.4063003681301534
1.2491490319945828
1.1039669673672257
0.9719729835529692
0.8533506184434926
0.7476147130579474
0.6538992937578969
0.5711602281433722
0.49830626784163257
0.4342771343646127
0.3780854458139628
0.3288353242657414
0.28572666450566897
0.24805102933728945
0.21518304142272796
0.18656979861256023
0.1617200134723566
0.14019404310570396
0.12159555847928694
0.10556521175327416
0.09177629338872709
0.07993208170013977
0.06976442138428357
0.06103302509001354
0.05352502690865457
0.04705439416933448
0.04146090588414937
0.03660854050506097
0.03238327303768965
0.02869042616802674
0.025451812292462076
0.022602920342230534
0.020090351491275374
0.017869623448078784
0.015903378361118173
0.014159967340587113
0.012612353168343497
0.011237222911832637
0.010014486306334502
0.00892669363559722
0.00795830092504652
0.00709592139803335
0.006327693061698024
0.005643154920933761
0.005033052176495712
0.004489193899087142
0.004004318521563297
0.003571968724832886
0.003186419393303
0.0028425725779969192
0.002535960400981703
0.0022623602364191353
0.002018364278112165
0.0018007132583617912
0.0016065543606462974
0.001433347261422384
0.0012788303713972197
0.0011409792282089978
0.0010179696426366102
0.0009082689251634192
0.0008103778287592623
0.0007230287647599294
0.0006451804538561922
0.0005755993496251857
0.0005132358871604895
0.00045822815927656435
0.0004089649026365325
0.0003648020738804802
0.0003254836776814676
0.0002903913473072286
0.00025911473178865014
0.00023120091376561773
0.00020629512395256948
0.000184048690363575
0.00016423059084786024
0.0001465330188039635
0.00013074421703568713
0.0001166716559134934
0.0001040877524772099
0.00009287337638193822
0.00008287215667182302
0.0000739938831089992
0.00006596365710841905
0.000058860003499366137
0.00005250603064622227
0.0000468554598493202
0.000041812209343801726
0.00003738364769617899
0.00003328859489725911
0.000029711285569914392
0.000026507623479167507
0.000023648652002690137
0.000021086635502805478
0.00001890028502981791
0.000016790942990689007
0.000014991331761687908
0.000013373110499541792
0.000011923113528298593
0.000010648158933318517
9.02349711360163*^-6
8.448723666836021*^-6