1.2643521081291094
1.2634832883616733
1.2604579131217168
1.254545205583608
1.244881174989744
1.2304923819523221
1.2103523700394117
1.183478941509691
1.1490719632526583
1.1066758555284153
1.0563319549357058
0.9986731813340202
0.934918743133986
0.8667545907815042
0.7961254767518671
0.7249953498661025
0.6551376901073461
0.5879968978660041
0.5246311577952092
0.46572264081092873
0.411629923798237
0.3624582858261092
0.31813031233416
0.2784469621711434
0.24313530947851228
0.21188296021234243
0.18436106888532994
0.16023859651513547
0.1391904851139382
0.1209021007786337
0.10507178730787932
0.09141277873684811
0.07965513384103534
0.06954786360208809
0.060861082346709595
0.053387839672902886
0.046945270917006135
0.04137480105228583
0.036541311544747775
0.03233137246852106
0.02865079803261705
0.025421860636040454
0.022580487121261438
0.020073682992339838
0.017857323879835414
0.015894356875965042
0.014153384797710458
0.01260757259607202
0.0112337879071296
0.010012033114840986
0.0089248982153667
0.007957011531348174
0.007094997259009026
0.006327032065591734
0.005642682402896214
0.005032716881112001
0.004488955160306401
0.004004147267557118
0.0035718474174778994
0.003186332456454966
0.0028425121211631986
0.002535886033273817
0.0022623265996592912
0.0020183388571238066
0.0018006983004876984
0.00160654588468316
0.0014333204957804827
0.0012788426078932896
0.001140974639103971
0.0010179786038378982
0.0009082683712253853
0.0008103767866639871
0.0007230333728058524
0.0006451552009516174
0.0005755986128169375
0.0005133363905899979
0.0004582278983474688
0.00040892331254115794
0.0003647980141197873
0.0003254851194675429
0.0002903997295526633
0.00025911845888159106
0.000231200814261548
0.00020630051713697539
0.00018405499957999772
0.00016422759839246722
0.00014653309491039678
0.00013074465762989262
0.00011666980275607548
0.00010408865500536224
0.00009293987406690979
0.00008287593716590846
0.000073956650807018
0.00006597002234337758
0.000058862423232901647
0.000052510816360246795
0.00004692358123196316
0.000041814134647619406
0.00003736505807712662
0.000033288443825794825
0.000029708007206109005
0.000026505945112755484
0.000023648903186333735
0.00002108195844467183
0.00001891202021034659
0.000016780129153036964
0.000014991560801406761
0.000013371101625439253
0.000011946698364670987
0.000010650485849988413
9.498534464746555*^-6
8.453566582345648*^-6