0.3830986947833591
0.3830668886591641
0.382955699516417
0.3827364269997391
0.3823723406848327
0.38181680792676365
0.38101114128931185
0.379882219620663
0.378340014448845
0.37627527291874446
0.3735577798369825
0.37003584133842127
0.3655378870152868
0.35987730361330617
0.35286168378335303
0.3443074108540177
0.3340597081813967
0.32201684886804327
0.30815530606410135
0.2925508018993625
0.2753894233711187
0.2569641012276703
0.2376549599742582
0.21789636488814873
0.19813711962867914
0.1788016291943623
0.1602585599610601
0.14280054910992523
0.12663535798285264
0.11188667668908069
0.09860189927549663
0.08676426288977349
0.07630722001234255
0.06712937869546387
0.05910867408422295
0.05211470365960333
0.0460184825573
0.04069928573595695
0.03604867359417086
0.03197214227975885
0.0283890303443375
0.025231340932824205
0.022442044642054338
0.019973272890306044
0.01778464866506365
0.015841867819301594
0.014115556316920247
0.01258036242268036
0.011214276195854073
0.009998056744073752
0.008914879722212036
0.007949852085755015
0.0070898850495157905
0.00632338600301094
0.00564008681981309
0.005030865361074241
0.004487638875318625
0.004003213525735779
0.0035711794668546095
0.0031858590595061145
0.0028421744382373633
0.0025356195168126133
0.0022621587448168994
0.002018222510933046
0.001800611764811587
0.0016064844754970122
0.0014332943455904286
0.0012787940579167601
0.0011409522325556028
0.0010179762453475737
0.0009082556443894425
0.0008103702688473257
0.0007230373911193519
0.0006451234795120474
0.000575594209943977
0.0005134694168451692
0.0004582264699675902
0.0004088495426866523
0.000364793760605496
0.0003254854701930921
0.0002904209738814313
0.0002591230381873474
0.00023120098137126703
0.00020629164055004223
0.00018406339371461098
0.00016422988626192038
0.0001465406350185219
0.00013074478884712116
0.00011666394193061852
0.00010408920603603083
0.00009292243882154478
0.0000828752491631798
0.00007395728392580909
0.00006597128200607727
0.00005723860434513675
0.00005251311638194629
0.000046852653801979954
0.000041813417456508666
0.00003726282638169176
0.00003328432989322519
0.00002971149378716153
0.0000265022951932846
0.000023647681045029913
0.00002106839470219517
0.000018901695034542436
0.0000167885709389861
0.000014985600254983728
0.000013372218472256284
0.000011916348433189427
0.000010648012722245177
9.49534712467601*^-6
8.428243098652602*^-6