0.25058532546102863
0.25057351790820603
0.25053223211172937
0.2504507750989827
0.2503154082734724
0.2501085891462842
0.2498080613791455
0.24938578362019875
0.24880670178511952
0.24802739503842242
0.2469946680265671
0.24564422687784526
0.24389966920480016
0.24167213950499003
0.238861140862769
0.23535712143581358
0.2310465091341118
0.2258197548985073
0.21958255011529015
0.21226962688616402
0.20385947834706736
0.19438722320425877
0.1839521951931659
0.1727172322282763
0.16089832494253167
0.14874585635148707
0.13652109969856918
0.1244728552086774
0.11281857189981984
0.1017324265537252
0.09134072468270446
0.08172320680756778
0.07291832172414911
0.06493036818011061
0.057737353364719184
0.05129819168087916
0.04555946625002556
0.040460947562549046
0.03594010434252723
0.03193552308269664
0.028389253995444442
0.025248106996590473
0.022464286795906084
0.01999543537013918
0.017804264729172528
0.015858144849579554
0.014128537107728921
0.012590423182118773
0.01122029411901043
0.010003797876837688
0.008919119982934947
0.007952968490580067
0.007092146622048097
0.006325031927216265
0.005641282573863674
0.0050317216116298035
0.004488104798065226
0.004003645335571392
0.0035714959355579168
0.003186083448843512
0.002842335346706191
0.0025357349499348313
0.002262240470375946
0.002018280333593093
0.0018006558960251638
0.0016065124946014432
0.001433319835649845
0.001278808931239698
0.0011409518205867052
0.0010179839488493238
0.0009082622089690834
0.0008103739197508956
0.0007230391024584946
0.0006451176594934438
0.0005755948237570872
0.0005135716160977034
0.00045822729266911335
0.00040885854843187766
0.00036479370278225793
0.0003255229966924591
0.0002905200275865121
0.0002591481520691977
0.00023119952889806203
0.0002063390329114332
0.00018406240252952862
0.00016424236741425014
0.00014655444148700832
0.00013075848482717978
0.00011666060529371661
0.0001040667919460754
0.00009283010326282065
0.0000828717293619842
0.00007390737157137714
0.00006591649821478365
0.00005882827761719129
0.00005252547422138711
0.0000468763024211033
0.0000418184205359468
0.00003742867064668042
0.000033290294890751535
0.000029727067986098757
0.000026498552189181596
0.00002365080263091751
0.000021089865589887806
0.000018809400325020918
0.000016793286002922994
0.000015068382876494187
0.000013352783603403895
0.000011932110749969295
0.000010642695481484358
9.498746662808823*^-6
8.473476128170993*^-6