0.193967692063318
0.19396179849764628
0.19394118914893238
0.193900517014304
0.19383289844028645
0.1937295183638476
0.19357914731520287
0.1933675572234985
0.19307682552198102
0.1926845231644496
0.19216279416462656
0.1914773552116854
0.19058647764065995
0.18944006469172298
0.1879790076802535
0.18613509467174844
0.1838318450812163
0.1809867284145356
0.17751524808238967
0.17333726151745849
0.16838558662858813
0.16261636506835261
0.15601986746093474
0.14862965035293446
0.14052758156154602
0.13184262489761642
0.12274255226603036
0.11341960259499032
0.10407280027945749
0.09489043966964317
0.08603585178517045
0.07763827915358831
0.06978921139157748
0.06254335991631783
0.05592293412230351
0.049923756010337814
0.04452203631522023
0.0396808878029368
0.03535597970985335
0.03150002194752033
0.028065996344913843
0.025009233152880322
0.022288541602646202
0.019866666360615008
0.01771029208050478
0.015789817237247032
0.014079013974034943
0.012554649360262083
0.011195735900224973
0.009985236058802189
0.008905831279721424
0.00794344956948832
0.007085351773649679
0.006320174262748064
0.005637837732010128
0.005029250721543647
0.004486468903463335
0.004002397153820739
0.0035706047431244034
0.003185450843129903
0.002841865765101211
0.002535417930776481
0.0022620269375602693
0.002018118556207783
0.0018005342032836494
0.0016064328829713487
0.0014332647806242942
0.0012787681317769652
0.0011409317474049665
0.0010179592771306627
0.0009082472399792043
0.0008103635395670973
0.0007230333311931564
0.0006451159105073849
0.0005755940775791894
0.0005125724596338809
0.0004582246639070679
0.00040884572881455566
0.0003647957093563151
0.0003254951155459248
0.0002902974493743675
0.0002591307541962766
0.000231199678843105
0.0002063048916772883
0.00018403649275388923
0.00016423492781315722
0.00014656218841960615
0.00013076650881336155
0.00011665851787196011
0.00010408963672578795
0.00009285677735056817
0.00008287469075188252
0.00007393230579379131
0.00006595691882333625
0.00005892924645678044
0.0000525128675541966
0.00004686475339936644
0.000041817093546533004
0.00003737405001499352
0.00003328825581366316
0.000029708673569687352
0.000026500534615843112
0.000023646707546996623
0.000021073738274684245
0.00001891473494069339
0.000016790360237510327
0.000014987679364085521
0.00001336537087391751
0.000011932371233048368
0.00001065491702492645
9.499615794728962*^-6
8.519519606033379*^-6