0.3704420029946961
0.37041084832767446
0.3703019373368924
0.3700871609627492
0.3697305503619554
0.36918644881437135
0.36839741328922926
0.3672919013799753
0.3657818767707925
0.3637605855243038
0.3611009251010041
0.35765504776881385
0.3532560877943352
0.3477231156297922
0.34087048253006424
0.3325224455387848
0.32253315539488825
0.3108106403312938
0.29734148834369317
0.28221110343790945
0.26561363941313076
0.2478468992035049
0.22929080948462743
0.21037255954312833
0.19152530241599697
0.17314880481948897
0.1555791207352163
0.1390711179126952
0.12379403293267607
0.1098374641477991
0.09722391813629952
0.0859240671309772
0.07587181733867543
0.06697746826655357
0.0591383476562526
0.0522469306351828
0.04619682024928275
0.04088694269777093
0.03622425828786778
0.03212523535403829
0.02851631671966781
0.02533362799493321
0.02252218563550533
0.020034861413939654
0.01783127203551435
0.01587674398927784
0.014141397813154344
0.012599363617717681
0.011227745663474948
0.010008124205338982
0.008922179619983895
0.007955115574457315
0.007093669585207443
0.006326100599605198
0.005642057635109367
0.005032254040130395
0.004488605496217797
0.00400391664025399
0.0035716850691608864
0.003186218769101846
0.0028424115352751753
0.0025358057613424903
0.00226230250563373
0.0020183143417879788
0.0018006732964066948
0.0016065316951037226
0.00143333497457181
0.0012788179947130118
0.0011409671673535036
0.0010179844372278186
0.000908265111966201
0.0008103762345146964
0.0007230423487223833
0.0006451223158684099
0.0005755986274559714
0.0005125754726390495
0.00045822741337670484
0.000408847359501311
0.00036479686767554927
0.0003254959383531059
0.0002902980330701093
0.00025913116936543315
0.00023119997374237733
0.00020630510144072482
0.0001840366409651579
0.00016423503352343063
0.00014656226353938076
0.0001307665969289753
0.00011665855460040256
0.00010408966363720216
0.0000928567956184113
0.00008287470549178257
0.00007393231563950067
0.0000659569203892955
0.000058929368239505035
0.00005251287099794684
0.000046864755863315884
0.000041817102492626036
0.000037374186070679445
0.000033288256697834915
0.000029708685236059386
0.000026500534940494716
0.000023646707811260263
0.0000210737164374792
0.000018915361743596115
0.00001679035771900359
0.000014987679436702112
0.000013365363437965963
0.000011932380232008972
0.00001065492537576286
9.499580393876538*^-6
8.520184685246347*^-6