0.5974665934560046
0.5973585633756118
0.5969811396432557
0.5962378907043863
0.5950068631726457
0.5931359002904983
0.5904381959909902
0.5866889021932751
0.5816240593022223
0.5749436319046108
0.5663208642250713
0.5554202526851006
0.54192576586921
0.5255791086290842
0.5062246803067686
0.48385395446303575
0.45863879474681146
0.43094280595862394
0.4013037004539692
0.3703872965835112
0.3389221839414239
0.3076293969064292
0.27716133313897595
0.2480593412786925
0.2207327697490047
0.19545679240501518
0.172383509401543
0.15156051531216877
0.13295229604175565
0.11646139181109208
0.10194759850602028
0.08924438616226846
0.07817227621031593
0.06854926660522714
0.06019860781895667
0.052954315261589974
0.046664790580607234
0.04119485205665008
0.036426421077084346
0.032258108510765104
0.02860397790829078
0.025391792545009232
0.022561044311521585
0.020061009783870713
0.017848992922673876
0.01588883372745352
0.014149692368943558
0.012605080627815887
0.011232023404344496
0.010010914921774909
0.008924105945330786
0.007956465585102712
0.007094617242615006
0.00632677118856099
0.005642501666266914
0.005032586383432659
0.0044888608164730445
0.004004082858642853
0.0035718013692971583
0.0031863010759671066
0.0028424869955053695
0.0025359618496049825
0.0022623181611765362
0.002018335347115912
0.0018006968108060036
0.001606536905622001
0.001433333820376807
0.0012788228833135618
0.0011409752185026685
0.0010179423207288907
0.0009082681915782395
0.0008103727408452914
0.0007230423740903256
0.0006452223486480837
0.0005755987375182573
0.0005130871950271049
0.00045822774506667954
0.00040885210410404507
0.0003647964030817493
0.00032548708020808015
0.0002903754807965543
0.000259058515247392
0.00023120049128519247
0.00020629817867177805
0.0001840456113424342
0.00016423479460846743
0.00014653128293926556
0.00013073959010718718
0.00011667491555157618
0.00010408959871246338
0.00009287104028671464
0.00008287438198190973
0.00007394428018101602
0.00006597299191437312
0.00005884843910443004
0.0000525130189768792
0.00004684534247751514
0.00004181402280776386
0.00003739475614126618
0.00003328775622636162
0.000029711495209492557
0.000026506797859988828
0.000023649252591545533
0.00002107665456471937
0.00001890738551875736
0.00001679585234313262
0.000014992052589628844
0.000013367762832109269
0.000011929458421126269
0.000010649429902187345
9.496139901445424*^-6
8.389056059319645*^-6