2.5932303537520536
2.586296364078944
2.56246514950745
2.5172457209182633
2.446931977202257
2.3496413277026007
2.2262037557733247
2.0804558696974946
1.9186882672770735
1.7484160821564392
1.5769802419583578
1.4104857495220047
1.2533060141873218
1.1080872405472928
0.9760462068001624
0.8573640404296078
0.7515527813601371
0.6577432899762027
0.5748879902416281
0.5018920900092235
0.4376919667687025
0.38129754249376785
0.3318114919152557
0.28843422690109133
0.2504605170369071
0.21727143302872218
0.18832389722552595
0.16313930862457465
0.14129229815777117
0.12240049149343715
0.10611604366129723
0.0921195200214429
0.08011635757156099
0.06983568275200899
0.06103081823293249
0.05348054291116111
0.04699017066422653
0.04139176312441861
0.036543173210894064
0.032325985371300825
0.028642672615010915
0.025413391357127873
0.022572803670567385
0.020067205365493695
0.017852103721478177
0.015890275105111887
0.014150262638990063
0.012605218680614656
0.011232058949936938
0.01001076279697089
0.008923954382352677
0.007956325651354165
0.007094499562930323
0.006326673134769585
0.005642424059775379
0.0050325307361922846
0.004488823491483442
0.004004052435432727
0.0035717778342755978
0.0031862847413010225
0.002842477784574901
0.00253583546208327
0.002262311390492362
0.0020183309734527165
0.0018006884996357834
0.0016065392619514264
0.0014333323424549989
0.001278821743293536
0.001140971842236866
0.001017990101218307
0.0009082649681920732
0.0008103766595905818
0.0007230427598560352
0.0006451280854694878
0.0005755965789057505
0.000513463975259763
0.0004582277398661741
0.0004088505071555241
0.0003647944812120151
0.00032548568216331686
0.00029042195086801287
0.0002591229714562293
0.00023120111104320458
0.0002062921600636246
0.00018406384841749987
0.00016423003491889126
0.00014654146056114123
0.00013074439475468708
0.00011666426713167064
0.00010408910010309014
0.0000929223707923827
0.00008287493368477002
0.00007395807457773892
0.0000659738065093143
0.0000572132531611965
0.00005251323893141935
0.000046863434031668335
0.000041812945970035186
0.00003724778150978787
0.000033283707857356666
0.000029712098017839948
0.000026504828749764258
0.000023647679741370212
0.0000210658760380641
0.000018899748076574946
0.000016787642912366702
0.000014985613632084473
0.000013371921275459028
0.000011915602584161942
0.000010647745453791484
9.494281442311885*^-6
8.428816986167787*^-6