1.2671214674945268
1.266252532001798
1.263226752052263
1.2573132457044056
1.2476478867038028
1.2332570618277061
1.2131140926216464
1.1862364990313143
1.1518237906109992
1.109419937465729
1.0590657126372371
1.0013933343107748
0.9376211444435304
0.869434033460509
0.7987754722286655
0.7276078832268125
0.6577029639178101
0.590503086591459
0.5270642094096932
0.46806618093268265
0.4138653389560548
0.3645650815896445
0.32008684995328973
0.28023166009551764
0.24472833713376654
0.21326833901487066
0.18552893600566794
0.16118721895784685
0.13992750928454228
0.12144457191513346
0.10544471960837667
0.09164645137623106
0.07978167931779498
0.06959792203689301
0.06086121836855961
0.05335910877058711
0.04690293869790822
0.041328930810193606
0.03649782138513073
0.03229320395405515
0.028618959327002088
0.025396235803593244
0.022560398237487036
0.02005824336611471
0.017845637787045017
0.01588561722578316
0.014146912324434692
0.01260281369871643
0.011230335065206763
0.010009531743974894
0.008923071584904112
0.007955695195542706
0.0070940497211280035
0.006326352456201813
0.005642198640392286
0.005032368082656035
0.004488707774918351
0.004003973611249401
0.0035717198239376084
0.0031862431324682205
0.002842447385612003
0.00253581346740233
0.0022622965488207497
0.0020183204150227107
0.0018006813177506586
0.0016065338887062861
0.0014333294445217307
0.0012788189905449537
0.0011409699431830392
0.0010179888259603362
0.0009082645804762598
0.0008103766164386571
0.0007230418999613317
0.0006451266826268591
0.0005755964847635419
0.0005134709866077488
0.00045822761781845695
0.00040885035805265376
0.000364794339772886
0.00032548588159932157
0.00029042126733331414
0.0002591232458577613
0.00023120112882109935
0.00020629174538582708
0.0001840634683646502
0.000164229939147581
0.00014654067305431168
0.000130744815073561
0.00011666396202179833
0.00010408921944557197
0.00009292250309856871
0.00008287525966087575
0.00007395731393952624
0.00006597129567291967
0.00005723040450658926
0.00005251310715934737
0.00004685262089583063
0.00004181342084126135
0.000037263007671157165
0.00003328432538348921
0.00002971150773376151
0.00002650229457310333
0.000023647681913131213
0.000021068299832468514
0.000018901997544218348
0.000016788526421262358
0.000014985597889735638
0.000013372216524998984
0.000011916180146251156
0.0000106480122592617
9.495345322464896*^-6
8.42871628009824*^-6