0.2661574576887491
0.26614457847509676
0.26609954533107183
0.266010693772328
0.26586303556493895
0.26563742996038575
0.265309588200417
0.26484890009605333
0.2642170865148125
0.26336670895556635
0.26223961281226854
0.26076545106230964
0.25886053585173396
0.25642739825480626
0.25335559166935184
0.24952442088846438
0.2448083530970293
0.23908576662665298
0.23225129192974914
0.22423119926510723
0.2150001180925969
0.20459610020243585
0.19313019521525115
0.18078692822184603
0.16781371546528728
0.15450002596868212
0.14114999274232354
0.12805396489290727
0.11546443087702023
0.10358000652101604
0.09253867215618328
0.08241920423845542
0.07324843551483587
0.06501167884403672
0.05766406118361101
0.05114119956084309
0.04536831547693146
0.04026738208521312
0.03576224317280802
0.03178187371295291
0.02826209765430237
0.025146150692934653
0.0223844776231675
0.019934102548356744
0.01775782249891403
0.015823388970696184
0.014102761177641058
0.01257146267659435
0.011207968897790778
0.009993721776597488
0.008911829220688413
0.00794770724272839
0.0070883738412509485
0.006322323562848722
0.005639335104054322
0.005030332965202314
0.0044872578441903545
0.0040029429443857005
0.00357099095498359
0.003185725035268565
0.0028420776133709583
0.0025356709456887602
0.0022621114676510228
0.0020181884980434136
0.0018005924853691621
0.0016064627933625574
0.001433281173128481
0.0012787854850987124
0.0011409486529683232
0.0010179234503942063
0.0009082547874047543
0.0008103632195577206
0.000723035610884497
0.0006452175433674475
0.0005755953250918657
0.0005130848731179115
0.00045822580853513293
0.0004088508810850042
0.00036479553433558425
0.0003254864631101992
0.00029037504268003843
0.0002590582762714695
0.0002312002701105736
0.00020629802147241518
0.00018404550010163104
0.00016423471525072472
0.00014653122762422842
0.00013073955003061315
0.00011667488443880078
0.00010408957852891471
0.00009287102607098954
0.0000828743710327649
0.00007394427199324366
0.0000659729876816801
0.00005884846199754643
0.000052513033523347865
0.00004684539916085901
0.000041814017021148884
0.000037394510173590834
0.0000332877555712608
0.000029711487048934533
0.000026506796974873503
0.000023649250818206702
0.000021076672253877266
0.000018906906960917147
0.000016795900001917445
0.000014992051375730088
0.000013367767354435962
0.000011929451610025623
0.000010649426839691258
9.49613430925253*^-6
8.389368051548447*^-6