0.193967692063318
0.19396179849764628
0.19394118914893238
0.193900517014304
0.19383289844028645
0.1937295183638476
0.19357914731520287
0.19336755722349852
0.19307682552198102
0.1926845231644496
0.1921627941646266
0.1914773552116854
0.19058647764065995
0.18944006469172298
0.1879790076802535
0.18613509467174844
0.1838318450812163
0.1809867284145356
0.1775152480823897
0.17333726151745849
0.16838558662858816
0.16261636506835264
0.15601986746093474
0.14862965035293446
0.14052758156154604
0.13184262489761642
0.12274255226603036
0.11341960259499032
0.1040728002794575
0.09489043966964317
0.08603585178517045
0.07763827915358831
0.06978921139157747
0.06254335991631783
0.0559229341223035
0.049923756010337814
0.04452203631522023
0.0396808878029368
0.03535597970985335
0.03150002194752033
0.028065996344913843
0.025009233152880322
0.022288541602646202
0.019866666360615008
0.01771029208050478
0.015789817237247032
0.014079013974034939
0.012554649360262083
0.011195735900224973
0.009985236058802189
0.008905831279721424
0.007943449569488321
0.007085351773649679
0.006320174262748064
0.005637837732010128
0.005029250721543647
0.004486468903463335
0.004002397153820739
0.0035706047431244034
0.0031854508431299025
0.002841865765101211
0.002535417930776481
0.0022620269375602693
0.002018118556207783
0.0018005342032836491
0.0016064328829713485
0.0014332647806242942
0.0012787681317769654
0.0011409317474049665
0.0010179592771306625
0.0009082472399792043
0.0008103635395670973
0.0007230333311931564
0.0006451159105073849
0.0005755940775791894
0.0005125724596338807
0.00045822466390706796
0.00040884572881455566
0.00036479570935631507
0.0003254951155459248
0.0002902974493743675
0.0002591307541962766
0.00023119967884310504
0.0002063048916772883
0.00018403649275388923
0.00016423492781315722
0.00014656218841960615
0.00013076650881336155
0.00011665851787196011
0.00010408963672578794
0.00009285677735056816
0.00008287469075188251
0.00007393230579379133
0.00006595691882333625
0.000058929246456780424
0.0000525128675541966
0.00004686475339936644
0.000041817093546533
0.00003737405001499352
0.00003328825581366316
0.00002970867356968735
0.00002650053461584312
0.000023646707546996626
0.000021073738274684245
0.00001891473494069339
0.000016790360237510327
0.000014987679364085521
0.00001336537087391751
0.000011932371233048368
0.000010654917024926448
9.499615794728962*^-6
8.51951960603338*^-6