0.25058532546102863
0.250573517908206
0.2505322321117293
0.2504507750989827
0.2503154082734724
0.2501085891462842
0.2498080613791455
0.24938578362019873
0.24880670178511952
0.24802739503842242
0.2469946680265671
0.2456442268778452
0.24389966920480016
0.24167213950499003
0.238861140862769
0.23535712143581355
0.23104650913411176
0.2258197548985073
0.2195825501152901
0.212269626886164
0.20385947834706736
0.19438722320425877
0.1839521951931659
0.1727172322282763
0.16089832494253167
0.14874585635148707
0.13652109969856918
0.1244728552086774
0.11281857189981982
0.1017324265537252
0.09134072468270446
0.08172320680756778
0.07291832172414911
0.06493036818011061
0.05773735336471919
0.05129819168087916
0.04555946625002556
0.040460947562549046
0.03594010434252723
0.03193552308269664
0.028389253995444442
0.025248106996590473
0.022464286795906088
0.01999543537013918
0.017804264729172528
0.015858144849579554
0.014128537107728921
0.012590423182118771
0.011220294119010429
0.010003797876837688
0.008919119982934945
0.007952968490580067
0.007092146622048096
0.006325031927216265
0.005641282573863674
0.0050317216116298035
0.004488104798065226
0.004003645335571392
0.0035714959355579168
0.003186083448843512
0.002842335346706191
0.0025357349499348313
0.002262240470375946
0.0020182803335930923
0.0018006558960251635
0.001606512494601443
0.001433319835649845
0.001278808931239698
0.0011409518205867052
0.0010179839488493238
0.0009082622089690833
0.0008103739197508956
0.0007230391024584946
0.0006451176594934438
0.0005755948237570871
0.0005135716160977033
0.00045822729266911335
0.00040885854843187766
0.00036479370278225793
0.0003255229966924591
0.00029052002758651207
0.00025914815206919757
0.000231199528898062
0.00020633903291143323
0.0001840624025295286
0.0001642423674142501
0.0001465544414870083
0.00013075848482717978
0.00011666060529371658
0.0001040667919460754
0.00009283010326282066
0.0000828717293619842
0.00007390737157137715
0.00006591649821478365
0.000058828277617191286
0.00005252547422138712
0.00004687630242110331
0.0000418184205359468
0.00003742867064668042
0.000033290294890751535
0.000029727067986098754
0.000026498552189181593
0.00002365080263091751
0.00002108986558988781
0.000018809400325020918
0.000016793286002922994
0.000015068382876494187
0.000013352783603403897
0.000011932110749969295
0.000010642695481484358
9.498746662808824*^-6
8.473476128170993*^-6