2.5918670124378247
2.584933078396721
2.561102058379917
2.5158830138035353
2.4455699087048863
2.348280236015911
2.2248440858675282
2.079098202344906
1.9173333551915361
1.7470648947002725
1.5756340200025176
1.4091460719823532
1.251974878152663
1.10676715508187
0.9747403007923344
0.8560761828148166
0.750287707659351
0.6565067254418523
0.5736867524067096
0.5007341444143969
0.4365863990485156
0.38025439999334126
0.330841442794818
0.28754799101823303
0.2496680492043999
0.2165808923128717
0.18774051449800816
0.16266435153660574
0.14092239201020126
0.12212754084059704
0.10592788442202943
0.09200123413569086
0.08005197615712864
0.06980988548138135
0.061030265127684794
0.05349462870799475
0.047011190458231496
0.041414630095413844
0.0365648915650781
0.032345062518897155
0.028658592819390635
0.025426207012917205
0.022582851438264565
0.020074927830337076
0.017857948674261444
0.01589464647612592
0.014153499112662936
0.012607600597702716
0.01123378796617527
0.010021631206623922
0.00892486781330136
0.007956983992318117
0.00709497326279471
0.006327012872978648
0.005642667360788619
0.005032705205900859
0.004488947287510295
0.0040041409670137276
0.0035718430428777316
0.0031863294650032797
0.002842509738704554
0.0025358690609351984
0.0022623264047325316
0.0020183418178476905
0.001800695608307566
0.0016065452513953581
0.0014333267054424596
0.0012788251904319163
0.0011409742979456915
0.0010179844678876184
0.0009082732799964198
0.0008103782967715754
0.0007230352250220007
0.0006451401376745785
0.000575599142701244
0.0005134016807412129
0.0004582278745866754
0.00040889709982935255
0.00036479526646544065
0.00032548618840476807
0.00029043158699267805
0.00025912088721950533
0.00023120098389304872
0.00020629685998828183
0.0001840580908382752
0.00016422725557302363
0.0001465436214975356
0.00013074362708483973
0.00011666854605754398
0.00010408894756346873
0.00009292835510231885
0.00008287594225634244
0.00007396081577612921
0.00006596995364439265
0.0000588669211913156
0.00005251051720320142
0.00004685670749885749
0.00004181280772057048
0.00003732877909236494
0.000033288942140208314
0.00002971153421122692
0.000026507093323594812
0.000023648333372008077
0.000021092394344561922
0.000018905431522212843
0.00001678077988963538
0.00001498870828888986
0.000013372045841733233
0.000011912520609356491
0.000010649379030812419
9.49049896754186*^-6
8.429759389224199*^-6