0.37044200299469604
0.3704108483276744
0.37030193733689226
0.3700871609627492
0.3697305503619554
0.36918644881437124
0.36839741328922915
0.36729190137997525
0.36578187677079244
0.3637605855243036
0.361100925101004
0.3576550477688138
0.35325608779433515
0.347723115629792
0.3408704825300641
0.3325224455387848
0.3225331553948881
0.31081064033129374
0.29734148834369317
0.2822111034379094
0.26561363941313076
0.2478468992035049
0.22929080948462743
0.21037255954312833
0.19152530241599694
0.17314880481948894
0.1555791207352163
0.1390711179126952
0.12379403293267607
0.1098374641477991
0.0972239181362995
0.0859240671309772
0.07587181733867543
0.06697746826655357
0.0591383476562526
0.052246930635182806
0.04619682024928275
0.04088694269777093
0.03622425828786779
0.03212523535403829
0.02851631671966781
0.02533362799493321
0.02252218563550533
0.02003486141393965
0.01783127203551435
0.01587674398927784
0.014141397813154344
0.01259936361771768
0.011227745663474948
0.010008124205338982
0.008922179619983893
0.007955115574457315
0.007093669585207443
0.006326100599605198
0.005642057635109367
0.005032254040130395
0.004488605496217797
0.00400391664025399
0.0035716850691608864
0.003186218769101846
0.002842411535275176
0.0025358057613424903
0.00226230250563373
0.0020183143417879788
0.0018006732964066948
0.0016065316951037226
0.00143333497457181
0.0012788179947130118
0.0011409671673535036
0.0010179844372278186
0.000908265111966201
0.0008103762345146964
0.0007230423487223832
0.0006451223158684099
0.0005755986274559714
0.0005125754726390495
0.0004582274133767049
0.000408847359501311
0.00036479686767554927
0.0003254959383531059
0.0002902980330701093
0.00025913116936543315
0.0002311999737423773
0.0002063051014407248
0.00018403664096515793
0.0001642350335234306
0.00014656226353938076
0.00013076659692897529
0.00011665855460040257
0.00010408966363720216
0.00009285679561841129
0.00008287470549178255
0.00007393231563950067
0.00006595692038929552
0.00005892936823950504
0.00005251287099794685
0.000046864755863315884
0.000041817102492626036
0.00003737418607067945
0.00003328825669783491
0.00002970868523605939
0.00002650053494049472
0.00002364670781126026
0.0000210737164374792
0.000018915361743596115
0.000016790357719003585
0.000014987679436702113
0.00001336536343796596
0.00001193238023200897
0.000010654925375762859
9.499580393876536*^-6
8.520184685246349*^-6