0.15611103466799015
0.1561077173336285
0.1560961162139102
0.156073218648697
0.15603514201626448
0.1559769065493969
0.15589215460759198
0.15577280650703482
0.15560864284309
0.15538680434274454
0.1550912036165698
0.15470185017221508
0.1541941027234477
0.15353788382754685
0.15269692430306442
0.15162815160039972
0.1502813984608877
0.148599682355541
0.14652037986947616
0.1439776665228954
0.14090656656199924
0.13724879986203992
0.13296027061027557
0.12801950797368575
0.12243573619065803
0.1162547457531874
0.10956066773353003
0.1024723572380579
0.0951343325958266
0.08770369462199598
0.0803355602401969
0.07316981982932547
0.06632141926432417
0.05987522265211426
0.053885338927064576
0.048377950849632256
0.04335631312038853
0.038806606971398254
0.03470361618901094
0.031015568613512408
0.027707850966132635
0.024745586358093874
0.022095236943552074
0.019725469850286913
0.017607521912931128
0.015715261620366506
0.014025086672190771
0.012515745298924665
0.01116805742643175
0.009965169353579674
0.00889142686523728
0.007933143640305874
0.007077987366095651
0.006314921790837609
0.005634063725089828
0.005026580806750867
0.004484588233365647
0.004001044227665075
0.0035696409111207117
0.0031847653339230654
0.0028413955174174284
0.002535186221641099
0.0022617670449923038
0.0020179437872519025
0.0018004186309494884
0.0016063392850532556
0.0014331934345792317
0.0012787231585987416
0.001140904379257718
0.0010178920018608165
0.0009082324478139005
0.0008103473513943461
0.0007230243390974867
0.0006452095258545967
0.0005755896377849678
0.0005130812999313924
0.0004582229389384736
0.00040884884272515123
0.00036479408640392047
0.00032548543456943527
0.000290374314401077
0.0002590579802927452
0.00023119990663148952
0.00020629775886935742
0.00018404531682628537
0.00016423458247478198
0.00014653113932247994
0.00013073948313701092
0.0001166748218088503
0.00010408954488977216
0.00009287100304735574
0.00008287435008284662
0.00007394425585115224
0.00006597298278634555
0.000058848529600974704
0.00005251307496387562
0.00004685887169489183
0.00004181400409886685
0.00003739391022484245
0.000033287754545244125
0.00002971146198198964
0.000026506793331716997
0.000023649245353927757
0.000021076722684446248
0.000018905893882555943
0.000016795994398400852
0.000014992047686161092
0.000013367782234036528
0.000011929432328730133
0.000010649418565866702
9.496123469424536*^-6
8.389915746727492*^-6