0.20385502448655743
0.20384859518900494
0.20382611239790485
0.2037817429304906
0.2037079770491004
0.20359519760085273
0.20343115273304946
0.20320031794256463
0.2028831358416984
0.2024551286215135
0.20188589119901026
0.20113799580447517
0.2001658755520035
0.19891480999616815
0.19732021345667894
0.19530752662620593
0.19279312405719407
0.1896867482257623
0.1858960141882439
0.1813334198570855
0.17592595542868306
0.16962677132890383
0.16242748033135196
0.15436875777349088
0.14554637112054433
0.13611007046996154
0.12625412437153616
0.116200411349509
0.10617710115902998
0.09639718107442498
0.08704090062387024
0.07824480227300164
0.07009806858853015
0.06264521191027297
0.05589312451190396
0.04982025993707408
0.044386030842335236
0.03953910108321515
0.03522388517577349
0.03138509738770677
0.02797054867523783
0.024932570923218038
0.022228489492969607
0.01982051746320631
0.017675354802844444
0.01576368071745419
0.014059644951079227
0.012540407062578161
0.01118571927452459
0.00997766996908651
0.008900358012412218
0.007939502416590404
0.007082514775838371
0.00631813927554351
0.00563635067923296
0.005028210840925855
0.004485749667952201
0.004001867695645546
0.003570226734357186
0.003185180897219042
0.002841693403604276
0.0025353042516148465
0.002261913227591189
0.002018045167483778
0.001800489654418138
0.0016063976628729944
0.0014332152038728737
0.0012787678034236955
0.0011409215085259978
0.0010179408635738445
0.0009082415630409462
0.0008103577442555161
0.0007230198473658781
0.0006451455888083454
0.000575591787980108
0.000513331807747865
0.0004582244548085689
0.00040892084105160576
0.00036479627658258997
0.0003254838852818703
0.00029039885377831707
0.0002591178365083848
0.00023120037191408951
0.00020630020198430534
0.000184054778544148
0.00016422743972818014
0.00014653298533720403
0.0001307445773189727
0.000116669738241145
0.00010408861487520683
0.00009293962717508898
0.00008287590863847248
0.00007395655240032989
0.0000659700207383787
0.00005886247227954552
0.00005251084993305347
0.00004686523381430418
0.00004181412237246061
0.000037364478640738714
0.00003328844275747467
0.00002970795750984036
0.000026505949960024578
0.000023648898808539916
0.000021082040863758943
0.000018910259504418334
0.000016780280583439917
0.000014991555119870528
0.000013371111126841364
0.000011946617009541049
0.000010649687698685835
9.498527564300505*^-6
8.451450725835916*^-6