0.6033679209072549
0.6032596193686728
0.6028812463209329
0.602136123713546
0.6009019805271852
0.5990262526963086
0.5963216142937251
0.5925625568304453
0.5874842858694393
0.5807857163002039
0.5721387805249469
0.5612063472619706
0.5476703828425354
0.5312701553135608
0.5118471380456929
0.48938935156510405
0.4640646759139105
0.4362322582047941
0.4064250297361116
0.3753039903962233
0.34359333640766315
0.31201080037756374
0.2812074307653535
0.25172615822380295
0.2239817695748672
0.19825933593599157
0.17472527135166166
0.15344494788579133
0.13440216916379302
0.11751770798670194
0.1026657743863385
0.0896883371803856
0.07840763791109712
0.0686371798790596
0.060191206092354885
0.052892442748279735
0.046577823426636376
0.04110204124635714
0.03633902254226804
0.032181661644945986
0.028540315630212927
0.02534059526075477
0.02252091990120976
0.020030173072647775
0.017825650973985977
0.015871375152588005
0.01413675930090141
0.012595578797179844
0.011225174330351442
0.0100136785982288
0.008920455037041235
0.007953832479138074
0.007092724349885059
0.006325409630124148
0.0056415251521069135
0.005031891873189793
0.004488368824052032
0.004003729297803138
0.0035715503986592516
0.0031861214801977046
0.0028423618550468275
0.0025357564542076716
0.002262252515666696
0.0020182891922065657
0.0018006582870983678
0.001606518333186474
0.0014333143243733734
0.0012788113215751514
0.0011409645432453564
0.001017984365607287
0.0009082606818816807
0.000810373295942944
0.0007230413205407368
0.0006451315925749932
0.0005755975151813821
0.000513440703156312
0.00045822726153005566
0.00040885145784949584
0.0003647945451716908
0.0003254855518293823
0.00029042220938952756
0.0002591230081246197
0.00023120463700485448
0.00020629251322297517
0.00018405918615712553
0.0001642307063425839
0.00014654520965552687
0.0001307443325606492
0.00011666580508722174
0.00010408885764935533
0.00009291932908065339
0.00008287368413575124
0.00007395918896101639
0.00006597831845911215
0.000058862810872954475
0.000052512690857658754
0.00004685201973181307
0.00004181357613912052
0.000037272070618235955
0.000033283089600773164
0.000029714953206674163
0.000026504998239467387
0.000023647944720160522
0.000021064945081311292
0.000018897540167586986
0.000016788513231970353
0.000014987051528441757
0.00001337196610655073
0.00001191522830061936
0.000010646913419981548
9.492711841257128*^-6
8.428046987412721*^-6