2.584120031694083
2.577186481022145
2.5533568016647745
2.5081404030661005
2.4378316976065464
2.3405487529088127
2.2171223921873024
2.0713902900833268
1.9096443914481
1.7394015220250592
1.5680047213769797
1.4015616083097497
1.2444488032312377
1.0993164070233958
0.967385858100089
0.8488437558132578
0.743208409481542
0.6496176296700125
0.5670311969949631
0.49436158824077425
0.4305515903354932
0.3746155973525167
0.32565747296246694
0.2828740695731762
0.24555055475227125
0.21305165125979117
0.1848115341672077
0.1603241774007283
0.1391351881391302
0.120835513547792
0.10505687564010505
0.0914684654370409
0.07977436788071654
0.06971131663965728
0.061046594643433816
0.05357602076736455
0.047122008267624
0.04153162096556319
0.03667451969184091
0.032440719014323355
0.028738154525600596
0.02549015384139098
0.02263295669541911
0.02011343388774767
0.01788709771491194
0.01591645054931099
0.014169654360542594
0.012619461818523421
0.011242270889836963
0.010018336548411937
0.008929428734889153
0.007960274440843726
0.007097338609634307
0.006328719747074994
0.005643893701702402
0.00503357285557334
0.004489557313769846
0.004004582701009925
0.0035721580348034355
0.0031865540940660504
0.002842662782901596
0.002535970272615054
0.0022624102560659725
0.0020184006518549295
0.001800738687158214
0.0016065678550592035
0.0014333557728897885
0.001278839150487713
0.0011409834139462709
0.001017996591616605
0.0009082731035233934
0.0008103726368132347
0.0007230449964201451
0.0006451219092849197
0.000575600572739672
0.000512881573441484
0.00045822844176797423
0.00040885435307416685
0.00036479685260617427
0.00032549225137765234
0.0002903378412109635
0.0002590435293063953
0.00023120027768395315
0.00020629820255484965
0.00018403936711575082
0.00016423391125366127
0.00014654759025108202
0.00013076588641183838
0.00011667249428165876
0.00010408965356510567
0.00009286656866662306
0.00008287384859675096
0.00007393668329568317
0.00006598228243098254
0.00005884185960918957
0.00005250316431558755
0.00004684309786898886
0.00004181546252627721
0.00003734970533366276
0.000033285933031654505
0.000029703007627202035
0.000026498320065391812
0.00002364936463530051
0.000021069199140325857
0.000018894229223234468
0.000016812544293300912
0.000014986325631193485
0.00001336870324945748
0.000011933817436098261
0.00001065205953304172
9.501583261815095*^-6
8.40083045711011*^-6