1.2544647757057703
1.253596491670215
1.2505729898726448
1.2446639796673216
1.2350060963808303
1.2206267027152173
1.2005003646214651
1.1736461807905247
1.1392656529328409
1.0969052500712508
1.0466088579012214
0.9890125407411292
0.9253393452225407
0.8572798454769566
0.7867842709753381
0.7158229179115403
0.646176411131262
0.579296878054669
0.516250391689244
0.45772648247118747
0.40408955499802357
0.3554478795654343
0.3117226994636124
0.27270785475044845
0.23811651992103303
0.2076155146399973
0.18084949677982415
0.1574577877606168
0.13708618423436572
0.11939535937385189
0.10406673846917955
0.09080625561743477
0.07934627664408267
0.06944601160781991
0.06089089194058927
0.053491335746166574
0.047081276389890965
0.041516587772007646
0.03667340607882762
0.03244629702833454
0.02874624570233238
0.025498522865702263
0.022640539230938027
0.020119831889748214
0.017892261157495704
0.015920493395760012
0.014172753820666337
0.01262181489375613
0.01124380453282765
0.010019599204875551
0.008930371482675954
0.007960958684244988
0.00709783425681958
0.006329067052796075
0.00564416945567346
0.005033756761729114
0.004489674395817527
0.004004676725732157
0.003572225426244604
0.0031866028420639582
0.002842684482657196
0.002535999711898956
0.0022624403096376203
0.002018412245878244
0.0018007428493621105
0.001606581104787323
0.0014333700735918767
0.0012788429273385411
0.0011409848779824748
0.001017997017646642
0.0009082740481691162
0.0008103825821068977
0.0007230468575533295
0.0006451255185867895
0.0005756009024157531
0.0005125770424905385
0.00045822856122753583
0.0004088481748487051
0.00036479744683879777
0.00032549832968002413
0.00029029832522249583
0.00025913137694348604
0.0002312001211923603
0.00020630520621621118
0.00018403671528490666
0.00016423508637251834
0.00014656230108219434
0.00013076663391180772
0.00011665857328218706
0.00010408967709290349
0.00009285680504429228
0.00008287471251018104
0.00007393232050447095
0.00006595692277597517
0.00005892940800002347
0.000052512872725046996
0.0000468647570919566
0.00004181710600726491
0.00003737423504987327
0.00003328825713924327
0.000029708688863878125
0.000026500535140725394
0.000023649569510332804
0.000021073708598326588
0.000018915622996334037
0.00001679035706398645
0.000014987679475565716
0.000013365361325168133
0.000011932383572875509
0.000010654928140781699
9.499563148913815*^-6
8.520509517551309*^-6