0.1286756809659039
0.12867366815246967
0.12866662886282876
0.12865273406884664
0.12862962506534617
0.12859427381127064
0.12854280936346194
0.12847030343072435
0.12837050738245284
0.12823553279990943
0.12805546829643652
0.12781792754275562
0.12750752825220954
0.1271053107384215
0.12658811969144024
0.12592799598629836
0.12509165962065075
0.12404021101398277
0.12272923472697657
0.12110954929487584
0.1191288914086923
0.1167348203434522
0.11387903456150869
0.11052306051494373
0.1066448838680247
0.1022455938251651
0.09735465270799126
0.092032224216551
0.08636732268499087
0.08047143622922731
0.07446849087784332
0.06848308606804723
0.06262938026691453
0.0570026616154735
0.05167470743362095
0.04669295115816543
0.04208264402072515
0.03785081589635572
0.033990876937534234
0.030486995956365708
0.02731776128010268
0.024458950341375057
0.021885450651892725
0.019572486188378438
0.017496334002340852
0.01563469964538212
0.013966880033090745
0.01247380202945097
0.011137972566041526
0.009943491468676168
0.008875923544187111
0.007922053753280343
0.007070066799776735
0.006309266153994157
0.005630030151404636
0.005023711166258972
0.004482547791189211
0.003999590175595277
0.0035686072148574015
0.003184029557793094
0.0028408750596078418
0.0025347226744057275
0.002261499975553965
0.002017751546188996
0.0018002810468581753
0.0016062494627843973
0.0014331099342033767
0.0012786929701936595
0.0011408683818625804
0.001017903128680624
0.0009082147562180359
0.0008103387038373148
0.0007230063290463301
0.0006451359485334788
0.000575584963265927
0.0005133279532424885
0.0004582210113097806
0.00040891825257734514
0.0003647945383098024
0.0003254826511806777
0.00029039798573693415
0.00025911721659653737
0.0002311999296058311
0.00020629988002263933
0.0001840545677671899
0.00016422728098379173
0.0001465328861149857
0.0001307444961594271
0.0001166696442703271
0.00010408847216292667
0.00009293904156590244
0.00008287585818404222
0.00007395632747418351
0.00006597003592794926
0.00005886257022441372
0.0000525109245358917
0.0000468489712440904
0.000041814104348955505
0.00003736352712458691
0.000033288442787726844
0.000029707861767405552
0.00002650595684247528
0.000023648887631093374
0.000021081900640413502
0.000018906023889798605
0.000016781141002716943
0.000014991539754312315
0.000013371134725060494
0.00001190616988721241
0.000010649675058800213
9.497300730533906*^-6
8.45108904904305*^-6