0.5402447246726585
0.5401440625701491
0.539792395289852
0.539099936056092
0.5379532301478862
0.5362109008405197
0.5336996911693399
0.5302116035733967
0.5255033721869244
0.5192999845491107
0.5113043595134694
0.5012153296062123
0.4887552579454415
0.4737069566347579
0.4559562202030769
0.43553222451720225
0.41263576178923594
0.3876444077461465
0.36108859809421545
0.33360053829909436
0.3058465190690091
0.2784582466802154
0.25197784738746243
0.22682527845392533
0.2032892160131288
0.18153654782469847
0.161632970743486
0.1435675732118206
0.12727631527446331
0.11266166188553459
0.0996074846196721
0.0879894968227867
0.07768203048538475
0.06856211522776091
0.06051176599282758
0.053419206384959374
0.04717957998024114
0.04169544960067896
0.03687722974124999
0.03264351259637538
0.028921226703585528
0.025645535863316034
0.022759497745153245
0.020213491381415694
0.01796449455467506
0.015975320053420432
0.014213842325759856
0.012652300020021245
0.01126665155847685
0.010036034389740208
0.00894229408270191
0.007969589012826496
0.007104062357951001
0.006333542685161739
0.005647347521061757
0.005036054975968686
0.004491342350624079
0.004005850243173287
0.0035730890180620807
0.0031872021899810856
0.0028431194303229525
0.0025361796096938236
0.0022626532232727097
0.002018559593826372
0.0018008568996672665
0.0016066581387332004
0.0014334314149733324
0.0012788815744181692
0.0011410145693713037
0.0010179997140933872
0.0009082921430287247
0.0008103902973524621
0.0007230456622791904
0.0006450115909769816
0.0005756062031161717
0.0005135571195056579
0.0004582485647931472
0.0004088380057072112
0.00036479118799238137
0.0003254856232425865
0.00029034815105238474
0.0002591194680876973
0.00023116821124228462
0.00020679859466721717
0.0001840629866011131
0.00016438089988689357
0.00014654786988359367
0.0001307395545547822
0.0001165549634755715
0.0001040917586304364
0.00009284316321014614
0.00008286625336410012
0.00007395269999146414
0.00006597363216145373
0.000058837316032577155
0.000052551863848480716
0.00004688108519735499
0.00004180575947374607
0.000037264918901896754
0.000033290856143411375
0.00002991665436818792
0.000026514242080054947
0.000023632959470193613
0.000021168253149674215
0.00001881089068595641
0.000016699026252840976
0.000014997242377888702
0.00001329735477483613
0.000011956271927110317
0.000010624197928745437
9.48118974641987*^-6
8.479542283150331*^-6