0.20662438385277193
0.20661783882992663
0.20659495132924732
0.2065497830520834
0.20647468876395192
0.20635987747702597
0.20619287531606842
0.2059578754649648
0.20563496320080615
0.205199210647501
0.20461964890054238
0.20385814878122993
0.20286827686154818
0.20159425267517317
0.1999702089334778
0.19792005998691597
0.19535839786765824
0.1921929369512172
0.18832906580272807
0.1836769599788394
0.17816137058650097
0.17173356709243912
0.16438401795048183
0.1561534556978652
0.14713939877579862
0.13749544927248974
0.12742199149187414
0.11714903379222037
0.10691412532963407
0.09693965221092474
0.08741383292436758
0.07847847491238459
0.07022461406528271
0.0626952703450779
0.05589326055027384
0.04979152903475831
0.044343698623237324
0.03949323084112323
0.03518039501615635
0.03134692887324071
0.027938709969622864
0.02490694609077144
0.022208400609195208
0.019805077836981183
0.017663668710054026
0.01575494106728862
0.014053172477744751
0.012535648165302029
0.011182266432601753
0.009981645769434727
0.00889853138194963
0.007938186080786506
0.007081567237957305
0.006317459635119272
0.005635866916451094
0.005027862042690593
0.004485502282564252
0.004001694038783815
0.0035700991408803306
0.003185091133534488
0.002841628668180357
0.0025352316857437307
0.0022618831767549936
0.0020180267253666526
0.001800472671910661
0.0016063856633703234
0.001433224152673305
0.0012787441949455877
0.0011409168126296596
0.0010179510837678308
0.000908237773393233
0.0008103575739676433
0.0007230283736025305
0.0006451170706330822
0.000575589661163089
0.0005134664044540566
0.0004582241767213076
0.00040884791181238124
0.0003647926022335522
0.00032548464731437524
0.0002904203812410345
0.0002591226222072022
0.00023120068647455484
0.00020629143020085773
0.00018406324338597922
0.00016422978036060069
0.0001465405561407396
0.00013074473754679178
0.00011666389725999394
0.00010408917945813187
0.0000929222189839287
0.0000828752180981237
0.00007395718459751824
0.00006597125328165836
0.00005725786702296922
0.00005251314839066169
0.000046852744618675656
0.00004181340952069843
0.00003726319025729035
0.000033284348124916686
0.0000297114507152713
0.00002650229691608613
0.00002364767830616958
0.000021068649979815097
0.00001890095544123836
0.000016788681496604208
0.000014985532815445711
0.000013372209751139102
0.000011916701696095623
0.000010648011827348634
9.49528401014162*^-6
8.428234527511621*^-6