1.2544647757057703
1.253596491670215
1.2505729898726448
1.2446639796673216
1.2350060963808303
1.2206267027152173
1.2005003646214651
1.1736461807905247
1.1392656529328409
1.0969052500712508
1.0466088579012214
0.9890125407411292
0.9253393452225407
0.8572798454769566
0.7867842709753381
0.7158229179115403
0.646176411131262
0.579296878054669
0.516250391689244
0.45772648247118747
0.40408955499802357
0.3554478795654343
0.3117226994636124
0.27270785475044845
0.23811651992103303
0.2076155146399973
0.18084949677982412
0.1574577877606168
0.13708618423436572
0.11939535937385187
0.10406673846917955
0.09080625561743477
0.07934627664408266
0.06944601160781991
0.06089089194058927
0.053491335746166574
0.04708127638989096
0.041516587772007646
0.03667340607882762
0.03244629702833454
0.02874624570233238
0.025498522865702266
0.022640539230938027
0.02011983188974821
0.017892261157495704
0.015920493395760012
0.014172753820666337
0.012621814893756128
0.01124380453282765
0.010019599204875551
0.008930371482675952
0.007960958684244986
0.00709783425681958
0.0063290670527960755
0.00564416945567346
0.005033756761729114
0.004489674395817527
0.004004676725732157
0.003572225426244604
0.0031866028420639582
0.0028426844826571957
0.0025359997118989566
0.0022624403096376203
0.002018412245878244
0.0018007428493621105
0.0016065811047873229
0.001433370073591877
0.0012788429273385411
0.0011409848779824748
0.001017997017646642
0.0009082740481691162
0.0008103825821068977
0.0007230468575533295
0.0006451255185867896
0.0005756009024157531
0.0005125770424905384
0.00045822856122753583
0.0004088481748487051
0.00036479744683879766
0.00032549832968002413
0.0002902983252224959
0.00025913137694348604
0.00023120012119236036
0.0002063052062162112
0.00018403671528490666
0.00016423508637251834
0.00014656230108219434
0.0001307666339118077
0.00011665857328218706
0.00010408967709290351
0.00009285680504429229
0.00008287471251018103
0.00007393232050447094
0.00006595692277597518
0.00005892940800002346
0.00005251287272504699
0.000046864757091956595
0.00004181710600726492
0.000037374235049873274
0.00003328825713924327
0.000029708688863878128
0.00002650053514072539
0.000023649569510332807
0.00002107370859832658
0.000018915622996334037
0.00001679035706398645
0.000014987679475565721
0.000013365361325168135
0.000011932383572875509
0.0000106549281407817
9.499563148913817*^-6
8.520509517551307*^-6