2.564588167070714
2.5576561816696275
2.5338319754424132
2.4886263756635616
2.418335616813564
2.321080093912777
2.1976935843750343
2.052017487291439
1.8903484072661478
1.720208948066265
1.5489492370743712
1.3826854724882462
1.2258044861556217
1.0809682718628637
0.949411728275808
0.8313361079570487
0.7262748165665185
0.633379964769047
0.5516230358086603
0.4799232778312431
0.41722266469397123
0.3625246642485463
0.31491036528719435
0.2735418117211159
0.23765927317682
0.20657663019204608
0.17967703377376024
0.15640942707856048
0.1362855657490441
0.1188768148761084
0.10381013747150658
0.09076308499559094
0.07945803368874566
0.06965595621303844
0.06115106855188024
0.05376500896689472
0.047343405165497676
0.04175227364650285
0.036875696666607324
0.032613824723241015
0.028881121080391373
0.02560466139791577
0.0227225800380074
0.020182298077249177
0.017939248452957232
0.01595548598482681
0.014198599582809083
0.012640768271979724
0.011258077450306762
0.01002967403675973
0.008937630896726455
0.007966187716392214
0.007101557805462984
0.0063317902407039215
0.0056460627689136796
0.005035134818700531
0.004490663037967248
0.0040053594068231915
0.0035727255431350154
0.003186956016681272
0.0028429563061281686
0.0025361715329228697
0.0022625548450205387
0.002018503938304431
0.0018008117690887849
0.0016066223753381111
0.0014333988104787195
0.001278867428709953
0.0011410028931616804
0.0010180108310171138
0.0009082897812214013
0.0008103864484976749
0.0007230490486302527
0.0006451211549006808
0.0005755956642490873
0.0005135781252281141
0.0004582299033218837
0.0004088558157179677
0.0003647962363976803
0.0003254888629432151
0.0002905966506588786
0.0002591407848161422
0.00023120503719166328
0.00020631972718256194
0.00018405747405902676
0.00016424838111343926
0.00014654946964460383
0.0001307459467740397
0.00011665579635276337
0.00010405177846142821
0.00009280835198970604
0.00008286905435264057
0.00007394350375389966
0.00006600519273360379
0.000058807299108382805
0.00005252309550367975
0.00004688121777149049
0.000041822492799347804
0.00003728373132211782
0.00003328941366771504
0.00002976238035226718
0.000026489487738014385
0.000023651219504685683
0.00002108915598420073
0.000018846210280315725
0.000016790334792159694
0.000014976207618021357
0.000013345069118850163
0.00001190993558836747
0.000010658601479017653
9.497781898990674*^-6
8.489170998423862*^-6