1.1491217887531597
1.1482796435094729
1.145347459563542
1.139618235283379
1.1302581365856899
1.1163312312830482
1.0968571210417666
1.0709089990466434
1.0377516777021083
0.997003262063705
0.9487851047004023
0.8938118951601771
0.833379208720117
0.7692342733190203
0.7033566497600929
0.6377073723901245
0.5740107825955008
0.5136129035403864
0.45742855286020784
0.4059629282218031
0.35938033728223256
0.3175922058420025
0.28034331633177
0.24728416084472227
0.21802499424046906
0.19217227999825226
0.16935075989419568
0.14921504179829032
0.1314542074654348
0.11579213979470188
0.10198544686547414
0.08982020686156009
0.07910826070772567
0.06968353939604506
0.06139861825732672
0.0541220971902729
0.04773592168755999
0.04213381585305216
0.037220321371906465
0.03290983459853965
0.029126099242990644
0.025801696252222856
0.022877471393323433
0.020301873797732677
0.018030202488898174
0.0160238339084129
0.014249446036213129
0.012678310289622697
0.011285543443403287
0.010049644110901092
0.008952157827875677
0.00797668404950332
0.007109143933112139
0.00633718911114733
0.005649920478462205
0.005037918231905026
0.00449270089946437
0.004006793248913562
0.003573736534737841
0.00318768161121618
0.002843462789231612
0.002536323554596374
0.002262821287528145
0.0020186850654286322
0.0018009359165371442
0.001606695653651345
0.0014334722715724955
0.0012789054964321075
0.0011411013089518518
0.0010180263903473699
0.0009082747839921034
0.0008104013502848155
0.0007231109873569275
0.0006451173244890773
0.0005756050560861562
0.0005136046756809679
0.0004582162778190621
0.0004086150574877263
0.0003647765954140848
0.000325488684191176
0.00028995137057161494
0.00025913231517263856
0.00023119880014995
0.00020642518228688813
0.00018374917183165278
0.00016477931145861318
0.00014648990492416173
0.00013073196594884124
0.00011664915204012401
0.00010408899547528281
0.00009260307718725836
0.000082867141789035
0.00007397436648413523
0.00006596018084177919
0.000058826897355873353
0.000052497996295152134
0.00004696560439257287
0.000041753468100326396
0.000037312932178360894
0.00003328370357936556
0.00002972510719222168
0.00002656011528054284
0.000023673304810982466
0.000021341871579029805
0.00001852464981484476
0.000018991842939925697
0.000015043311432220798
0.000013249420464858041
0.000011994137054010331
0.000010564348531912169
9.47985390984814*^-6
8.640796023199473*^-6