0.10751424378796073
0.10751297299103493
0.10750852861298857
0.10749975544796539
0.10748516312807221
0.10746283720317365
0.10743032822697668
0.10738451404483378
0.10732142978977616
0.10723605954418719
0.10712208342078336
0.10697157429610832
0.10677464012341689
0.1065190114570466
0.10618958067536106
0.10576791091454163
0.10523175087053399
0.10455461714569061
0.10370554479695866
0.10264914486425722
0.1013461623630611
0.0997547581506297
0.09783274206282808
0.0955409147722028
0.09284750000546466
0.08973334805695415
0.08619719991153077
0.0822599333180333
0.07796655571862127
0.07338495037612311
0.0686010753402353
0.06371127790532632
0.05881323658087474
0.05399739446494706
0.049340456108748786
0.04490176439777238
0.04072252402498368
0.03682722248535249
0.03322635332101641
0.02991961212992417
0.026898969117058327
0.0241512859479863
0.02166035981147877
0.019408416534220003
0.017377144116955418
0.0155483774951656
0.013904535365729559
0.012428887862080167
0.011105705502084642
0.009927944152780473
0.008859335515778874
0.007910191788539753
0.007061593561556155
0.006303220650316604
0.0056257203203356485
0.005020640691082769
0.00448036299957493
0.003998034855190537
0.0035675012356452284
0.0031832429253566496
0.0028403158779165246
0.002534302432101429
0.002261219349097672
0.002017555117558012
0.0018001367664922995
0.0016061478260563696
0.0014330511641593077
0.0012786243458398155
0.0011408317256962142
0.001017889990397609
0.0009081936769882051
0.0008103257025938064
0.000723007512885532
0.0006451074628805668
0.0005755804524722597
0.0005134312785225643
0.0004582186435915465
0.00040884532879644576
0.0003647901988352466
0.0003254824663283278
0.0002904198697327549
0.00025912143834803134
0.0002311999112527858
0.00020629170983809693
0.00018405867484686962
0.00016423030657281994
0.0001465448119171362
0.00013074415925767846
0.00011666555231783002
0.00010408876453287833
0.00009291781912320104
0.00008287353318194151
0.00007395843959236476
0.00006598174784803139
0.0000588629978024387
0.00005251294028449485
0.00004685253989290943
0.000041813547473926166
0.00003723130270533745
0.000033283150931272024
0.000029714630209902466
0.000026504987932904106
0.000023647922587639984
0.00002106622211556235
0.000018897232594815616
0.000016757829727193296
0.00001498706717719556
0.0000133718536649513
0.00001191725672452674
0.000010645725701904628
9.49284338387213*^-6
8.426352566636419*^-6