0.1620123621191244
0.16200877332657357
0.16199622289147128
0.16197145165774063
0.1619302593706879
0.16186725895509102
0.1617755729102105
0.1616464611440886
0.1614688694101903
0.1612288887382206
0.16090911991632784
0.16048794474896674
0.15993871969665413
0.15922893051190357
0.1583193820418675
0.1571635487023449
0.1557072796278613
0.1538891346015829
0.15164170915148653
0.14889436033547077
0.14557771902809563
0.14163020333267518
0.137006368236653
0.13168632491879617
0.12568473601652047
0.11905728928416377
0.11190242968364866
0.10435678981168048
0.09658420571786397
0.08876001079760586
0.08105373612051514
0.07361377084744264
0.06655678096524191
0.05996313592573552
0.05387793720046279
0.048316078336322
0.04326934596641713
0.03871379616110636
0.034616217654194564
0.030939121747692946
0.02764418868805679
0.024694389073838214
0.022055112533240225
0.019694633139086447
0.017584179964243118
0.015697803045498157
0.014012153604148555
0.012506243468288623
0.011161208352431777
0.009967870488669102
0.008887775956947655
0.007930510534378536
0.007076094473362002
0.0063135602013948
0.005633087210931122
0.005025886296503628
0.004484096240944825
0.0040006906668246245
0.003569389940480091
0.00318458573815528
0.0028412703769385658
0.0025349808262452186
0.0022617013995444276
0.0020178976324088807
0.001800380108113192
0.0016063207125516735
0.0014331739423425116
0.001278711596718416
0.0011408937040386295
0.001017934041299014
0.0009082249386120184
0.0008103479070764733
0.0007230232871695632
0.0006451187696716423
0.0005755884153975665
0.00051343480981187
0.0004582226687208676
0.0004088481950519611
0.0003647922283500401
0.00032548390617564055
0.00029042101661756753
0.00025912217641593587
0.00023120042117637506
0.00020629209281705074
0.00018405889569698134
0.00016423049464098815
0.00014654504325352285
0.00013074423112181447
0.00011666571043270338
0.00010408880487125308
0.00009291888119642316
0.00008287363753610573
0.00007395895986077682
0.00006598191752759492
0.000058862883652392245
0.000052512760457817175
0.00004685221557713229
0.00004181355967626436
0.00003723040593518293
0.0000332831334383518
0.00002971484963141489
0.000026505001283154116
0.00002364793819106223
0.000021065513269153337
0.000018896067135380412
0.000016787909582360027
0.000014987059900689942
0.000013371983624112451
0.000011915905938597115
0.000010646832224036795
9.49266949170876*^-6
8.426848031634258*^-6