0.2038550244865574
0.20384859518900492
0.20382611239790482
0.20378174293049056
0.20370797704910037
0.2035951976008527
0.20343115273304946
0.2032003179425646
0.2028831358416984
0.20245512862151346
0.20188589119901024
0.20113799580447517
0.2001658755520035
0.19891480999616815
0.19732021345667894
0.19530752662620593
0.19279312405719407
0.1896867482257623
0.1858960141882439
0.18133341985708548
0.17592595542868303
0.1696267713289038
0.16242748033135196
0.15436875777349085
0.14554637112054433
0.1361100704699615
0.12625412437153616
0.11620041134950898
0.10617710115902997
0.09639718107442498
0.08704090062387024
0.07824480227300162
0.07009806858853015
0.06264521191027297
0.05589312451190396
0.04982025993707408
0.044386030842335236
0.03953910108321515
0.03522388517577349
0.03138509738770676
0.02797054867523783
0.024932570923218038
0.022228489492969607
0.01982051746320631
0.01767535480284444
0.01576368071745419
0.014059644951079227
0.012540407062578161
0.01118571927452459
0.00997766996908651
0.008900358012412218
0.007939502416590402
0.007082514775838371
0.00631813927554351
0.005636350679232958
0.005028210840925855
0.004485749667952201
0.004001867695645546
0.0035702267343571854
0.003185180897219042
0.002841693403604276
0.002535304251614847
0.002261913227591189
0.002018045167483778
0.0018004896544181381
0.0016063976628729942
0.0014332152038728737
0.0012787678034236953
0.0011409215085259978
0.0010179408635738445
0.0009082415630409463
0.000810357744255516
0.0007230198473658781
0.0006451455888083454
0.000575591787980108
0.0005133318077478651
0.000458224454808569
0.00040892084105160576
0.00036479627658258997
0.0003254838852818704
0.0002903988537783171
0.0002591178365083848
0.00023120037191408954
0.00020630020198430537
0.00018405477854414797
0.0001642274397281801
0.00014653298533720397
0.0001307445773189727
0.000116669738241145
0.00010408861487520685
0.00009293962717508898
0.00008287590863847246
0.0000739565524003299
0.0000659700207383787
0.00005886247227954553
0.000052510849933053466
0.00004686523381430418
0.00004181412237246061
0.000037364478640738714
0.00003328844275747467
0.000029707957509840356
0.000026505949960024578
0.000023648898808539916
0.00002108204086375895
0.000018910259504418334
0.000016780280583439917
0.00001499155511987053
0.000013371111126841363
0.000011946617009541047
0.000010649687698685835
9.498527564300508*^-6
8.451450725835918*^-6