0.5818944612283364
0.5817875028087733
0.5814138264239656
0.5806779720310934
0.5794592358812315
0.5776070594764492
0.5749366691697713
0.5712257857174728
0.5662136745725818
0.5596043179875198
0.5510759194394227
0.5402990285006894
0.5269648992223295
0.5108238498793216
0.49173022950023987
0.4696866550104397
0.4448769507839496
0.41767679423053494
0.3886349586395681
0.3584257242046276
0.32778154419595606
0.297420519908252
0.2679833331168907
0.23998964528512265
0.213817379226249
0.1897026227877391
0.16775461635770172
0.14797940562793893
0.13030643706455525
0.11461381184380127
0.10074965103254147
0.0885483887313808
0.07784216241962917
0.06846795594130102
0.060271900000064854
0.053111307381626005
0.04685594135370133
0.041388417533986005
0.03660428224680355
0.03241175788050886
0.028731134249432813
0.025493748848665048
0.02264085348426026
0.02012234260563025
0.017895435152932362
0.015923589606337857
0.01417546829903144
0.012624041133340291
0.011244348625552758
0.010020991021984678
0.008931396707577255
0.007961726832919349
0.007098390023412066
0.006329479552928508
0.0056444491360761965
0.0050339750305547154
0.00448970777034792
0.004004785249828542
0.0035723063498714833
0.003186659489542054
0.002842744728840583
0.002536025853721619
0.0022624471639014006
0.0020184271826654936
0.0018007602214617625
0.0016065866068658893
0.0014333724829009601
0.0012788463294545551
0.0011409783861209728
0.0010180028192459524
0.000908275613143656
0.0008103834410637824
0.000723045865664284
0.0006451224635473428
0.0005755982361833902
0.0005135740400217235
0.00045822901444110613
0.00040885977145062064
0.0003647945715257173
0.00032552361379074033
0.00029052046600632424
0.00025914846343829556
0.00023119975007286864
0.00020633919009803583
0.0001840625141283105
0.0001642424466910378
0.00014655449779936138
0.000130758525012217
0.00011666063370244468
0.00010406681205254756
0.00009283011726288555
0.00008287173954652776
0.0000739073787817541
0.00006591650094056748
0.00005882825505445216
0.00005252547681273147
0.00004687630426871991
0.00004181842636830042
0.00003742874458652314
0.00003329029555097123
0.000029727074829949866
0.00002649855250672186
0.000023650804391593745
0.000021089849829847492
0.000018809433270255156
0.000016793285765028455
0.000015068930852089029
0.000013352780101786307
0.00001193210912959171
0.000010642694928584648
9.49871692211727*^-6
8.473210573912475*^-6