1.2297611884623882
1.2288952703109846
1.225880040531981
1.2199873490697204
1.2103565787755017
1.1960185954576326
1.1759524002507564
1.1491826636677407
1.1149178248989207
1.072712899390707
1.0226221650140908
0.9652941177886608
0.9019663677147617
0.8343460878397483
0.7644017408802132
0.6941226411088306
0.6253077748002979
0.5594248381720296
0.49754986950886126
0.44037350374465034
0.3882492035783388
0.34125993449863173
0.29928674911410086
0.2620704196359794
0.22926288671133502
0.2004683368489919
0.1752748289349276
0.15327752997774263
0.13409453891615963
0.11737631195623172
0.10280985706336376
0.09011900647986111
0.07906209791915403
0.06942827301132512
0.061033369616596285
0.05371609095378624
0.04733482224422286
0.04176518620964746
0.03689821643127926
0.032638913903337376
0.028904978733892295
0.025625549202823523
0.022739904634693532
0.02019617979234174
0.017950087507744968
0.01596378682830079
0.014204861036431319
0.012645430496411012
0.011261505889083277
0.01003222224898118
0.008939469979979504
0.007967531828900632
0.007102556042635459
0.006332475805684
0.005646550592143987
0.005035491880718745
0.004490938256490123
0.004005485142702877
0.003572856928991359
0.003187051435665967
0.002843024887459201
0.0025362183616855433
0.0022625901079320228
0.002018528170254274
0.0018008276243814826
0.0016066413388709515
0.0014334089227292799
0.001278878761221456
0.0011410074608258448
0.0010180123606612916
0.0009083004883571295
0.0008103937542493794
0.0007230520169443492
0.0006451121247385374
0.0005756064237541575
0.0005135635418325226
0.0004582311187280325
0.000408853810526995
0.00036480563809760844
0.00032549402046268847
0.0002904267451793596
0.00025912777968370394
0.00023120707896600605
0.00020631007660922718
0.00018406694834588856
0.0001642726550830306
0.00014655820306889035
0.00013074644476553977
0.00011664372081232656
0.00010403153150629723
0.00009277216024832012
0.00008287164793879406
0.00007393511535619228
0.00006600578092243265
0.00005883459799669094
0.000052522906912802977
0.00004687314080557034
0.00004182586609523847
0.00003728180725902045
0.00003328931749543116
0.000029756842180772204
0.000026491052551725356
0.000023650364986089775
0.000021106697313601735
0.000018764665184854144
0.000016783619449492103
0.00001497945113674122
0.00001447023427720776
0.000011951974714482778
0.000010627052627758762
9.492742860612886*^-6
8.493806744614703*^-6