2.508042044427011
2.501121575341125
2.4773376157239104
2.4322113276286133
2.3620520922380015
2.2649968483099374
2.1418999325763632
1.996627911523168
1.8355076273873265
1.666097158162365
1.4957869727124224
1.3307372587216648
1.1753800630166347
1.0324198392678117
0.9031256241097916
0.7877174260534626
0.6857245158286565
0.5962654626130679
0.5182453145476404
0.4504854065069731
0.3918055677585849
0.34107531363086957
0.2972452462834294
0.25936518206904735
0.22659253264908094
0.19819312025777105
0.17353626740959555
0.15208598709882398
0.13339000245027202
0.11706803633850921
0.10280040522795399
0.09031755212652243
0.07939083999032681
0.06982469671723812
0.06145026411104821
0.054120190386620456
0.0477049036253894
0.04208975907465756
0.03717312928117021
0.032865165753886136
0.0290867894684852
0.025768714713875818
0.022850726800631598
0.02028075383377608
0.018013860405697017
0.016011391524640484
0.014240087814604006
0.012671330184918877
0.011280406901329877
0.010045944738213186
0.008949418385157934
0.007974698698131014
0.007107746303093023
0.006336159259390217
0.005649218124891148
0.00503739430357001
0.004492293441189614
0.004006528574593217
0.00357354553395567
0.0031875324714867263
0.002843368249922063
0.002536598427173683
0.0022628105172050198
0.0020186539437877025
0.0018009023506620986
0.0016067030842546377
0.0014334565665426978
0.001278903300639833
0.0011410280969623163
0.001018030640849642
0.0009082898721418688
0.0008104057111194224
0.0007230266623977461
0.0006451161610321978
0.0005756109030099582
0.0005134887530876594
0.0004582874434179406
0.0004088362720505845
0.00036480752568037714
0.00032552984353203737
0.0002902329108230654
0.0002591296553287483
0.00023120087340006888
0.00020634101262749356
0.00018394236247117288
0.00016449991171544205
0.00014652974003443275
0.0001307399867549656
0.00011667158550887677
0.00010409029704994753
0.00009278857777264869
0.00008286172525629834
0.00007398129166408588
0.00006594658611928757
0.00005886617792724312
0.000052517144530948555
0.0000469242927816728
0.000041799805162394166
0.00003723389649166387
0.00003329563557913
0.000029754461622478378
0.000026502666136572638
0.0000246988482484139
0.000021193649305446617
0.000018765020479508593
0.00001716494290437482
0.000014981542818320138
0.000013267297213771291
0.000012001988409695522
0.000010586746814207116
9.462322696557628*^-6
8.548194171731692*^-6