0.2
0.3
0.4
0.5
0.6
0.8
1.0
1.2
1.4
1.6
1.8
2.0
2.2
2.4
2.6
2.8
3.0
3.2
3.4
3.6
3.8
4.
4.2
4.4
4.6
4.8
5.
5.2
5.4
5.5
5.6
5.7
5.8
5.9
6.0
6.1
6.2
6.3
6.4
6.5
6.6
6.7
6.8
6.9
7.0
7.1
7.2
7.3
7.4
7.5
7.6
7.8
8.
8.2
8.4
8.6
8.8
9.
9.2
9.4
9.6
9.8
10.
10.2
10.4
10.6
10.8
11.
11.5
12.
12.5
13.
13.5
14.
14.5
15.
15.5
16.
16.5
17.
17.5
18.
18.5
19.
19.5
13.99
11.37
9.741
8.528
7.574
6.086
4.962
4.050
3.324
2.746
2.284
1.910
1.62
1.384
1.186
1.027
0.898
0.798
0.713
0.644
0.589
0.542
0.507
0.477
0.452
0.431
0.414
0.401
0.394
0.390
0.386
0.386
0.386
0.385
0.386
0.388
0.390
0.399
0.412
0.428
0.436
0.438
0.459
0.51
0.585
0.663
0.717
0.769
0.817
0.86
0.893
0.929
0.946
0.952
0.953
0.956
0.965
0.975
0.988
1.009
1.044
1.061
1.062
1.054
1.045
1.041
1.039
1.039
1.050
1.064
1.078
1.092
1.104
1.115
1.125
1.135
1.146
1.159
1.170
1.177
1.184
1.181
1.195
1.200
1.208
14.27
11.95
10.65
9.805
9.195
8.312
7.643
7.082
6.558
6.054
5.582
5.15
4.751
4.407
4.090
3.802
3.538
3.294
3.074
2.86
2.665
2.502
2.341
2.195
2.058
1.929
1.806
1.687
1.569
1.512
1.454
1.396
1.341
1.287
1.232
1.176
1.118
1.058
1.002
0.949
0.898
0.836
0.756
0.676
0.617
0.589
0.584
0.575
0.574
0.580
0.597
0.623
0.639
0.645
0.638
0.624
0.607
0.588
0.568
0.548
0.541
0.557
0.567
0.569
0.561
0.55
0.537
0.523
0.491
0.467
0.445
0.430
0.416
0.404
0.394
0.383
0.374
0.368
0.367
0.367
0.366
0.367
0.367
0.366
0.364
