0.12398 22.4 44.3
0.13776 19.2 41
0.15498 16.3 38.8
0.16531 15.1 37.4
0.17712 13.1 36.2
0.18233 12.5 34.8
0.19074 11.5 33.9
0.19997 10.7 32.7
0.20664 10.4 31
0.22543 9.2 29.6
0.24797 8.06 27.7
0.2638 7.46 26.8
0.27552 6.72 25.1
0.2938 5.79 23.4
0.30996 5.62 22.2
0.35424 4.55 19.8
0.41328 3.65 17.3
0.4428 3.17 16.3
0.47686 2.58 15.3
0.49594 2.4 14.4
0.5166 2.51 14
0.53906 2.33 13.6
0.56356 2.26 13.1
0.5904 1.83 12.2
0.61992 1.75 11.6
0.65255 1.67 11
0.6888 1.68 10.3
0.72932 1.49 9.61
0.7749 1.48 8.96
0.82656 1.39 8.24
0.8856 1.35 7.64
0.95372 1.38 7.04
1.0332 1.43 6.31
1.1271 1.52 5.66
1.1808 1.59 5.37
1.2398 1.66 4.94
1.2651 1.71 4.8
1.3051 1.71 4.62
1.3477 1.8 4.41
1.3776 1.83 4.32
1.4089 1.86 4.16
1.4586 1.92 4.06
1.476 2 4.03
1.512 2.01 3.9
1.5498 2.05 3.85
1.5895 2.06 3.72
1.6314 2.11 3.62
1.6755 2.13 3.47
1.722 2.17 3.44
1.7712 2.22 3.41
1.8233 2.23 3.38
1.8785 2.27 3.36
1.9373 2.27 3.3
1.9997 2.28 3.25
2.0664 2.27 3.25
2.1377 2.29 3.23
2.214 2.29 3.17
2.296 2.23 3.15
2.3843 2.2 3.08
2.4797 2.13 3.07
2.583 2.02 3.04
2.6953 2 3
2.8178 1.91 2.98
2.952 1.61 2.95
3.0996 1.5 2.99
