0.20560747663551293 1.5801418439716315 0.006382978723404431 
0.6542056074766345 1.5801418439716315 0.01134751773049647 
1.028037383177569 1.5801418439716315 0.021276595744680993 
1.5514018691588785 1.5851063829787237 0.031205673758865515 
2.074766355140186 1.590070921985816 0.036170212765957555 
2.5233644859813076 1.6 0.04609929078014163 
2.971962616822429 1.6099290780141846 0.0560283687943266 
3.3457943925233646 1.6248226950354612 0.060992907801418195 
3.7943925233644844 1.644680851063830 0.06595744680851068 


