0.64008 3.51 5.19
0.77009 3.69 4.7
0.89005 3.67 4.37
1.0196 3.62 4.15
1.1396 3.5 4.02
1.26 3.35 3.97
1.39 3.29 3.96
1.5102 3.21 4.01
1.64 3 4.01
1.7611 2.86 3.96
1.8814 2.76 3.84
2.0095 2.67 3.72
2.1303 2.6 3.58
2.2584 2.54 3.43
2.3797 2.44 3.3
2.4997 2.36 3.19
2.6324 2.32 3.1
2.7491 2.27 3.04
2.8767 2.21 3.01
3.002 2.14 2.98
3.123 2.08 2.95
3.2542 1.99 2.93
3.3691 1.9 2.9
3.5024 1.82 2.87
3.6253 1.72 2.82
3.7345 1.61 2.74
3.8745 1.55 2.66
3.9866 1.5 2.57
4.1191 1.45 2.46
4.246 1.4 2.36
4.3656 1.35 2.26
4.4922 1.3 2.17
4.6091 1.27 2.07
4.7322 1.27 1.99
4.8621 1.26 1.91
4.9793 1.27 1.83
5.1022 1.28 1.77
5.2314 1.3 1.72
5.3673 1.31 1.68
5.486 1.32 1.66
5.6101 1.32 1.66
5.74 1.32 1.67
5.8483 1.31 1.68
5.9896 1.31 1.69
6.1076 1.27 1.69
6.2304 1.25 1.68
6.3582 1.22 1.66
6.4575 1.16 1.64
6.5949 1.1 1.62
