6.2                 1.396    0
5.51111111111111	1.373    0
4.96                1.362    0
4.50909090909091	1.354    0
4.13333333333333	1.349    0
3.81538461538462	1.346    0
3.54285714285714	1.343    0
3.30666666666667	1.341    0
3.1                 1.339    0
2.91764705882353	1.338    0
2.75555555555556	1.337    0
2.61052631578947	1.336    0
2.48                1.335    0
2.36190476190476	1.334    0
2.25454545454545	1.333    0
2.15652173913043	1.333    0
2.06666666666667	1.332    0
1.984               1.332    0
1.90769230769231	1.331    0
1.83703703703704	1.331    0
1.77142857142857	1.331    0
1.71034482758621	1.33     0
1.65333333333333	1.33     0
1.6                 1.33     0
1.55                1.329    0
1.50303030303030	1.329    0
1.45882352941176	1.329    0
1.41714285714286	1.328    0
1.37777777777778	1.328    0
1.34054054054054	1.328    0
1.30526315789474	1.327    0
1.27179487179487	1.327    0
1.24                1.327    0
1.03333333333333	1.324    0
0.885714285714286	1.321    0
0.775               1.317    0