0.07345404307099791
0.03600510710198164
0.02357600470480472
0.01740158447537756
0.013728730106588774
0.011306331856724694
0.009598139699821281
0.008335976550495682
0.0073708091346092516
0.006613175992143708
0.006006108808201911
0.005511592444271902
0.005103273404723599
0.0047622923217758885
0.0044747823918539955
0.004230304739033995
0.004020834801785506
0.0038400854231353037
0.0036830427228372884
0.0035456406134825626
0.0034245283784204977
0.003316902696420632
0.0032203858844906054
0.003132938587855332
0.003052799084277373
0.002978443541863156
0.0029085623420117973
0.0028420476621165043
0.002777986590949643
0.002715654328943031
0.0026545024372346075
0.0025941394487352634
0.002534304163309316
0.0024748348204931556
0.0024156388031994843
0.0023566670407283324
0.002297895348845559
0.0022393126985441746
0.002180914878909871
0.0021227015712492574
0.0020646752002089663
0.0020068405564488087
0.0019492046992562707
0.0018917769519259714
0.001834568940804788
0.00177759462699559
0.0017208704496631203
0.0016644152594198968
0.001608250573292023
0.001552400562936567
0.0014968925100166679
0.0014417564574399815
0.0013870231041691896
0.0013327316194743889
0.0012789185428982478
0.0012256283035917215
0.0011729052491910251
0.001120796188885814
0.001069359825242639
0.0010186451976727912
0.00096870829198328
0.0009196241311566384
0.0008714348295946865
0.0008242188123361063
0.0007780426720014323
0.0007329607856120898
0.0006890617445937101
0.0006463976712425976
0.0006050370567318922
0.0005650452082341918
0.0005264795822839349
0.0004893977620173644
0.00045384653846832434
0.00041987403822717076
0.00038750862889107794
0.0003567822428605693
0.00032771049310402185
0.0003003016331584406
0.0002745537957771465
0.0002504597813876047
0.00022797625507803407
0.00020708473610548617
0.00018775205534093996
0.0001698877442558351
0.00015348489379673406
0.00013841739634075506
0.00012466197853341302
0.00011212272035477633
0.00010072680630024094
0.00009039144688074811
0.00008104293156007305
0.00007262147835649995