0.003373325679756804
0.003373300719119442
0.003373213430849487
0.0033730411562958923
0.003372754707035422
0.003372316671415145
0.003371679330569691
0.0033707821176649647
0.003369548557667324
0.0033678826403733663
0.003365664614703322
0.0033627462586250942
0.003358945791360512
0.0033540427701119696
0.003347773586278123
0.0033398283769186304
0.0033298510682875093
0.00331744369248744
0.0033021776105769717
0.00328361316581617
0.0032613289590611703
0.0032349600060059412
0.003204241285362837
0.0031690499651497897
0.0031294371010846195
0.0030856393948609766
0.0030380647997146574
0.002987252051086792
0.0029338115559960558
0.002878360503657948
0.002821465824503986
0.0027636055391037704
0.002705152055432853
0.0026463753855901144
0.002587458932230098
0.0025285211192587094
0.0024696355417121144
0.0024108469530545527
0.002352182387941914
0.002293658220585246
0.0022352846140184196
0.0021770685109789157
0.0021190157967138743
0.0020611325594054515
0.002003426210132318
0.0019459057464208404
0.0018885820424636955
0.0018314690613321842
0.0017745858160346257
0.001717933343336775
0.0016615498426782933
0.0016054510697194877
0.0015496618499306752
0.0014942107651037305
0.0014391279718252836
0.0013844468384556054
0.0013302088576433496
0.0012764400536062627
0.0012231967425763094
0.0011705199649260831
0.0011184593739679742
0.0010670665489786767
0.0010163997103660707
0.0009665133356942841
0.0009174708355912986
0.0008693342015857547
0.0008221758896030777
0.0007760443879419913
0.0007310237174372801
0.0006871837486253249
0.0006445756665128046
0.0006032769557166712
0.0005633447800994249
0.0005248440959644678
0.0004878337725249148
0.0004523663671808252
0.0004184476306388005
0.000386149463830846
0.0003555007992385681
0.0003265064644120665
0.0002991889770588805
0.0002734902095453198
0.0002494626167472782
0.00022704905394989777
0.00020622376489763447
0.00018702547122975254
0.00016915636098507186
0.00015280153946577358
0.0001378019470538805
0.0001240981175851773
0.00011162579965975922
0.00010026494527388017
0.00008998701722022585
0.00008068873040680804
0.00007228916930810538
0.00006468519080544072
0.00005786889204666017
0.00005176460232666111
0.00004631516180732255
0.000041336861236268545
0.00003693051080906522
0.000033003745750737865
0.000029446076523415438
0.00002621983405637043
0.000023454913506133377
0.00002101655778144614
0.00001872538154019651
0.000016700103762658482
0.000014855162359605336
0.00001327750683580887
0.000011870267034727247
0.000010571494292107092