0.0035008145723504406
0.003500768885940159
0.003500609145302303
0.0035002939972560466
0.003499770338963516
0.003498970417676489
0.0034978083684190364
0.003496176167489563
0.0034939390407441595
0.0034909304712514282
0.0034869471184480628
0.003481744206556476
0.003475032269882745
0.0034664765363330635
0.003455700616405261
0.0034422963921966554
0.0034258418268210697
0.003405927542098329
0.0033821912220849603
0.0033543562858347736
0.003322268488195214
0.003285922387918275
0.003245470325361843
0.0032012102420809927
0.003153554360211401
0.0031029859838149947
0.003050014087398647
0.0029951340369298207
0.002938799006632767
0.002881402744091661
0.002823271981050646
0.0027646662089658206
0.002705782819538039
0.0026467658720901637
0.0025877166729718517
0.002528704374157517
0.0024697751551422706
0.0024109593211823037
0.002352276423905139
0.0022937389196337277
0.0022353549002174554
0.0021771302326979267
0.002119070186248686
0.002061180599118974
0.0020034686344094868
0.001945943267467913
0.0018886150978940708
0.0018314974080607665
0.0017746059465065073
0.0017179560016694164
0.001661569634053445
0.0016054685762434716
0.0015496783633762378
0.0014942247396563415
0.0014391403056335714
0.0013844559768601832
0.0013302139829758325
0.0012764474515724949
0.0012232040251982472
0.0011705292004103845
0.0011185322108749878
0.001067070252173026
0.0010164025200536133
0.0009665154964978029
0.0009174734950050217
0.0008693357304436942
0.0008221715899757539
0.0007760474051968271
0.0007310272081321859
0.000687181194069912
0.0006445764602535306
0.0006032773249120415
0.0005633512767941602
0.0005248475536814714
0.0004878381920288353
0.0004523585804236247
0.0004184480746144476
0.00038615395437450334
0.00035550042925855434
0.00032649654322274333
0.00029917835997830643
0.0002734882608467629
0.0002494681560732525
0.000227053523747316
0.00020622536701109977
0.00018698302969443912
0.00016915873386695167
0.0001528015720490106
0.00013780876238892934
0.00012409918921483932
0.00011160743213204094
0.0001002634601616395
0.00008998994526959802
0.000080683708503694
0.00007223690008212396
0.00006470473791782291
0.000057879539826446374
0.00005173162459279456
0.00004630365146892837
0.00004134129748949644
0.00003693282154934431
0.00003300229042683339
0.000029444070174411686
0.00002623640101714313
0.000023460226835826936
0.00002101191860922103
0.000018718637700799653
0.000016699681961385353
0.000014864973647661626
0.00001327807592425145
0.000011867619848266214
0.000010572927454967761