0.0037899569028729055
0.003789842752507734
0.0037894437708088733
0.0037886572695893985
0.003787352269780274
0.0037853632925450307
0.0037824835133118614
0.0037784576812933323
0.003772975562214957
0.003765667157988853
0.003756101577936587
0.0037437920899935904
0.003728210346962478
0.003708812674776838
0.0036850801043102023
0.003656571057297606
0.003622981245717881
0.003584200349067391
0.003540351487661044
0.003491800030623983
0.0034391244085454926
0.0033830521220281854
0.0033243748872343135
0.0032638628578869427
0.003202196439473475
0.003139926539625912
0.0030774642197586477
0.0030150928021014578
0.002952991926717356
0.002891263900615643
0.0028299562763929647
0.0027690787316513184
0.002708615192169297
0.0026485331182578118
0.002588791318378546
0.0025293466603857925
0.0024701593316822576
0.002411196240257805
0.0023524325034297777
0.0022938513661224635
0.002235443143496952
0.002177203796920826
0.002119133590162961
0.002061236070707146
0.0020035174391913385
0.0019459862785210665
0.001888653010506208
0.0018315308161443613
0.0017746353706008231
0.0017179818948754638
0.0016615924020036525
0.0016054885766605934
0.001549695914863843
0.0014942401200932665
0.0014391537667426159
0.0013844677360331814
0.0013302242472872025
0.001276456389784843
0.0012232117989453709
0.0011705359504151252
0.0011185381853148842
0.001067075291196601
0.0010164068635371585
0.0009665192267218696
0.0009174766931500093
0.0008693384584345878
0.000822173912679469
0.0007760493796131979
0.0007310288759493046
0.0006871825980067401
0.0006445776380130591
0.0006032783065312211
0.0005633520990251335
0.0005248482245714693
0.0004878387559199304
0.00045235904830439157
0.00041844844474749315
0.0003861542480780305
0.0003555006686712945
0.00032649893446022214
0.0002991784821977058
0.0002734884019488768
0.00024946826507263445
0.00022705360035686615
0.00020622542510429021
0.00018698297841550864
0.00016915876854254933
0.00015280156060619595
0.00013780878018239415
0.0001240991972560099
0.0001116074414016673
0.00010026346283942023
0.00008998976895997181
0.00008068359248880891
0.00007223727283205037
0.00006470472304014491
0.000057879568315446616
0.00005173186557407919
0.000046303540319932283
0.00004134146352613811
0.00003693239461831825
0.000033000356101249605
0.000029443974310788166
0.00002623668630397518
0.000023460388350768223
0.000021010153842332157
0.0000187186258367354
0.000016699246248857887
0.000014866119795476175
0.000013276445706982064
0.000011868530834348719
0.000010573104903229141