0.005285440002035385
0.005283752863694286
0.0052778778821731456
0.005266395601671508
0.0052476272648213805
0.005219680417650162
0.005180557640423729
0.005128344209352781
0.0050614740540095475
0.004979043305955956
0.004881104030732986
0.004768846032056644
0.0046445848834574584
0.004511528492533326
0.00437337222191034
0.004233832363061805
0.00409623724731732
0.003963255686221677
0.0038367831359915508
0.0037179586113429107
0.0036072642788451256
0.00350466142300808
0.003409729746085683
0.003321791976339018
0.003240017349026362
0.003163504302419802
0.0030913454987438575
0.003022678348456982
0.002956722949032652
0.002892807905664649
0.002830383749421336
0.002769024028640029
0.0027084154712836346
0.002648340240471428
0.0025886544095197555
0.0025292667948789314
0.002470121196111498
0.0024111834094765394
0.0023524328141535785
0.0022938574151055323
0.002235451055138634
0.002177211814713034
0.0021191410489647807
0.002061242790387235
0.0020035233470465327
0.0019459914947610897
0.0018886576667763676
0.00183153498125088
0.0017746383301120673
0.001717985218531818
0.0016615953608313282
0.001605491744613506
0.0015496975171789373
0.001494242191941507
0.0014391553728760852
0.0013844706445013844
0.0013302256342310045
0.001276458124146305
0.001223212667857971
0.0011705332098371245
0.0011184701450526746
0.0010670767404299419
0.0010164072282314192
0.0009665201476073813
0.0009174767928472408
0.0008693439559631208
0.0008221747172268974
0.0007760491667199873
0.0007310285691244217
0.0006871822143989935
0.0006445772831200132
0.0006032786514800499
0.0005633508861787217
0.0005248491972591445
0.00048783847615684766
0.00045235394973150715
0.0004184539060213334
0.0003861529128523798
0.00035550152205589996
0.0003264990533772118
0.00029917267511503956
0.00027349284190233237
0.00024945402643913975
0.0002270519905101138
0.0002062260886058009
0.0001869638197501215
0.00016915944624223077
0.00015280243013055957
0.00013780495432344527
0.00012410092339384745
0.00011160831081253813
0.00010025895783279161
0.00008998824639965664
0.00008068016754488039
0.00007223441418819682
0.00006470206095075271
0.00005788196216481319
0.00005173789792865023
0.00004629885389827113
0.000041357666292672454
0.00003691752871060968
0.000033004767451608744
0.00002944276285105
0.000026236353043099818
0.000023471562049420673
0.00002100943885836897
0.00001871185557696646
0.000016696715439027886
0.00001490393334182143
0.000013275537177713045
0.000011866216832749751
0.000010586356561840881