0.007839417349618107
0.007825991871740582
0.007779849968261844
0.007692294988089961
0.0075561481336466705
0.0073677583535953954
0.00712872267906574
0.006846454813893632
0.006533114843327345
0.006203228808207889
0.005870980426149476
0.005548154877602598
0.005243177893348156
0.004961122370463405
0.004704282479311161
0.004472933188801992
0.004266036739832793
0.004081796567359221
0.003918046201027926
0.0037724998214268123
0.0036429010788576505
0.0035271033976520478
0.003423107534058483
0.0033290748220416626
0.0032433286594769637
0.0031643523781256545
0.0030907882731051528
0.0030214397065682894
0.002955275915364634
0.0028914366905109182
0.0028292333750209162
0.0027681423859931996
0.002707789392001073
0.0026479250098264506
0.0025883955783008086
0.0025291139144311536
0.0024700344011946078
0.0024111347793060707
0.00235240473285856
0.002293839798350109
0.0022354386459101077
0.00217720210509823
0.00211913292443246
0.0020612357682988362
0.0020035172666723958
0.0019459860779259828
0.001888652925323906
0.0018315307363328845
0.001774634568154326
0.001717981858653189
0.001661592410020326
0.001605488846663155
0.0015496962724926258
0.0014942401761869604
0.001439154276614888
0.001384469438743004
0.0013302242476222735
0.0012764570801155632
0.0012232087180073011
0.0011705318739468336
0.001118469704254069
0.0010670725548108991
0.0010164101991702254
0.0009665199729501781
0.0009174762476715995
0.000869342397039366
0.0008221706254674657
0.0007760486032555601
0.0007310289326426801
0.0006871825367856684
0.0006445776543614069
0.0006032774695883764
0.0005633502479168965
0.0005248491598967459
0.00048783653354373535
0.00045235242662752464
0.00041844956655457744
0.00038615377926491017
0.0003555001455394555
0.00032650127813402827
0.0002991843084075738
0.0002734915055311434
0.0002494532598528129
0.00022706163830405024
0.0002062265513641385
0.00018695996451833797
0.00016915913404941675
0.00015280219903996003
0.00013780514854141995
0.00012410103918877497
0.00011161025898625006
0.00010025976208942504
0.0000899881853584337
0.00008068197965590349
0.00007222895724785795
0.00006469980115335808
0.000057886519610526536
0.00005173817333228731
0.00004629669005914794
0.00004135940228180615
0.00003692085885677311
0.000032999737137081606
0.000029448072063909263
0.000026234185675222762
0.00002347170121948973
0.000021009179311028433
0.000018709889596028508
0.000016697059442710106
0.000014904665000666948
0.000013279758510168379
0.000011865701528025889
0.000010584423178142443