0.0035500822707061576
0.0035500338427465147
0.003549864515095935
0.0035495304471636385
0.003548975333707524
0.003548127312608045
0.003546895310244283
0.0035451646738876752
0.0035427922882669428
0.003539601196648999
0.0035353750912738196
0.003529853236883115
0.0035227267460017104
0.0035136375444560263
0.0035021817893494665
0.0034879197798236153
0.0034703942883209755
0.003449158429919306
0.003423812437369277
0.003394046072555909
0.003359680475490575
0.0033207012019429273
0.003277274359185966
0.0032297407546554155
0.003178588050689331
0.003124406050135191
0.0030678333618441014
0.0030095040430466852
0.0029500011886057086
0.002889822196651955
0.002829358313725206
0.002768889230218418
0.002708591236882269
0.0026485556256333554
0.0025888122322500922
0.002529353266793953
0.0024701531307523583
0.002411182314282881
0.002352415294591443
0.002293833680355712
0.002235426403293143
0.002177188551029519
0.002119119952323063
0.0020612239436042746
0.002003506737954674
0.0019459767464475681
0.001888644646796029
0.0018315237029769681
0.0017746312578851844
0.0017179763951813665
0.0016615873903688086
0.0016054843193297513
0.0015496938540144872
0.0014942365277533837
0.0014391505802621332
0.001384466738341632
0.0013302221303883646
0.0012764550079277402
0.0012232094740306568
0.001170530973959767
0.001118468879520546
0.001067071356633665
0.0010164063019841608
0.0009665191981254853
0.0009174768312942389
0.0008693387453881094
0.0008221769918799116
0.0007760470977341871
0.000731027285349521
0.0006871831563221552
0.0006445767551030144
0.0006032782521886369
0.0005633462087633112
0.0005248473103492995
0.00048783438726378254
0.00045236383607532714
0.0004184482581345389
0.0003861497479778344
0.0003554991889632743
0.00032650699547528934
0.00029918562122337845
0.00027349050359832275
0.0002494662079552596
0.00022705750694142234
0.00020622518810625723
0.0001870064430793398
0.00016915628595607564
0.0001528005082592011
0.00013780881541059937
0.00012409660353922614
0.00011160203696939778
0.00010026431303776989
0.00008998840775579262
0.00008068827857237382
0.00007228084465465883
0.00006469774202420852
0.00005787511881847111
0.00005176594287587768
0.000046314445877862644
0.00004134293411722571
0.00003693093070948024
0.00003300142594545929
0.00002944503529417228
0.000026221353270443404
0.00002345598534665366
0.000021016996506849192
0.000018722043950260093
0.000016698777417023763
0.000014858747052584255
0.000013275670672186775
0.00001186851584076605
0.000010573685924387124