0.0036033230905610793
0.0036032551538649356
0.0036030176482359177
0.003602549226518651
0.0036017713150023195
0.003600584040980452
0.003598861505035829
0.003596446477074758
0.0035931447409199677
0.003588719539522495
0.003582886899819975
0.0035753130441336053
0.0035656155838035258
0.003553370624915328
0.003538128069508039
0.0035194369270087345
0.0034968809798006407
0.003470122469562528
0.0034389478982283844
0.003403306683841241
0.003363332079430464
0.0033193361247543197
0.0032717767043741624
0.003221203028741093
0.0031681924419831795
0.0031132932805221793
0.0030569848906781046
0.0029996589868194383
0.002941619677897924
0.0028830953797699087
0.002824255254457955
0.0027652248175582365
0.0027060981880208286
0.002646946689059284
0.002587824578779461
0.002528772873569805
0.002469822011874447
0.002410993893353156
0.002352303666541542
0.0022937614725097337
0.002235374179974546
0.002177147013266427
0.002119084923852061
0.0020611935904415743
0.0020034800956530456
0.0019459533366300388
0.001888623920288806
0.0018315055750905925
0.001774612483184028
0.001717962079624351
0.0016615755113170419
0.0016054726478019327
0.001549682176781848
0.0014942288551427713
0.0014391430425947922
0.0013844594773625304
0.0013302169121916407
0.0012764499076226912
0.0012232055097454167
0.0011705271928173135
0.0011184641477815784
0.001067071912551733
0.001016403156584121
0.0009665166532916157
0.0009174741670084717
0.0008693368174615094
0.0008221723910202869
0.0007760474817377607
0.0007310274158013168
0.0006871804879681698
0.0006445764502294267
0.0006032777370171512
0.0005633506964520806
0.0005248484226118925
0.00048783804542153257
0.00045235447758511493
0.00041844966322592415
0.0003861569532728046
0.00035550178469366056
0.0003264976377512856
0.0002991763766753327
0.00027349314429581096
0.00024945661404135466
0.00022705263952054787
0.00020622575127957751
0.00018697573635873636
0.00016915828878854902
0.00015280178401606305
0.0001378075968502229
0.0001241004302964505
0.00011160786596722508
0.00010025423065560579
0.00008998836123931169
0.00008068318753238712
0.00007223641871139133
0.00006470289145229269
0.000057881365543635004
0.000051732576248222274
0.00004630268382166325
0.000041353481891608
0.00003693074760943184
0.00003300581764712873
0.000029441223605363658
0.00002623623266325284
0.000023462018869751346
0.000021008202619410924
0.00001871441918817798
0.000016697098179729334
0.000014863883466723564
0.000013272045525552203
0.000011867044721133416
0.000010574232284393486