0.007844917924832554
0.007831492238502378
0.00778534960602565
0.007697793186939951
0.007561643939524411
0.007373250499147066
0.0071342094966628565
0.006851934126705447
0.006538583829605397
0.006208683833248643
0.005876416835850832
0.005553566747334019
0.005248557726355053
0.0049664607408503505
0.004709567623880778
0.004478150544785721
0.004271168458167853
0.004086821028047785
0.003922937598788361
0.0037772279118206222
0.0036474312285345875
0.0035313971084708247
0.0034271236457741085
0.0033327715779525014
0.0032466667307710683
0.0031672987507144635
0.003093320597237785
0.003023550415138719
0.0029569750103670563
0.002892752354827638
0.002830209727126577
0.002768834603739551
0.0027082572159594803
0.002648226157321649
0.002588580536295689
0.0025292229836520403
0.002470097067962527
0.0024111708593022897
0.0023524264614919236
0.0022938541119188515
0.00223544915425997
0.002177210540808057
0.002119140070507127
0.002061241976477119
0.0020035227137253976
0.001945990876079313
0.0018886571416119556
0.0018315344822426385
0.0017746378694525017
0.001717984781071346
0.001661594979120628
0.0016054912328782392
0.0015496989486035592
0.001494241920189879
0.001439155240130729
0.0013844706384863953
0.001330225426263728
0.0012764580460486229
0.0012232086781130912
0.0011705331004196742
0.0011184702369711724
0.0010670776866707778
0.0010164120611138034
0.0009665205091607704
0.0009174766577343594
0.0008692960584066647
0.00082217474297212
0.0007760489371539758
0.0007310287013155944
0.0006871827518168908
0.0006445779569905615
0.0006032785982554279
0.0005633505650876959
0.0005248497058837083
0.00048783749215168813
0.00045235383594889773
0.00041845265975036023
0.000386153356537784
0.00035550128481158023
0.00032650118931294074
0.00029917274167089446
0.0002734919679788221
0.0002494547561332995
0.0002270501581349644
0.0002062264330028444
0.00018696198073081557
0.00016915925065549899
0.0001528023377691935
0.00013780533149937538
0.00012410106701266302
0.00011160883912040075
0.00010025988674944811
0.00008998821467248003
0.00008068227830932738
0.00007223442061697154
0.0000647000598719556
0.00005788650476474469
0.00005173784634526146
0.00004629752679513445
0.00004135946952193083
0.00003691833676546072
0.0000330004265367136
0.000029446721148855596
0.000026235191460338654
0.00002347149472141654
0.00002101039802195446
0.000018710194724982316
0.0000166967595201551
0.000014904370639854527
0.00001327961039274581
0.000011866188606309608
0.000010585188215831527