0.004003993314882066
0.004003778304902609
0.004003027104562418
0.004001547689129481
0.003999097072262318
0.00399537182747362
0.003989998960546394
0.0039825286912303975
0.00397243157367554
0.003959103371669212
0.003941881938118878
0.00392008050613347
0.0038930405089163097
0.0038602035035284303
0.003821195699475713
0.0037759110317841524
0.0037245725543589344
0.003667751205738617
0.003606328631355837
0.0035414056939288745
0.00347417475852359
0.00340578434288982
0.0033372246278586554
0.003269252984115746
0.003202365583910122
0.0031368099056916774
0.00307262649332554
0.0030097065365243176
0.002947853059036583
0.0028868361269387176
0.0028264356304708305
0.0027664685115787887
0.002706800556681798
0.0026473456035784365
0.0025880566896485254
0.002528913966110385
0.002469913253541454
0.0024110574655598345
0.0023523514713404753
0.002293799835092512
0.0022354064120372313
0.0021771748391903713
0.0021191092724438076
0.0020612150212413467
0.0020034989255667468
0.0019459699776893458
0.0018886387026206747
0.0018315182715751123
0.001774623614971563
0.0017179722688894128
0.0016615839746155052
0.0016054817414672237
0.001549688741116745
0.0014942345006991606
0.0014391486420704735
0.0013844647632557387
0.0013302205015352955
0.0012764536541956869
0.001223208780431611
0.0011705298382066098
0.0011184672274835807
0.0010670742199745664
0.001016405056765385
0.0009665182819711383
0.000917475193909169
0.0008693425878872569
0.0008221735553898539
0.0007760481795487698
0.0007310277359621591
0.0006871815134688439
0.0006445766949351305
0.0006032781604161429
0.0005633504756522206
0.0005248488613449702
0.0004878381913601837
0.0004523537214586808
0.00041845371331404336
0.00038615276649598817
0.00035550140115405386
0.0003264989565558797
0.00029917261108951677
0.0002734927705461222
0.00024945396646318326
0.00022705195217592348
0.00020622606021438808
0.00018696383570451165
0.0001691594274961585
0.0001528024320573482
0.00013780494735083067
0.00012410091764759114
0.0001116083059797063
0.00010025891695367387
0.00008998832575932173
0.00008068022068053696
0.00007223294192175761
0.00006470206291329764
0.00005788195220167018
0.000051737801773909976
0.00004629890598945035
0.00004135782553713636
0.000036917461843952045
0.000033004819237893145
0.000029442659257563366
0.000026236191784795846
0.000023471515626555456
0.00002100962979060206
0.000018711856644064347
0.000016696698311435455
0.000014903932259733438
0.000013275313149173897
0.000011866217021087929
0.000010585868099066855