0.0037589810587530512
0.0037588683268680763
0.0037584743056976663
0.0037576975949466236
0.0037564088749033157
0.0037544447941699455
0.0037516012427864375
0.0037476264172559455
0.0037422144390094727
0.0037350007830773985
0.0037255613926734307
0.0037134180054254054
0.0036980526769189825
0.003678934368121336
0.0036555592408617135
0.0036275035099556895
0.003594483316093518
0.0035564110480761774
0.003513433954725147
0.0034659413784757214
0.003414533082338216
0.0033599517726746087
0.003302993817394787
0.003244418658782357
0.003184876301639352
0.003124865179612854
0.003064722897499245
0.003004644007345994
0.002944714246205462
0.002884949876173037
0.002825332970856634
0.0027658372518626056
0.0027064429860250787
0.002647142447019348
0.002587939014277293
0.0025288432060646634
0.002469868243681434
0.00241102669265293
0.002352328718004501
0.002293781792519431
0.00223539135706581
0.0021771618852954905
0.002118961930124946
0.0020612050620571355
0.0020034902099840646
0.0019459622443111421
0.0018886318470076476
0.0018315123318553227
0.0017746184063158613
0.0017179677560125062
0.0016615799949220727
0.0016054785141834556
0.0015496856611382005
0.0014942318381966197
0.0014391460949596145
0.0013844623707869254
0.0013302187817322293
0.001276451948506442
0.0012232069661745658
0.0011705286539815773
0.001118465871905013
0.0010670731916478749
0.0010164041988494096
0.0009665175380584393
0.000917474645400398
0.0008693431058126546
0.0008221730365119922
0.000776048199366919
0.0007310273798878318
0.0006871810817652512
0.0006445764616297345
0.000603277967723972
0.0005633507584473186
0.000524848857588166
0.0004878367169564072
0.0004523530770771245
0.0004184489169903657
0.0003861546888635725
0.00035550144351501
0.00032649803339235257
0.0002991748358876183
0.0002734926422123404
0.00024945374262899347
0.00022705288793610284
0.00020622509600435766
0.00018697006563116853
0.00016915894897043
0.00015280218477700845
0.00013780586676178448
0.00012410066508770754
0.00011160865646622335
0.00010025991390295505
0.00008998847145238118
0.0000806823627912267
0.00007223541129982414
0.0000647016582533032
0.000057880797084987635
0.000051735372438852476
0.000046295528100131824
0.00004135573547582672
0.000036934488614628286
0.00003300460722062212
0.00002944233452379441
0.000026235121607900333
0.000023464181139343594
0.000021007911431681525
0.000018713334221800106
0.000016697451067123478
0.000014866213536739951
0.000013272595064269315
0.000011866003483705044
0.000010583103683703728