0.0033928924072794187
0.003392864732653348
0.003392767955961035
0.0033925769661819895
0.00339225943164992
0.003391773933222483
0.0033910677198603434
0.0033900739005623347
0.003388708181295307
0.0033868649957721985
0.0033844131004668746
0.003381190735960475
0.003377000607234988
0.003371605147478524
0.003364722821221925
0.0033560265845402567
0.0033451460060733356
0.0033316748539754136
0.0033151859814663774
0.0032952548399875067
0.00327149166451194
0.00324358023068855
0.0032113183804458644
0.003174653064026263
0.0031337016257287392
0.0030887524839059194
0.0030402423981095755
0.0029887131406915205
0.0029347556790815495
0.0028789529832812313
0.0028218321958397644
0.0027638336340132176
0.0027052988538286632
0.002646475331061241
0.002587531758053639
0.0025285776274529713
0.002469681557606012
0.0024108856981173484
0.002352215721220828
0.002293687265418889
0.002235310102684653
0.002177090972757222
0.002119035611982811
0.0020611500716512846
0.00200344171490852
0.0019459194306267473
0.0018885941184759647
0.0018314791734218873
0.0017745920309374507
0.001717941877856008
0.0016615570383185377
0.0016054576554224128
0.001549670450540864
0.001494216022812114
0.00143913263392206
0.0013844510547512956
0.0013302084449125608
0.001276443088611875
0.0012231991114734129
0.0011705219832696143
0.0011184610959306391
0.0010670646444911511
0.0010164005098153338
0.000966514222039518
0.0009174725653766521
0.0008693351049906475
0.0008221738851616976
0.0007760444706993069
0.0007310250650875073
0.0006871812823691085
0.0006445751867608135
0.0006032769427460641
0.0005633451288585997
0.0005248464164431854
0.0004878336468613508
0.00045236320574659587
0.00041844776524491275
0.0003861493627406637
0.0003554988726208144
0.0003265067294439617
0.0002991854649160929
0.00027349034316720243
0.0002494660627260275
0.0002270574118096276
0.00020622510774290744
0.00018700651033860377
0.00016915624606172143
0.00015280053015729708
0.000137808855414921
0.00012409659258608098
0.00011160202945816228
0.00010026430663527562
0.00008998865523907484
0.00008068844671565635
0.00007228090276438285
0.0000646977039706058
0.00005787511655578832
0.000051765940857066576
0.00004631462377944587
0.00004134272069506815
0.000036930949449828864
0.00003300143572890267
0.00002944474624342905
0.000026220330410076103
0.000023455770846078376
0.000021016395484019228
0.000018721600797436597
0.000016698913232481687
0.00001485817958858855
0.000013275462240986392
0.000011868541007523654
0.00001057393968163182