0.005274278983742077
0.005272592278379858
0.005266718811061299
0.005255239519303226
0.005236476152778828
0.005208536908107204
0.005169425196646318
0.005117227351653132
0.005050378641111061
0.004967976883108287
0.00487007625696495
0.004757869199216804
0.004633674538433887
0.00450070417012669
0.004362658287507625
0.00422325894973035
0.004085841246767121
0.003953081713743762
0.003826884343609981
0.0037083971347253303
0.0035981110492402345
0.00349599497258205
0.003401633600017556
0.003314350286700571
0.0032333086121328013
0.0031575934172995727
0.003086275029236451
0.0030184605230589227
0.002953334391486728
0.0028901889854089174
0.0028284435535582213
0.0027676504296843714
0.0027074881706434955
0.002647743753835061
0.002588288175836436
0.0025290507933528627
0.002469997000195548
0.002411111805208647
0.002352389605760925
0.002293828890110208
0.0022354300770550135
0.0021771949571353037
0.0021191267618268497
0.002061230376032521
0.0020035125220804503
0.001945981897330491
0.0018886492380186272
0.0018315274941696068
0.0017746317136858065
0.0017179793504283726
0.0016615902046389424
0.0016054869404887272
0.0015496947326893763
0.001494238688489507
0.0014391524589909422
0.0013844682697409104
0.0013302232580798764
0.0012764562047777952
0.0012232077478075074
0.0011705316886297433
0.001118469109733312
0.0010670717451524894
0.0010164101032060062
0.0009665196386383592
0.0009174759487364229
0.0008693422605450239
0.0008221700877349772
0.0007760484278355688
0.0007310283450497879
0.0006871824079184485
0.0006445775806282461
0.0006032775785426805
0.0005633502231822639
0.0005248497398526881
0.0004878366198821211
0.00045235367159453954
0.00041844963734084865
0.0003861536401244653
0.000355500041039306
0.0003265012796865973
0.0002991721270448852
0.00027349161122121215
0.00024945316010524776
0.00022706184764315293
0.00020622651679571262
0.0001869608747999531
0.00016915918017970798
0.0001528022403074266
0.00013780519276200624
0.00012410105878528585
0.00011160971341869807
0.00010025979997439232
0.00008998813797760693
0.0000806821983936658
0.000072228731504066
0.00006469916744119741
0.00005788655026359778
0.000051737985433050714
0.00004629704280962155
0.000041359362018137115
0.000036921063247351435
0.00003299977513164314
0.00002944807135463519
0.000026234334352791547
0.000023471390308162668
0.0000210094016286051
0.000018709864312385704
0.000016697067685952346
0.000014904245724308688
0.000013280053225185879
0.000011865444260410487
0.000010584470962476507