0.0044407518921645295
0.004440248129918186
0.004438489606509977
0.004435033245588497
0.004429327822428624
0.004420702084427251
0.004408360205869154
0.004391390609566056
0.004368795675201284
0.0043395499944326845
0.004302692106878557
0.004257447575669
0.004203369621128359
0.004140470003895542
0.004069303666749553
0.003990973402752592
0.0039070391675951645
0.0038193454038672942
0.0037298058419342273
0.003640195856736007
0.0035519938288010155
0.003466292085435147
0.003383776245476911
0.003304757709855609
0.003229239062412414
0.0031569941821858578
0.0030876495049936246
0.003020757561483686
0.0029558574377770356
0.0028925193126352732
0.002830372294769521
0.0027691167672176426
0.0027085242228351214
0.0026484287319015177
0.002588714388461129
0.0025293023628970126
0.002470139869440393
0.0024111919638168983
0.0023524360050836655
0.002293858085902491
0.002235450696970382
0.0021772111178472316
0.002119003979319364
0.0020612420759534493
0.0020035227645248954
0.0019459909297311272
0.0018886571297654178
0.0018315346096705984
0.0017746380253385412
0.0017179850215480216
0.0016615951761047743
0.0016054918517404927
0.001549697362373662
0.0014942420931475567
0.0014391550689858209
0.0013844702119637923
0.001330225625478659
0.001276457908223732
0.0012232121480295229
0.0011705331495195875
0.0011184697615437473
0.0010670765520356148
0.0010164070939876946
0.0009665200254393358
0.0009174767772259056
0.0008693449301300858
0.0008221745854847217
0.0007760495161957289
0.0007310284906913607
0.0006871820160936105
0.0006445772458589965
0.0006032786224553927
0.0005633513061894563
0.0005248493060588183
0.00048783709186144404
0.00045235337981535756
0.0004184491652512626
0.00038615488835671625
0.00035550160485450636
0.0003264981622241119
0.0002991749226184822
0.00027349273635040574
0.0002494538242999797
0.00022705294016287634
0.0002062251325237522
0.00018697003205282706
0.00016915897264683404
0.00015280218079084674
0.00013780587736855488
0.0001241006714246075
0.00011160866221306732
0.00010025997025666892
0.00008998836575589908
0.0000806822896517859
0.00007223565884530576
0.00006470165382062163
0.000057880809592760325
0.00005173552997693535
0.000046295461910448506
0.00004135575088443336
0.0000369340958424431
0.00003300453888884193
0.000029442472901654126
0.000026235336710399334
0.000023464275338207513
0.000021007668955774584
0.000018714641412911026
0.000016697470464054324
0.00001486644037464167
0.000013271136890630859
0.000011866005416433913
0.000010585886048247837