0.004423598295686254
0.004423095225467838
0.004421339122186205
0.004417887538055859
0.00441219005856168
0.004403576470506695
0.004391252275621217
0.004374307584479162
0.004351746912772829
0.004322547542043713
0.004285751380411984
0.004240588182010944
0.004186616341089706
0.0041238539440646245
0.00405286357986848
0.003974757137098631
0.0038911051829537214
0.003803764215928858
0.003714661176259684
0.003625585177970611
0.0035380277987624655
0.0034530923655067217
0.003371471080675982
0.0032934747610429646
0.0032190954010934856
0.003148083986934012
0.0030800309493557807
0.0030144413341893603
0.0029507998710748104
0.0028886227272010333
0.002827493676692408
0.0027670836055823716
0.002707154143523407
0.002647548472505753
0.0025881741890540584
0.002528983662595303
0.002469956395379579
0.002411085934152035
0.0023523718089197136
0.002293815551407088
0.002235419325528257
0.002177185865841403
0.002119118876739223
0.002061223459538041
0.0020035064310017802
0.0019459765299297876
0.001888644497850272
0.0018315233417926602
0.0017746280589283187
0.0017179761477168858
0.0016615873881355406
0.0016054845641105655
0.0015496930942834246
0.0014942367926666666
0.0014391507528105426
0.001384466717498864
0.0013302220045017007
0.0012764550660159326
0.0012232060927444724
0.0011705308526715886
0.0011184682917837897
0.0010670760043241057
0.0010164106052072718
0.000966519264617113
0.0009174755918627296
0.0008692951861791578
0.0008221739683682782
0.000776048279217653
0.0007310281456455425
0.00068718228365699
0.0006445775637650301
0.0006032782709717969
0.0005633502915690909
0.0005248494810428812
0.0004878373028282899
0.0004523536837647436
0.00041845253179140837
0.0003861532590052252
0.0003555012046047225
0.00032650112207985933
0.0002991726988149094
0.0002734919206186096
0.00024945471584678894
0.00022705013428118618
0.00020622641375285346
0.00018696199116119473
0.00016915923831215064
0.00015280233863987786
0.0001378053263745132
0.0001241010630389029
0.00011160883560964333
0.00010025985856350674
0.00008998826805233099
0.00008068231098621803
0.00007223429839690258
0.00006470005614885514
0.00005788650268035458
0.000051737783219201384
0.000046297560751504544
0.00004135947163189148
0.00003691829212786928
0.00003300044696925107
0.000029446657143859496
0.000026235081314203992
0.000023471463743326112
0.000021010530933911186
0.000018710195237724827
0.000016696754649295877
0.000014904368974704114
0.000013279580737327565
0.000011866187841763594
0.000010585182771582704