0.012973660854317283
0.012867530937356477
0.01252066972581463
0.011928712629858111
0.011143961530863167
0.010254868768340239
0.009350017545972634
0.008493305777304339
0.007719012450318457
0.007038711999098712
0.0064504813716291815
0.005945945556508564
0.00551452923692179
0.005145646749504478
0.00482966123153656
0.004558194868996775
0.004324130691895956
0.0041214862880554785
0.0039452482199054855
0.003791207608080601
0.0036558132428436865
0.0035360472726194154
0.0034293236522711756
0.0033334077712277315
0.0032463552668444413
0.0031664680139079373
0.00309226513562591
0.00302246634124263
0.00295598396299432
0.002891919054224972
0.002829556410142822
0.0027683540114021602
0.002707924428646262
0.0026480086983474917
0.0025884459613106925
0.0025291435508502168
0.002470051698142651
0.002411145086882415
0.002352411254657562
0.0022938443244225784
0.0022354421054098547
0.0021772049479176973
0.0021191353588541216
0.0020612378927068746
0.002003519133834387
0.0019459877228621058
0.001888654374343497
0.0018315320146594838
0.0017746356940222313
0.0017179828503122191
0.0016615932819494786
0.001605489620395604
0.0015496969843175662
0.0014942407656264082
0.0014391548060591812
0.0013844698817852877
0.001330224641752426
0.0012764574200863723
0.0012232089608881379
0.0011705321170300336
0.001118469920470233
0.0010670726669138842
0.0010164104470556348
0.0009665201226046759
0.00091747637269603
0.0008693425341272483
0.0008221706332902038
0.0007760486861537436
0.0007310290098152847
0.0006871825939416977
0.0006445777095217721
0.0006032777708716558
0.0005633502928814064
0.0005248491739366864
0.00048783659016350586
0.0004523524282834679
0.00041844960760908397
0.0003861537629898903
0.0003555001343304183
0.00032650129096651085
0.0002991844436626718
0.0002734915406629347
0.00024945324231142154
0.00022706172415734287
0.00020622654663539605
0.00018696060129652338
0.00016915914779023513
0.00015280220917340587
0.00013780516051380438
0.00012410104485068856
0.00011161024429872511
0.00010025977656101992
0.00008998816349022387
0.00008068202746028478
0.00007222892341881498
0.00006469981795120851
0.000057886568930743684
0.00005173813850434873
0.00004629669529798137
0.000041359391905137176
0.00003692082020763654
0.000032999742802218545
0.000029448082824310656
0.000026234193405715332
0.000023471696339960058
0.00002100914708099792
0.000018709916576997182
0.000016697062491567818
0.000014904646303159401
0.000013279775231592904
0.00001186540696364036
0.000010584465458565532