0.0034950501372830226
0.0034950123855364322
0.0034948803764487685
0.003494619886010224
0.003494186892042696
0.003493525089889259
0.00349256287680687
0.0034912097439766345
0.0034893520427058977
0.0034868481472763242
0.0034835231355033755
0.003479163267211989
0.003473510778757216
0.003466259839981004
0.003457054947062229
0.003445493322346718
0.003431133729204213
0.003413513158406093
0.003392173505081079
0.0033666979120403977
0.003336754515351775
0.003302142130325308
0.0032628296807183633
0.0032189800417765342
0.0031709505596281664
0.0031192669671163435
0.0030645735671188832
0.0030075683225681787
0.0029489349583945532
0.0028892843641726926
0.002829114285138507
0.0027687917724481675
0.002708556869358128
0.0026485425778347595
0.0025888028451923643
0.002529342139984835
0.00247013996282259
0.002411168234674427
0.00235240140073717
0.002293820663280916
0.002235414570742542
0.0021771779547345893
0.0021191105485288005
0.00206121560494221
0.002003499327076015
0.001945970204858995
0.0018886388718884145
0.0018315191479513079
0.0017746299461943377
0.0017179721693796686
0.0016615839852700607
0.0016054810634789538
0.0015496881684750482
0.0014942338310502377
0.0014391481596852636
0.0013844644807627583
0.0013302242626952823
0.0012764534620868316
0.0012232084004994215
0.001170530079596742
0.00111846813067323
0.001067074110344919
0.0010164062278505053
0.000966518934450762
0.0009174756324577732
0.0008693382969493376
0.0008221793907953161
0.0007760473449260643
0.0007310262133772876
0.0006871858639519103
0.0006445774331589043
0.0006032784297091194
0.0005633459956762334
0.000524845096976399
0.00048783460627208265
0.0004523670804099089
0.0004184481851461589
0.0003861498987659616
0.000355501160840421
0.00032650676118738266
0.000299189143730538
0.0002734903892318937
0.00024946275248328325
0.00022704916300885354
0.0002062238540184058
0.00018702540082328508
0.00016915640767696435
0.0001528015136325923
0.00013780196232879364
0.00012409813379740073
0.0001116257927442324
0.0001002649600537329
0.00008998673208145049
0.00008068852899317707
0.00007228909422501623
0.00006468525690601455
0.000057868890354109574
0.00005176460287203548
0.0000463152605853315
0.00004133642726953801
0.000036930491961378604
0.00003300359340412377
0.000029446397693448952
0.000026215654904399885
0.0000234547403954003
0.00002101586262757151
0.00001872555079757506
0.000016700066493078102
0.000014855811876814144
0.000013277330529727982
0.000011869729909184464
0.000010571061992808328