0.003468143947896654
0.0034681107387524207
0.0034679946095806696
0.0034677654340405863
0.0034673844321359564
0.0034668019507950476
0.0034659547509693386
0.003464762730516918
0.0034631250270517715
0.003460915480688789
0.0034579775054066056
0.003454118535915082
0.003449104404076901
0.003442654274432035
0.0034344371425430883
0.003424071357326699
0.003411129101671425
0.0033951481018286924
0.00337565277369259
0.0033521862015754595
0.0033243524521338382
0.0032918656808474775
0.003254598790428521
0.003212621307049555
0.003166215417695689
0.0031158621976540104
0.003062196912137211
0.003005940666386919
0.0029478223776540045
0.002888507774941351
0.002828547785294808
0.0027683539574703433
0.0027081991213863594
0.002648238125673595
0.0025885373791951238
0.0025291082192798174
0.00246993327471406
0.0024109856094437277
0.002352240123626692
0.0022936783410914497
0.0022352890101248555
0.0021770671517522453
0.002119012760586718
0.0020611292219482906
0.0020034230784115553
0.0019459029821289136
0.0018885794269047087
0.0018314682050269294
0.0017745915839190948
0.001717931576064593
0.0016615481743945412
0.0016054497348392135
0.001549659964705446
0.0014942087648694255
0.0014391260999075664
0.0013844468763987026
0.0013302054787248043
0.001276439792936814
0.0012231960251729002
0.0011705191859416207
0.0011184591510506677
0.0010670663287678788
0.001016399787659886
0.00096651594513546
0.0009174700258045991
0.0008693336292782312
0.0008221811360504034
0.00077604451957455
0.0007310245620803992
0.0006871794590614498
0.0006445757671948487
0.0006032770785296662
0.0005633507736281241
0.0005248417915189171
0.0004878346616577989
0.0004523720156050937
0.0004184753289106395
0.0003861455463370504
0.00035550088067327163
0.0003265093303998996
0.0002991656451018436
0.00027349107120403827
0.0002494656869302067
0.00022704580412156766
0.00020622211892739624
0.00018705018492420748
0.0001691537594223723
0.00015280241863771535
0.0001378041236198328
0.00012410473730034707
0.00011160585878834667
0.00010026544829282184
0.00008998836624986016
0.00008068595019709191
0.00007228499141729566
0.00006468799084613726
0.00005786296553386347
0.00005176395088414098
0.00004630468683176851
0.000041340636173479084
0.00003692699408938062
0.00003300651075260935
0.0000294453845948537
0.000026217863894765467
0.000023451053700365555
0.000021018579227047427
0.000018725281633456957
0.00001670158865761595
0.000014864027012638884
0.0000132723666399048
0.000011865813219360394
0.000010592549489231637