0.0052851937726464985
0.00528350663856013
0.00527763167191907
0.0052661494207903595
0.0052473811327952554
0.005219434360369497
0.0051803116919770294
0.0051280984142762056
0.0050612284701035525
0.004978798007795868
0.0048808591140202815
0.004768601618975414
0.004644341129211568
0.004511285593236708
0.00437313042397456
0.004233591974152129
0.004095998648814046
0.0039630193468816405
0.0038365496261414138
0.0037177286163648203
0.003607038610056808
0.003504441023096155
0.0034095156853603597
0.00332158543549757
0.0032398195841069977
0.0031633165889780896
0.0030911690553634694
0.0030225142446088514
0.0029565720082104104
0.0028926706197869357
0.002830260222214968
0.0027689139621610882
0.0027083182009103256
0.002648254812201701
0.0025885796834393135
0.002529201553937786
0.002470064241135566
0.0024111336280739247
0.0023523892196952723
0.0022938191591938407
0.0022354174211822253
0.00217718220118252
0.0021191149494291755
0.002061219774893322
0.002003503046850068
0.0019459735905794106
0.001888641880339898
0.0018315210681030653
0.0017746260755397997
0.001717974432765875
0.0016615858762443893
0.0016054834111664529
0.0015496902057326974
0.0014942357839184677
0.0014391497649048357
0.0013844657443650116
0.0013302213574207797
0.001276454399579303
0.0012232094283463938
0.001170530400307017
0.0011184677140756861
0.001067074640191627
0.0010164054187646718
0.0009665185929833744
0.0009174754603525167
0.0008693428106556161
0.000822173749111843
0.0007760483438898595
0.0007310278748688453
0.0006871816304250539
0.000644576792973322
0.0006032782422757451
0.0005633505434496622
0.0005248489176975555
0.00048783823656851883
0.0004523537589565816
0.0004184537410988621
0.00038615279361432347
0.00035550142136008217
0.00032649897925671737
0.00029917260260486537
0.0002734927851404063
0.0002494539936409016
0.00022705195565031271
0.00020622606676556674
0.00018696377796688528
0.00016915943011757423
0.00015280241615912466
0.000137804944512737
0.00012410091612881095
0.00011160831381739729
0.00010025895820744995
0.00008998824199031858
0.00008068015630330933
0.00007223441998463081
0.00006470205388947549
0.00005788196936187417
0.000051737910035633896
0.00004629884589246914
0.00004135766911419016
0.000036917546141174845
0.000033004758200945385
0.000029442773874196902
0.00002623635994509268
0.000023471566801661097
0.000021009430221645843
0.00001871184605392098
0.000016696712469754632
0.000014903939338582054
0.000013275542651020657
0.000011866212996980813
0.000010586346736264809