0.00784475549843027
0.007831329814820608
0.007785187191858386
0.007697630791554247
0.007561481575377913
0.0073730881827959085
0.007134047249907014
0.006851771978028925
0.006538421815980397
0.00620852200238573
0.005876255248990509
0.0055534054826872755
0.005248396883308904
0.004966300445057106
0.004709408033319134
0.004477991856878478
0.004271010917907606
0.004086664936974996
0.003922783324417606
0.0037770758967882114
0.003647281998233118
0.0035312512754143216
0.0034269819082797907
0.003332634710251163
0.0032465355615733703
0.0031671741279709386
0.003093203338706699
0.003023441247547418
0.0029568745039926436
0.002892660864049876
0.0028301273491816046
0.0027687611659976633
0.0027081922962993933
0.0026481691341940627
0.0025885306578300096
0.0025291794414618813
0.0024700590622520205
0.002411137646450316
0.002352397381238321
0.0022938285963653637
0.0022354267238668688
0.002177190793257238
0.0021191226673031257
0.002061226630413551
0.0020035091785983133
0.0019459789388141027
0.0018886466165057875
0.0018315252062633617
0.0017746296993890844
0.0017179775903584703
0.0016615886559283464
0.001605485677274779
0.0015496940706872734
0.0014942376481602996
0.0014391515013766913
0.0013844673715761406
0.0013302225750970447
0.001276455562941814
0.0012232065251674435
0.0011705312274069588
0.001118468616177796
0.0010670762844568863
0.001016410845993871
0.0009665194719483588
0.0009174757694917295
0.0008692953644366396
0.000822174097515948
0.0007760483887787568
0.0007310282382342544
0.0006871823615889997
0.000644577629043132
0.0006032783255455195
0.0005633503367866265
0.0005248495186524507
0.0004878373330454802
0.00045235370879002137
0.0004184525505762646
0.0003861532769778989
0.00035550121807799835
0.0003265011368070712
0.00029917269283628634
0.00027349193072205146
0.0002494547334722091
0.0002270501373487064
0.0002062264180712281
0.00018696195366228554
0.00016915924000145656
0.00015280232833641145
0.00013780532429441902
0.00012410106190203642
0.00011160884089078743
0.0001002598855177851
0.00008998821207976402
0.00008068226722177896
0.00007223442444043336
0.00006470005640179089
0.000057886505089641194
0.00005173785535963512
0.000046297522635341276
0.00004135947050626056
0.00003691834821105597
0.00003300042301983278
0.00002944672465697164
0.000026235196904767894
0.000023471497898864288
0.000021010392193188655
0.00001871019061541732
0.000016696758654227785
0.000014904374271338863
0.000013280230663231684
0.000011866185784694557
0.000010585181601133565