0.003759314348045599
0.0037592016101412945
0.003758807567919569
0.0037580308156142357
0.0037567420264565205
0.0037547778399855394
0.0037519341346493214
0.003747959092182382
0.0037425468152725706
0.003735332755258409
0.0037258928255361097
0.0037137487263885823
0.003698382466891352
0.0036792629504733753
0.0036558862683596805
0.0036278285495968165
0.003594805831994379
0.0035567303829213645
0.0035137493108292114
0.0034662518002684804
0.003414837443222772
0.003360248770029699
0.0033032819811259625
0.0032446963790699612
0.0031851418812265764
0.003125116913741157
0.0030649591799753783
0.0030048634545054
0.0029449158230421247
0.0028851330032314782
0.0028254975896496166
0.0027659838324959173
0.002706572472663758
0.002647256151182724
0.002588038477592214
0.0025289300590012986
0.0024699440838212745
0.0024110929973543147
0.0023523867957043008
0.0022938327679762754
0.0022354361806761697
0.002177201355477524
0.002118996394826877
0.0020612357426659593
0.002003517272284703
0.0019459861133567418
0.001888652893298739
0.001831530881297834
0.0017746347448102727
0.0017179821365397667
0.0016615926407121822
0.0016054896255642155
0.0015496954096082555
0.0014942403822279773
0.0014391535719010613
0.0013844689038293734
0.0013302244843121014
0.0012764569143885987
0.0012232112841177017
0.0011705324000573251
0.0011184691127512838
0.00106707599174859
0.0010164066113233304
0.0009665196107576085
0.0009174764219735418
0.0008693446337582657
0.0008221743271876642
0.0007760492970755432
0.0007310283054817629
0.0006871818601479633
0.0006445771151081373
0.0006032785133085603
0.000563351215840118
0.0005248492310299266
0.00048783703122065516
0.00045235332979378816
0.00041844912407909963
0.00038615485346104233
0.00035550157789902744
0.00032649813130501996
0.0002991749362949039
0.0002734927164034679
0.0002494537868452737
0.0002270529359195586
0.000206225123329944
0.00018697012933944105
0.00016915896888708068
0.0001528022024011518
0.00013780588170047862
0.00012410067391548904
0.00011160865415749599
0.0001002599157865686
0.00008998847787394848
0.00008068238102760787
0.00007223540665952711
0.00006470166578048336
0.00005788078613545254
0.000051735356517694176
0.00004629553136653883
0.000041355728756200804
0.00003693406708708369
0.000033004618430746444
0.000029442320100895098
0.000026235109881164655
0.0000234641664404822
0.000021007920030437015
0.000018713348496725766
0.00001669745570674748
0.000014866186923863923
0.00001327261515880843
0.000011866008006829542
0.000010583114834903338