0.003603748048817998
0.0036036801039901305
0.0036034425699223577
0.0036029740920692833
0.0036021960871888514
0.003601008670336602
0.003599285926447002
0.0035968706054972962
0.0035935684660309774
0.0035891427190675746
0.003583309351394027
0.0035757345351054384
0.0035660358190879723
0.0035537892323234226
0.003538544582490505
0.0035198507647857214
0.0034972914251879894
0.0034705286453184095
0.0034393487435116993
0.0034037009334320187
0.0033637182496896573
0.003319712511750546
0.0032721414008351777
0.003221553966905306
0.0031685274682148232
0.0031136102639195942
0.0030572818614746063
0.0029999342918595306
0.0029418721319831166
0.002883324386469969
0.0028244608712316467
0.002765407749006566
0.0027062597059674736
0.0026470884943217816
0.0025879486314844156
0.0025288812229501464
0.002469916652062539
0.0024110766613504486
0.0023523761864371957
0.0022938251399095356
0.002235430174775627
0.00217719632770946
0.002119128395046996
0.002061231930440501
0.002003513916119408
0.0019459831678165498
0.0018886502244491678
0.001831528759753555
0.001774632904907757
0.001717980053090596
0.001661591318167411
0.001605486531436424
0.0015496943622507146
0.001494239535287217
0.0014391523880498355
0.00138446764279597
0.00133022404082851
0.001276456114555525
0.0012232109074479692
0.0011705318751858641
0.001118468197967097
0.0010670754122209614
0.0010164061718932467
0.0009665192439650289
0.0009174763880674574
0.000869338712265261
0.000822174004100327
0.0007760488525678109
0.0007310285738557501
0.0006871814604533589
0.0006445772677192729
0.0006032784189553079
0.0005633512676882632
0.0005248488890229309
0.0004878384407519579
0.0004523547972421763
0.00041844992382320185
0.0003861571646632806
0.0003555019534966154
0.0003264977609470573
0.0002991765030787698
0.0002734932369844042
0.00024945667737653426
0.00022705269778101593
0.00020622578803199598
0.00018697582335839796
0.00016915831185903212
0.0001528018046369342
0.00013780761892207726
0.00012410044080805334
0.00011160786249128812
0.00010025421964690472
0.00008998836900967348
0.00008068321078894886
0.00007223641511047893
0.00006470290228815175
0.00005788135633382643
0.00005173255204176974
0.00004630270238433097
0.00004135358114278057
0.00003693072032692424
0.00003300583306700961
0.000029441274289104123
0.00002623622000275677
0.00002346199888960109
0.000021008213773884922
0.00001871443752092938
0.000016697102426629345
0.000014863849146962751
0.000013272033537710687
0.000011867051879465525
0.000010574234820405636