0.012976279916502126
0.012870149898304093
0.012523288332716626
0.011931330537936009
0.011146578276767245
0.010257483736563742
0.009352629926607441
0.008495914513135694
0.007721616170907292
0.007041308939162284
0.0064530692707626455
0.005948521537193708
0.005517089658010994
0.005148187033208209
0.004832175663769034
0.00456067637581674
0.004326570603344083
0.004123874102260515
0.003947571400134442
0.0037934514623312195
0.003657960947445928
0.003538080129236643
0.003431221676401106
0.003335150703476176
0.0032479240549062533
0.003167846719282867
0.0030934430731627484
0.003023440089101173
0.0029567587514288856
0.0028925090441311125
0.002829983573280969
0.002768645702102534
0.002708110153606265
0.002648116849806778
0.0025885012462303794
0.0025291655501845966
0.002470054589240751
0.0024111382454836423
0.0023524003198625706
0.0022938323479005374
0.0022354305371750766
0.002177194354611752
0.002119125878879205
0.0020612294873291912
0.0020034550566766125
0.0019459811686280434
0.0018886485886684696
0.001831526929611126
0.0017746312162424712
0.0017179789171171175
0.001661589823036437
0.0016054866448559865
0.001549694650268591
0.001494238432707138
0.001439152216747348
0.001384468032917206
0.0013302230916283273
0.0012764560414290542
0.0012232073355358073
0.001170531574334998
0.0011184689729962388
0.0010670712451260518
0.0010164104513525286
0.0009665196110735665
0.0009174759096059784
0.0008693423777281881
0.0008221696499242522
0.0007760484324523245
0.0007310283198102294
0.000687182402841407
0.0006445776129126486
0.0006032783882524168
0.0005633502783561073
0.0005248495563783296
0.00048783704897177696
0.0004523536933459153
0.0004184521886508322
0.00038615349505166164
0.0003554999328926689
0.000326501308128218
0.00029917225708932027
0.00027349172697777724
0.0002494547230213023
0.0002270621716821669
0.00020622647844707788
0.00018696130530840158
0.00016915991420276828
0.00015280228464538658
0.00013780524161893847
0.00012410108295979897
0.00011160958843800394
0.00010025983795119325
0.00008998831507678239
0.0000806819291029581
0.00007223374473294256
0.00006469922704547615
0.00005788652343222084
0.00005173770448049694
0.00004629707854220109
0.00004135931030066272
0.000036920917344220604
0.0000330002042498644
0.00002944662469298869
0.000026234600785297328
0.000023471365962635666
0.000021009636569871164
0.00001870999221793371
0.000016697084881946415
0.000014904152379852698
0.000013280137423743209
0.000011865630708978855
0.000010585535167209177