0.0035013374286711166
0.0035012917315061457
0.0035011319532567
0.0035008167309698505
0.0035002929492065084
0.0034994928390429353
0.0034983305148278123
0.003496697926541664
0.003494460266680482
0.0034914509762129678
0.0034874666617042203
0.003482262481343998
0.003475548887502672
0.0034669910072088897
0.003456212327946498
0.003442804583585544
0.0034263455613074032
0.003406425678117396
0.003382682385567516
0.003354838847474407
0.0033227405510951736
0.003286381792693061
0.003245914680893661
0.00320163698991135
0.0031539608780458243
0.003103369728045115
0.0030503727660435337
0.002995465794424338
0.002939102593447283
0.002881677640930492
0.0028235184519924852
0.0027648852703868435
0.0027059761287550445
0.002646935556214829
0.0025878651292982175
0.0025288340757899227
0.0024698884895691976
0.0024110584780108676
0.0023523633350723385
0.0022938152440630482
0.0022354220432660964
0.002177189375988368
0.002119122328627526
0.002061226591342808
0.002003509208085097
0.0019459790574196656
0.0018886466579110073
0.0018315252249999842
0.001774630450791015
0.0017179775680490632
0.0016615885993962703
0.0016054852376695449
0.0015496929859554504
0.0014942375538817285
0.0014391515212348346
0.0013844657738669383
0.0013302225355938686
0.0012764548990732544
0.0012232105031075586
0.0011705348282018628
0.001118537246505608
0.0010670744507757365
0.0010164061395485295
0.0009665186047056312
0.0009174761602741335
0.0008693380033141842
0.0008221735252261773
0.0007760490509049638
0.0007310285981561175
0.0006871823641087872
0.0006445774418987914
0.0006032781428063832
0.000563351963440574
0.0005248481120001941
0.00048783866540720735
0.0004523589741505164
0.00041844838280830727
0.00038615419997582403
0.00035550062823566127
0.0003264988858993371
0.00029917851380085656
0.0002734883592174475
0.0002494682577320062
0.0002270535948075202
0.00020622541064787878
0.00018698314388330845
0.00016915876270428735
0.00015280159604941042
0.00013780879055131948
0.0001240991988519591
0.00011160742867878192
0.00010026346491892793
0.0000899898394252071
0.00008068373484282312
0.0000722368962922216
0.00006470475415188445
0.000057879524852396386
0.000051731595483075295
0.000046303674752704435
0.00004134127138378367
0.0000369327959000183
0.00003300230005047224
0.000029444055660765708
0.000026236386066585636
0.000023460200753845604
0.000021011939519234694
0.00001871866701683352
0.000016699689150163897
0.00001486493895025101
0.000013278068546661922
0.000011867629264635406
0.000010572927096333322