0.004440418602871982
0.004439914846644969
0.004438156344288074
0.0044347000249208846
0.004428994670875419
0.0044203690386116585
0.004408027314006271
0.004391057934639621
0.004368463298938185
0.004339218022251674
0.004302360674015879
0.004257116854705823
0.00420303983115599
0.004140141421543504
0.004068976639251586
0.003990648363111464
0.003906716651694302
0.003819026069022107
0.003729490485830162
0.0036398854349239803
0.003551689467916461
0.0034659950880800566
0.0033834880817457356
0.0033044799895680043
0.00322897348282519
0.0031567424480575556
0.0030874132225174908
0.0030205381143242785
0.002955655860940373
0.0028923361855768314
0.0028302076759765386
0.0027689701865843304
0.0027083947361964426
0.002648315027738141
0.002588614925146208
0.0025292155099603778
0.002470064029300554
0.0024111256591155135
0.002352377927383866
0.0022938071104456467
0.0022354058733600217
0.0021771716476651983
0.002118969514617433
0.0020612113953446254
0.002003495702224258
0.0019459670606855274
0.001888636083474326
0.0018315160602280862
0.0017746216868441294
0.0017179706410207615
0.0016615825303146646
0.0016054807403597336
0.001549687613903606
0.0014942335491161982
0.0014391475920443736
0.0013844636789213441
0.0013302199228987872
0.0012764529423415754
0.0012232078300863864
0.0011705294034438398
0.0011184665206974765
0.0010670737519348997
0.0010164046815137745
0.0009665179527401668
0.0009174750006527619
0.0008693434021844747
0.0008221732948090497
0.0007760484184871049
0.0007310275650974295
0.0006871812377108988
0.0006445765923805941
0.0006032780768708043
0.0005633508487966568
0.0005248489326170572
0.00048783677759719584
0.0004523531270986937
0.00041844895816252857
0.00038615472375924637
0.0003555014704704892
0.00032649806431144434
0.00029917482221119646
0.00027349266215927843
0.00024945378008369963
0.00022705289214157955
0.00020622510519816592
0.00018696996834455465
0.0001691589527302003
0.0001528021631667034
0.0001378058624298608
0.00012410066270240742
0.00011160866452177659
0.00010025996837305534
0.00008998835933451797
0.00008068227141540469
0.0000722356634856028
0.00006470164629344148
0.000057880820542295366
0.000051735545898093655
0.00004629545864404151
0.000041355757604059267
0.000036934517221590483
0.00003300452767864306
0.000029442487324553463
0.000026235348437135012
0.000023464290037068914
0.00002100765937094722
0.0000187146261107294
0.000016697465824430322
0.000014866466987517696
0.000013274223946100949
0.00001186600089330942
0.000010585873439766251