0.003434396785301802
0.0034343628849564252
0.003434244343550048
0.0034340104295999493
0.0034336216147691197
0.00343302734466009
0.003432163333719452
0.0034309483300830326
0.0034292803212736455
0.003427032202016604
0.0034240470138409782
0.003420133008003658
0.003415058993873195
0.0034085507225693045
0.003400289408859589
0.0033899138616500734
0.003377027959630066
0.0033612151797479803
0.0033420613100986775
0.0033191851364025443
0.0032922747731781135
0.0032611248227324735
0.0032256675776255192
0.00318599114083475
0.0031423393136052148
0.003095092046514668
0.003044729748827466
0.0029917881016502824
0.002936811254751281
0.0028803105418976566
0.0028227338739889815
0.0027644484795249983
0.002705736946596362
0.0026468041493667867
0.0025877908903578243
0.0025287898346553215
0.0024698600984232734
0.0024110386536745744
0.0023523483253896794
0.0022938031144202203
0.0022354117988241285
0.0021771805027623933
0.002119114547668522
0.0020612197289673817
0.0020035031587342343
0.0019459736334923791
0.0018886419439536216
0.0018315211384425875
0.0017746275836274408
0.0017179744057659874
0.001661585767950447
0.001605482792534212
0.0015496914244216256
0.00149423558430026
0.0014391497842635647
0.00138446311516045
0.0013302213003255215
0.0012764544554652248
0.001223210284414498
0.0011705351140927894
0.0011185658959113763
0.0010670728808050052
0.0010164057274062652
0.000966517478196424
0.0009174758448972189
0.0008693372648165292
0.0008221744842382029
0.0007760473432242
0.0007310273964235263
0.0006871825163063608
0.0006445763355965027
0.0006032782904165391
0.0005633490933004655
0.0005248483407103138
0.00048784118027706723
0.00045236028260604264
0.000418450795641983
0.0003861538725521946
0.0003555001607227826
0.0003265050423955379
0.00029918083831416474
0.00027349076371140703
0.000249464516005463
0.00022705497912721618
0.00020622581592576484
0.00018699218164385615
0.00016915803851307596
0.00015279994549400333
0.00013780876556273992
0.0001240986498099472
0.00011160449747628014
0.00010026199286540252
0.00008998967262137293
0.00008068598069138356
0.00007227727995234092
0.00006469974148809637
0.0000578802732540122
0.000051731715053625845
0.0000463068726649975
0.00004134150070767027
0.000036931432474459106
0.000033001150509515425
0.00002944478786791391
0.00002621746438481787
0.000023459531503542418
0.00002101519544481955
0.000018718628271175695
0.000016699662644033852
0.000014863018649143664
0.000013276398780699547
0.000011866830538747142
0.000010573406158429787