0.0036420584699580027
0.0036419885779040723
0.003641744234367657
0.0036412623173994814
0.003640461967362351
0.003639240382230493
0.0036374679273511548
0.0036349826337521178
0.0036315843053259665
0.003627028684005645
0.003621022452344738
0.003613220286982225
0.003603225675836183
0.0035905976628417997
0.0035748658628027364
0.0035555556556739754
0.003532224044429504
0.0035045040353209878
0.0034721518727273484
0.003435088123018549
0.0033934222145632215
0.0033474522237036375
0.0032976376508965315
0.003244550655862083
0.0031888172297304548
0.003131061210674621
0.0030718605900653326
0.0030117195895322
0.002951054825216679
0.002890191590142303
0.002829366771490349
0.0027687365946096583
0.0027083884477454856
0.002648356005182988
0.002588635925019892
0.0025292038725662387
0.0024700276392912454
0.00241107616118373
0.0023523244030478063
0.0022937549654359116
0.002235357660885096
0.0021771282111206496
0.002119066835352239
0.0020611771371935295
0.0020034654353081886
0.001945940311229105
0.0018886125409824067
0.001831495212215644
0.0017746047362014376
0.0017179542948147942
0.0016615680794965584
0.0016054672505835955
0.0015496777811861875
0.0014942236289021437
0.0014391393196400955
0.0013844539770742903
0.0013302133193181707
0.0012764475040112284
0.0012232042370964925
0.0011705298555457994
0.0011185610583097315
0.001067068964975714
0.0010164023490507397
0.0009665145791323814
0.0009174733571094137
0.000869335144735502
0.0008221726749530902
0.0007760458109321429
0.0007310261015810411
0.0006871814234106632
0.0006445754218052844
0.0006032775264029847
0.0005633484587434951
0.0005248478191379179
0.0004878407279848026
0.00045235990820846416
0.00041845050103758925
0.0003861536415890346
0.00035549997668438306
0.00032650488466277313
0.00029918061313338875
0.00027349066619830235
0.00024946441796850906
0.00022705489183800397
0.00020622578029241647
0.00018699182929865998
0.0001691580138481229
0.0001527998799053751
0.00013780872087097308
0.0001240986421745089
0.00011160452454223392
0.00010026198944670299
0.00008998944037637223
0.00008068577366802928
0.00007227716605881388
0.00006469974697658954
0.000057880304755449854
0.00005173205876150078
0.00004630667889283594
0.000041341755447905854
0.00003693149904239401
0.00003300093209588047
0.000029445059181958745
0.000026218025282073905
0.000023459177150901906
0.000021014661541958467
0.00001871857281273635
0.000016698840812099397
0.000014865477486580322
0.000013276475582593987
0.00001186667453800817
0.000010573623600197654