0.007839417349618107
0.007825991871740582
0.007779849968261844
0.007692294988089961
0.0075561481336466705
0.0073677583535953954
0.00712872267906574
0.006846454813893632
0.006533114843327345
0.006203228808207889
0.005870980426149476
0.005548154877602598
0.005243177893348156
0.004961122370463405
0.004704282479311161
0.004472933188801992
0.004266036739832793
0.004081796567359221
0.003918046201027926
0.0037724998214268123
0.0036429010788576505
0.003527103397652047
0.003423107534058483
0.0033290748220416626
0.0032433286594769632
0.003164352378125655
0.0030907882731051528
0.0030214397065682894
0.002955275915364634
0.0028914366905109182
0.002829233375020916
0.0027681423859932004
0.002707789392001073
0.00264792500982645
0.0025883955783008086
0.0025291139144311536
0.0024700344011946078
0.0024111347793060703
0.00235240473285856
0.0022938397983501093
0.0022354386459101077
0.00217720210509823
0.00211913292443246
0.0020612357682988367
0.0020035172666723958
0.0019459860779259828
0.001888652925323906
0.0018315307363328845
0.001774634568154326
0.0017179818586531893
0.001661592410020326
0.0016054888466631547
0.001549696272492626
0.0014942401761869602
0.001439154276614888
0.001384469438743004
0.0013302242476222735
0.001276457080115563
0.0012232087180073011
0.0011705318739468334
0.001118469704254069
0.0010670725548108991
0.0010164101991702254
0.0009665199729501781
0.0009174762476715995
0.000869342397039366
0.0008221706254674657
0.0007760486032555602
0.00073102893264268
0.0006871825367856684
0.0006445776543614069
0.0006032774695883765
0.0005633502479168965
0.000524849159896746
0.00048783653354373535
0.00045235242662752464
0.00041844956655457755
0.00038615377926491017
0.0003555001455394555
0.00032650127813402827
0.0002991843084075738
0.0002734915055311435
0.0002494532598528129
0.00022706163830405024
0.0002062265513641385
0.00018695996451833797
0.00016915913404941675
0.00015280219903996003
0.00013780514854141995
0.00012410103918877497
0.0001116102589862501
0.00010025976208942502
0.0000899881853584337
0.00008068197965590349
0.00007222895724785795
0.00006469980115335808
0.00005788651961052655
0.00005173817333228731
0.00004629669005914793
0.00004135940228180615
0.000036920858856773114
0.00003299973713708162
0.00002944807206390926
0.000026234185675222762
0.000023471701219489727
0.000021009179311028433
0.00001870988959602851
0.000016697059442710102
0.000014904665000666948
0.000013279758510168379
0.000011865701528025889
0.000010584423178142445