0.004004239544270953
0.004004024530036766
0.004003273314816494
0.004001793870010631
0.0039993432042884445
0.003995617884754287
0.003990244908993095
0.0039827744863069735
0.0039726771575815355
0.003959348669829301
0.003942126854831585
0.0039203249192146985
0.0038932842631622007
0.0038604464028250476
0.0038214374974114918
0.003776151420693828
0.0037248111528622087
0.0036679875450786542
0.0036065621412059747
0.003541635688906964
0.003474400427311907
0.0034060047428017453
0.0033374386885839788
0.003269459524957194
0.0032025633488294873
0.00313699761913339
0.0030728029367059284
0.003009870640372448
0.0029480039998588258
0.00288697341281643
0.0028265591576771983
0.002766578578057729
0.0027068978270551065
0.0026474310318481643
0.0025881314157289678
0.002528979207051531
0.0024699702085173862
0.002411107246962449
0.002352395065798781
0.002293838091004203
0.0022354400459936403
0.0021772044527208854
0.0021191353719794124
0.0020612380367352593
0.0020035192935537872
0.001945987881871025
0.001888654489057145
0.0018315321847229263
0.001774635869543831
0.0017179830546553564
0.0016615934592024444
0.0016054900749142768
0.001549696052562985
0.0014942409087222
0.0014391542500417237
0.0013844696633921114
0.0013302247783455198
0.0012764573787626891
0.0012232120199431882
0.001170532647736717
0.0011184696584605697
0.0010670763202128813
0.0010164068662321321
0.0009665198365951455
0.0009174765264038932
0.0008693437331947617
0.0008221745235049084
0.0007760490023788979
0.0007310284302177355
0.000687182097442784
0.0006445771850580806
0.0006032785696204474
0.0005633508183812802
0.000524849140906556
0.00048783843094851254
0.0004523539122336062
0.00041845387823651465
0.0003861528857340447
0.0003555015018498718
0.00032649903067637426
0.000299172683599691
0.000273492827308048
0.0002494539992614215
0.00022705198703572467
0.0002062260820546222
0.00018696387748774791
0.00016915944362081516
0.000152802446028783
0.0001378049571616647
0.00012410092491262764
0.00011160830297468404
0.00010025910596142718
0.00008998833016865982
0.00008068023192210806
0.00007223293440129655
0.00006470206997457486
0.000057881945004609176
0.00005173778966692633
0.00004629891399525381
0.00004135782286683923
0.00003693585661599961
0.00003300482848855652
0.00002944264823440646
0.000026236324973697997
0.000023471511168634804
0.00002100963813093877
0.00001871186616710984
0.000016696701162703023
0.000014903926262972823
0.000013275307503237404
0.00001186622085685687
0.00001058587877478113