0.004027245578931584
0.004027029567703367
0.0040262748658788945
0.004024788539452584
0.004022326430264971
0.004018583608929508
0.004013185162581245
0.004005678872815308
0.003995532210287969
0.003982137059448324
0.003964826421494515
0.0039429075028772805
0.003915714313739749
0.003882679360649741
0.003843417959982318
0.0037978111511505217
0.003746067047979312
0.0036887397745471416
0.0036266927965588214
0.0035610084274322403
0.003492861778507156
0.003423387844118617
0.0033535702177987913
0.0032841703637432025
0.003215702891697533
0.0031484506499519843
0.0030825067353189954
0.0030178288643662385
0.002954293504655841
0.0028917410642425464
0.0028300079358219918
0.002768945234910594
0.0027084268543962897
0.0026483506122820222
0.002588635975484372
0.0025292207663066505
0.0024700580493504857
0.002411113535507682
0.0023523634116615526
0.0022937924147945848
0.0022353920691087787
0.0021771591316591277
0.002119094339300982
0.002061201499262963
0.0020034869582167196
0.0019459593557972228
0.0018886292150823152
0.001831510235026725
0.0017746165834758255
0.0017179656856275685
0.0016615786803767666
0.0016054754304507181
0.0015496846176487676
0.001494230993728485
0.0014391449139062305
0.0013844611125151294
0.0013302183386270535
0.001276451149901121
0.001223206589623992
0.0011705281296373426
0.0011184649587791112
0.0010670726129067582
0.0010164037599120887
0.0009665171716410668
0.0009174746110718826
0.0008693371967280407
0.0008221727138940186
0.000776047755652659
0.0007310276473006836
0.0006871806829102779
0.0006445766136680194
0.0006032778734520494
0.000563350809526571
0.0005248485164065743
0.00048783812098332534
0.0004523545397042902
0.0004184497146182177
0.00038615699304956274
0.0003555018181703955
0.00032649767740121745
0.00029917635404453263
0.0002734931689673633
0.0002494566602402627
0.0002270526449386322
0.0002062257629539381
0.00018697560703873005
0.00016915829403846638
0.00015280175589399474
0.00013780759036179205
0.0001241004275758127
0.0001116078756606185
0.00010025430728514932
0.00008998822039015497
0.0000806830698584671
0.00007223673309637869
0.00006470286907825179
0.00005788139091224983
0.000051732803083686695
0.000046302564880646136
0.00004134230945529758
0.00003693079154495462
0.0000330049842972045
0.0000294423236204577
0.000026236506507087304
0.00002346217212156924
0.00002100738175515213
0.000018713909038722523
0.000016697151036044832
0.000014863997397981699
0.00001327215904578735
0.000011866911523924726
0.000010574368240235084