0.0037894340465522286
0.0037893199069417467
0.0037889209628544753
0.003788134535875595
0.003786829659537281
0.0037848408711785844
0.003781961366903084
0.00377793592224123
0.003772454336278635
0.003765146653027313
0.0037555820346804295
0.003743273815206069
0.0037276937293425523
0.0037082982039010125
0.0036845683927689654
0.003656062865908717
0.0036224775112315474
0.0035837022130483244
0.0035398603241784876
0.0034913174689843495
0.003438652345645533
0.003382592717253399
0.0033239305317024955
0.0032634361100565847
0.0032017899216390516
0.0031395427953957917
0.003077105541113761
0.003014761044606939
0.0029526883399028404
0.002890989003776813
0.002829709805451126
0.0027688596702302964
0.002708421882952291
0.0026483634341331456
0.0025886428620521796
0.0025292169587533865
0.002470045997255331
0.002411097083429241
0.002352345592262577
0.0022937750416931434
0.002235376000448312
0.0021771446536303844
0.00211908144778412
0.002061190078483313
0.0020034768655157282
0.0019459504885693142
0.001888621450489271
0.0018315029992051438
0.0017746108663163143
0.0017179603284958173
0.0016615734366608281
0.00160547191523452
0.0015496812922846301
0.0014942273058678795
0.0014391425511413522
0.0013844579390264258
0.0013302156946691662
0.001276448942284083
0.0012232053210360595
0.0011705303226236476
0.0011185331496842644
0.00106707109259389
0.0010164032440422419
0.000966516118514041
0.0009174740278808976
0.0008693361855640976
0.0008221719774290457
0.0007760477339050609
0.0007310274859253732
0.0006871814279678653
0.0006445766563677987
0.0006032774886368794
0.0005633514123787197
0.0005248476662527464
0.0004878382825415585
0.0004523586545774999
0.0004184481365536334
0.00038615400247670985
0.00035550046969419486
0.00032649659225968174
0.0002991783283751558
0.0002734883035781922
0.00024946816341388077
0.00022705352929666198
0.00020622538146751126
0.0001869828642266393
0.00016915873970521368
0.00015280153660579616
0.00013780875213069386
0.00012409918761888044
0.00011160744485494038
0.00010026345808213185
0.00008998975685237914
0.00008068356611788704
0.00007223727662195267
0.00006470470680592155
0.00005787958328949659
0.00005173189468379846
0.00004630296336175413
0.00004134148963191275
0.00003693242115150102
0.000033000349830297776
0.000029443989158612497
0.000026236701276490492
0.00002346041443274954
0.000021010134804907245
0.000018718597373255516
0.00001669973909813248
0.00001486615355946379
0.000013276474750409312
0.000011868520028915277
0.000010573105261951996