0.0052743596892402414
0.005272672982551109
0.0052667995105919
0.00525532020967318
0.005236556827911823
0.0052086175599276585
0.005169505814520458
0.005117307921686038
0.00505045914526581
0.004968057298106884
0.0048701565529241245
0.004757949337965481
0.004633754471454691
0.00450078383606313
0.004362737609185241
0.004223337830659067
0.004085919567132179
0.003953159325953292
0.0038269610675975745
0.0037084727533446115
0.0035981853043360653
0.0034960675626011443
0.003401704180335233
0.0033144184741024725
0.003233373994965153
0.0031576555724965342
0.003086333546550151
0.003018515035266249
0.002953384607305663
0.0028902347198951944
0.0028284847497575833
0.002767687166120262
0.0027075206520428305
0.002647772286570444
0.002588313133360132
0.00252907257892022
0.002470016013783275
0.002411128419223833
0.002352404151082385
0.0022938416513770435
0.0022354412945818315
0.0021772048324717823
0.0021191354644839147
0.0020612380497858126
0.002003519290141192
0.0019459878663067602
0.0018886545008157771
0.0018315321323158435
0.0017746357988245522
0.0017179829458497582
0.0016615933662784536
0.0016054897182850426
0.0015496971714218757
0.0014942408245110787
0.001439154328396671
0.001384469903238881
0.0013302246836544292
0.001276457446347799
0.001223208824522718
0.001170532625134782
0.0011184699201688179
0.001067072441269478
0.0010164107103886532
0.0009665201572077378
0.000917476392834418
0.0008693426420574655
0.0008221704064296537
0.0007760487019765159
0.0007310285765887145
0.0006871826030126553
0.0006445777445555257
0.0006032777140208107
0.0005633503372798729
0.0005248498336161778
0.00048783669898761156
0.00045235373516335544
0.00041844969001961164
0.00038615368000188263
0.0003555000733362442
0.00032650130609352383
0.00029917215119010097
0.0002734916297920865
0.00024945317032775744
0.00022706186312582897
0.00020622652429553903
0.00018696088805044396
0.00016915918553472576
0.0001528022450193176
0.00013780519633149944
0.0001241010613665853
0.00011160971294141747
0.00010025980055511905
0.00008998813914131915
0.0000806822041728472
0.00007222872564545993
0.00006469916873251296
0.00005788655010867778
0.000051737980868126694
0.000046297044644413635
0.000041359361442082984
0.0000369210587150508
0.00003299977658044337
0.00002944807006572558
0.00002623433120854337
0.000023471388620812298
0.0000210094040133358
0.000018709866659316276
0.000016697068320984713
0.000014904243818084905
0.000013280051387705087
0.000011865445363589938
0.000010584473996138747