0.005308446036702047
0.005306757901366919
0.005300879433241583
0.005289390271119502
0.005270610490803959
0.005242646141831451
0.00520349789401797
0.005151248595867239
0.005084329106722149
0.0050018316955812055
0.004903803597259643
0.0047914286155818255
0.004667014933896221
0.004533761450358019
0.004395352684474182
0.0042554920935112
0.004117493142426717
0.003984007915681936
0.003856913791331305
0.003737331349853595
0.0036257256300294806
0.0035220445243126274
0.003425861275300496
0.0033365028151250264
0.0032531568918944083
0.003174957333238397
0.003101049297356926
0.0030306365724507723
0.0029630124538296684
0.0028975755570907653
0.0028338325275661298
0.0027713906854928937
0.002709944498624303
0.0026492598209052866
0.0025891589692795002
0.0025295083541340517
0.0024702090369445972
0.002411189698021771
0.0023524011600163488
0.002293811738895915
0.0022354030782537693
0.0021771664936512847
0.0021191000162863495
0.0020612062529149384
0.0020034910786851613
0.0019459629686872878
0.0018886323928016912
0.001831513031555627
0.0017746190440440619
0.0017179678495041783
0.0016615805820056695
0.0016054771001752504
0.0015496860822647208
0.0014942322769477918
0.0014391460367405926
0.0013844620936244027
0.0013302191945124995
0.0012764518952847372
0.0012232072375630801
0.0011705286917377943
0.0011184654453712422
0.0010670730331237056
0.0010164041219116297
0.0009665174826528883
0.0009174748775122101
0.0008693374242880398
0.0008221729076159814
0.0007760479200008861
0.0007310277862022563
0.0006871807998666003
0.0006445767117288368
0.0006032779553116664
0.0005633508774320427
0.0005248485726666883
0.00048783816658394286
0.00045235457714754305
0.000418449745499362
0.000386157017071563
0.00035550183826568146
0.00032649770007310704
0.00029917634350285795
0.0002734931842552556
0.0002494566859619254
0.00022705264881664822
0.00020622576965918462
0.00018697553577092527
0.00016915829714586858
0.00015280174022170494
0.00013780758665590681
0.00012410042633476852
0.0001116078806221181
0.00010025435072062059
0.00008998813588144858
0.000080683002887515
0.00007223692330552897
0.00006470285719649019
0.00005788140505669423
0.0000517329372635471
0.00004630249461239485
0.000041342400007893784
0.00003693081325069278
0.000033004927097760125
0.00002944243191857944
0.00002623667193141357
0.000023462261849684788
0.000021007185189153153
0.000018713444349260344
0.000016697272102640847
0.000014864192521065583
0.000013272224048962188
0.00001186690921006113
0.000010574449921108817