0.007861575805611604
0.007848149435993346
0.0078020044139558604
0.007714443278414872
0.007578286187687246
0.007389880750896453
0.007150822288287631
0.006868522328184926
0.006555138202141264
0.00622519248258916
0.005892864542589816
0.0055699341553774925
0.005264820373370431
0.004982587922529211
0.004725521092695173
0.004493883082883866
0.00428662238664026
0.004101926790059708
0.0039376126339817465
0.0037913761537346625
0.003660943667390831
0.0035441539979876565
0.0034389989093495457
0.0033436399387762024
0.0032564136433050747
0.003175832589094483
0.003100585611868409
0.003029538027682337
0.002961730493858206
0.002896374322425674
0.002832841348465734
0.0027706477469996212
0.002709432888972034
0.0026489356894264515
0.0025889713939221586
0.002529411288826956
0.0024701666961729945
0.002411177371413794
0.0023524034997024737
0.002293820155403922
0.0022354132716986335
0.002177176575080772
0.0021189733167586064
0.0020612145662201363
0.002003498449820746
0.001945969469569843
0.0018886382021298031
0.0018315179246983827
0.0017746233273048951
0.0017179720836623465
0.0016615837981074823
0.0016054818535239468
0.0015496885903341859
0.0014942344046098308
0.0014391483406105221
0.0013844643329986204
0.001330220493494131
0.0012764534392674574
0.0012232082620482643
0.0011705297781792099
0.001118466845091498
0.0010670740320803955
0.0010164049228473674
0.0009665181600820052
0.000917475178280019
0.0008693435509182062
0.0008221734239567156
0.0007760485280481756
0.0007310276577014615
0.0006871813156805198
0.0006445766577545906
0.0006032781314436583
0.0005633508940187009
0.0005248489701272647
0.0004878368080377695
0.00045235315216160494
0.00041844897874738503
0.00038615474109792114
0.0003555014839361581
0.00032649807922659744
0.00029917481670463933
0.00027349267237232813
0.0002494537976625912
0.0002270528946016812
0.0002062251096395299
0.00018696992280598998
0.00016915895463554678
0.00015280215295878114
0.0001378058606140836
0.00012410066168345876
0.00011160866807676815
0.0001002599947675111
0.00008998830333044536
0.00008068222751756236
0.00007223579036890718
0.00006470164106196247
0.00005788083145302883
0.000051735631938635506
0.00004629542343660563
0.00004135576789579429
0.00003693452939096822
0.000033004489062946815
0.000029442562436273794
0.00002623546238026469
0.000023464343489974542
0.000021007529588820325
0.000018714612098700434
0.000016697473912942824
0.000014866591478252091
0.00001327426539943699
0.000011865995190309729
0.000010587718171644826