0.012990094815686545
0.012883964245721921
0.012537100750516762
0.011945139147071803
0.011160380552120257
0.010271276324105598
0.009366408413559608
0.008509673140353051
0.007735347474901063
0.007055003309482011
0.0064667144072243065
0.005962101791265993
0.005530585244514378
0.005161573103822253
0.004845421244854126
0.004573743192738209
0.004339411845654182
0.004136433232482102
0.003959781181158675
0.0038052334574169185
0.0036692258739120845
0.003548729492529327
0.0034411512200497175
0.0033442560700082864
0.003256108815205201
0.0031750323827508535
0.003099579928578663
0.003028516910894329
0.0029608088952318007
0.0028956106701294435
0.0028322529093267428
0.002770224164622171
0.0027091480543319784
0.002648757439886495
0.0025888684887685532
0.002529357499065067
0.0024701423666958293
0.0024111691832887474
0.0023524032578698534
0.002293823290254789
0.002235417492980209
0.0021771808704534362
0.0021191132880221406
0.0020612181542314684
0.0020035016373344482
0.0019459722797600084
0.0018886407040357572
0.0018315200701070305
0.0017746252048422902
0.001717890035272061
0.0016615852220139267
0.0016054829579085638
0.001549689695744018
0.0014942353520870535
0.0014391492975526386
0.001384465260132973
0.001330221092116598
0.0012764540823344277
0.00122320872975248
0.001170530203300158
0.0011184674008672653
0.0010670744357308712
0.0010164052490230643
0.0009665184473825263
0.0009174753315272034
0.0008693431908982808
0.0008221736329801659
0.00077604844201449
0.0007310278000950954
0.000687181508456103
0.0006445767464415965
0.0006032782049188003
0.0005633507337460342
0.0005248488678413501
0.0004878389169098135
0.000452353239464979
0.0004184545732306245
0.00038615241226126144
0.0003555014513675015
0.0003264985774309756
0.00029917412877627836
0.00027349311103679123
0.0002494538316955261
0.00022705253704253037
0.000206226352074053
0.00018696476932501485
0.0001691598640364647
0.0001528025146192487
0.00013780527549045357
0.00012410115440044403
0.00011160760537491897
0.00010025900644603089
0.0000899885462349651
0.0000806803699898219
0.0000722343199891414
0.00006470129487350493
0.00005788117404569996
0.000051735827344617334
0.00004630098869228611
0.00004135721271170613
0.00003691631712815646
0.00003300451745715656
0.000029442838865780496
0.000026235598393289572
0.000023471146601482814
0.0000210093499543306
0.0000187121632594592
0.000016697008205560535
0.000014903374392231497
0.00001327502728844654
0.000011866429251265978
0.000010586351861799271