0.004418260146872602
0.004417757282386322
0.00441600189858817
0.004412551734590077
0.004406856616828936
0.0043982466413046714
0.004385927704778419
0.004368990420342329
0.00434643994011821
0.004317254347864272
0.004280476557569304
0.004235337576924561
0.004181397351127169
0.004118675869470923
0.004047738025860507
0.003969698469024332
0.003886131004881302
0.003798895846315734
0.0037099240528700042
0.0036210091026092125
0.0035336468793869973
0.003448944487744448
0.003367596706454673
0.003289914872833465
0.003215888498997079
0.0031452622370887265
0.003077615883754716
0.0030124397932102314
0.002949201282446801
0.002887398553662076
0.00282659970253172
0.002766464825578009
0.0027067512392250867
0.0026473043481381395
0.0025880391095248574
0.0025289181355645754
0.0024699317343221663
0.002411083067007791
0.0023523791605399532
0.0022938267533918334
0.002235431247571496
0.002177197177682395
0.0021191291338685577
0.0020612325974233062
0.002003514519075863
0.0019459836690416672
0.00188865080666839
0.0018315288718621827
0.0017746329276935602
0.0017179804160116037
0.0016615911422275206
0.0016054877334989415
0.001549695296088777
0.0014942393206933274
0.001439153528070362
0.0013844687846657274
0.0013302236770269293
0.0012764565831896813
0.0012232082855843302
0.0011705314991878521
0.0011184693798600629
0.0010670722740053274
0.0010164099583834926
0.0009665197656189985
0.0009174760700424366
0.0008693422483030032
0.0008221704954232029
0.000776048493695536
0.0007310288400849931
0.0006871824588543888
0.0006445775890832614
0.0006032774148783894
0.0005633502026905362
0.00052484912220808
0.0004878365033173034
0.00045235240110337365
0.0004184495456021889
0.0003861537612922364
0.0003555001315368008
0.00032650126341100865
0.0002991843319082495
0.0002734914954906403
0.00024945323951659006
0.00022706167687497987
0.00020622654704547936
0.00018696055098933105
0.00016915913237393877
0.00015280220936790656
0.00013780515059345243
0.00012410104041209026
0.00011161025506728311
0.00010025973528832318
0.00008998824094652898
0.00008068202308074382
0.00007222882555273246
0.00006469980110757791
0.00005788651710236568
0.000051738100507250036
0.00004629672684660308
0.00004135940273900036
0.00003692080880039072
0.00003299976044575142
0.000029448010679977153
0.000026234056939583795
0.00002347153462802729
0.000021009313305959384
0.000018709895998424855
0.000016697056361668848
0.000014904659736567587
0.000013279978500793752
0.000011865394875669922
0.000010584425784724565