0.003588550296459531
0.0035885043535293522
0.003588343703982258
0.003588026708067909
0.0035874998188327656
0.00358669457558973
0.0035855239639186404
0.0035838780767027388
0.003581619049682188
0.003578575321097147
0.0035745353969542063
0.003569241514110811
0.003562383905758546
0.003553596801487406
0.0035424578218734753
0.003528492981271884
0.003511189920174804
0.0034900219504251724
0.0034644846036745816
0.00343414423158647
0.0033986947088260468
0.0033580139860946113
0.0033122085672375135
0.0032616329850488845
0.0032068746790921013
0.00314870239863843
0.0030879862562293
0.0030256052148975913
0.002962359865038725
0.002898908603802669
0.0028357321683479594
0.00277313038792407
0.002711243249956095
0.00265008910772423
0.002589603770585279
0.0025296857491721213
0.00247022418601006
0.0024111194237745087
0.0023522942053649824
0.0022936956469172707
0.002235291139514385
0.0021770639301702823
0.002119008176529739
0.0020611243551529063
0.002003418607066721
0.0019458992089388596
0.0018885756026761793
0.0018314687277301376
0.0017745744171618514
0.0017179290714423657
0.0016615459680019691
0.0016054479099012553
0.0015496595961157953
0.001494204718212382
0.0014391223623901374
0.001384445945243403
0.0013302063371917435
0.0012764390768743074
0.0012231952607516135
0.001170518445359331
0.0011184587857742
0.001067064998265422
0.0010163987194648084
0.0009665115954228362
0.0009174700822867781
0.0008693333622018426
0.0008221703910477592
0.0007760443921456975
0.0007310251869275961
0.0006871803590382911
0.0006445749535253976
0.0006032773116351354
0.0005633485583457684
0.0005248480545275972
0.0004878356273501813
0.0004523813048843742
0.00041848324412989657
0.0003861388704729478
0.0003555031828851208
0.0003265128720108087
0.000299173167454255
0.0002734942506745136
0.0002494669433977614
0.0002270443529412896
0.00020622358142695477
0.00018708041054763956
0.00016915686258406522
0.00015294238851293232
0.00013780218991976093
0.0001241043753433494
0.00011160610245245052
0.00010026715664320785
0.00008998859132335749
0.0000806917215973434
0.0000722872493057367
0.00006469983394652185
0.00005785907130352613
0.00005176725257705872
0.000046304536563422575
0.000041339126911857574
0.00003691909896549435
0.00003312408146217849
0.000029446567656761632
0.000026218513593701634
0.00002347032911580669
0.000021029381382507093
0.00001871702905874122
0.000016700617321404426
0.000014864302491916234
0.000013277169266032075
0.000011863688176846947
0.000010585705453940314