0.0038379557728805856
0.003837838910322319
0.003837430444274345
0.0038366252258053126
0.0038352890996945755
0.003833252546220354
0.0038303035640857627
0.003826180353250593
0.0038205644289890624
0.003813075467639281
0.003803269754441586
0.0037906447760370048
0.0037746529836511318
0.003754727670819419
0.003730322741631436
0.0037009654249302733
0.003666316699668405
0.003626229263392115
0.003580789369120911
0.0035303293530340456
0.0034754036614708913
0.003416731377352106
0.0033551184537831905
0.003291378180501529
0.0032262663843434154
0.0031604400864465136
0.003094439185327427
0.003028684491442281
0.0029634840253329477
0.0028990419957697963
0.002835468682572989
0.0027727923164962112
0.0027109743759626253
0.00264992861282906
0.0025895418687824283
0.0025296939909836085
0.002470273647949428
0.0024111884213756886
0.002352368960208382
0.0022937682906432294
0.0022353581502756715
0.002177124229094107
0.0021190617685632883
0.002061172153377804
0.002003460907628745
0.001945936273473983
0.0018886089372840433
0.0018314922167855352
0.001774603508660445
0.001717951972504111
0.0016615659101734054
0.0016054654457692762
0.001549677284211206
0.001494222010324511
0.0014391378732180053
0.0013844556327364684
0.0013302124387523332
0.0012764465668564126
0.001223202135039557
0.0011705246062991756
0.001118463366541893
0.001067066605457398
0.0010164021991081675
0.0009665156734014761
0.0009174738087461094
0.0008693361669199174
0.0008221747891548571
0.0007760452377618948
0.0007310257133027938
0.0006871818281479176
0.0006445756443353519
0.0006032773247445714
0.0005633454459540417
0.0005248466790380666
0.0004878338628378641
0.0004523633775168277
0.0004184479091175414
0.00038614948090487025
0.00035549896719809027
0.00032650680106799434
0.0002991853725239063
0.00027349038705753087
0.00024946607602938
0.0002270574043665267
0.0002062251441065502
0.00018700608672322992
0.00016915626014763583
0.00015280044492481658
0.0001378087367419045
0.0001240965988585911
0.00011160206455422546
0.00010026430193054562
0.00008998820356260638
0.00008068809289790021
0.00007228074073783871
0.0000646977635357808
0.000057874928291145756
0.0000517659485557048
0.00004631424578531037
0.00004134312905192533
0.00003693096542380521
0.00003300134121844544
0.000029445273387140847
0.000026221826439920952
0.000023456208783445844
0.000021018751790122862
0.00001872200327250455
0.000016698962809098604
0.000014862470823834712
0.00001327616360854497
0.000011867982880080115
0.00001057532466646785