0.003742323177962625
0.0037422111293657304
0.003741819497756072
0.0037410475034603055
0.003739766626729063
0.0037378145424091097
0.003734988451150168
0.0037310382157649084
0.0037256600664619588
0.003718492133725114
0.0037091136859225176
0.0036970505973697903
0.003681790029891182
0.003662807186425512
0.003639605772029427
0.0036117709718384546
0.0035790293876004874
0.0035413052860416754
0.0034987589195146765
0.003451793136523594
0.003401020643492891
0.0033471948831577773
0.003291118553819349
0.0032335502979586555
0.0031751293891053465
0.003116331341232834
0.00305745788286862
0.002998656394802376
0.0029399587627143117
0.002881327908575
0.002822701349517477
0.0027640241086025353
0.0027052673130115914
0.0026464329149145445
0.002587548156650823
0.0025286549008897486
0.0024697986154709668
0.0024110201805414254
0.0023523516797939515
0.00229381574903436
0.0022354272396271457
0.0021771958510206297
0.0021191287269553454
0.0020612324723141193
0.002003514473888567
0.0019459836508206123
0.0018886507864896642
0.0018315288893979659
0.0017746329484634674
0.0017179804534215065
0.0016615911759352586
0.0016054878935377484
0.0015496960195227917
0.0014942393537766669
0.0014391529944798214
0.0013844686762747001
0.0013302237145018264
0.0012764565552876076
0.0012232073805202393
0.0011705319762220418
0.0011184692637847442
0.0010670768462939537
0.0010164113391797776
0.0009665198871811094
0.000917476124847806
0.0008692955127560988
0.0008221743555273971
0.000776048608472622
0.0007310284235596234
0.0006871825180468725
0.0006445777612225941
0.0006032784345320171
0.0005633504295301137
0.0005248495929904631
0.00048783740189591165
0.000452353761007211
0.0004184526042489312
0.0003861533020756435
0.0003555012443598652
0.0003265011441911871
0.00029917276241173216
0.0002734919382110424
0.0002494547009556041
0.00022705014936661927
0.0002062264198092221
0.00018696209816318913
0.00016915924571880449
0.0001528023699220272
0.0001378053384501738
0.00012410107087485484
0.00011160882188554887
0.00010025980397059933
0.00008998838259674861
0.00008068241341883702
0.00007223404399240115
0.00006470128706444784
0.00005788649751981708
0.00005173762869546129
0.00004629780469367286
0.00004135947224230171
0.000036918164233766
0.00003299908978251857
0.00002944651770177713
0.000026234844951545712
0.000023471391370688295
0.000021010421464831724
0.000018710624948351514
0.00001669619634150598
0.000014904485286449819
0.000013279576605927138
0.000011865537761034007
0.000010585356640602776