0.0034706948738498582
0.0034706505891457557
0.003470495750373451
0.0034701902770007537
0.0034696827058888387
0.0034689073864895546
0.003467781136171424
0.003466199337436923
0.003464031519744382
0.003461116573488917
0.0034572579093102803
0.0034522191177457176
0.0034457210074385243
0.003437441282912737
0.003427018492003719
0.0034140620758930634
0.0033981701475929485
0.0033789557119813796
0.003356080208746951
0.0033292906171379128
0.0032984535857637476
0.003263578440694574
0.0032248217747636687
0.0031824705110678093
0.0031369063197989253
0.0030885601021603598
0.0030378677262602656
0.00298523644682828
0.002931026489751901
0.0028755467435463257
0.0028190597652491367
0.002761790371231441
0.0027039334092495058
0.0026456585891370893
0.002587112288519217
0.002528417474405428
0.002469673241708215
0.0024109552351073765
0.002352317627342355
0.0022937966459168633
0.0022354150810646976
0.0021771869345450774
0.0021189850594873407
0.0020612262633016177
0.002003509041178495
0.0019459788922552845
0.0018886465407037321
0.001831525290156639
0.0017746298250004653
0.0017179778097146138
0.001661588838106101
0.0016054862866998964
0.0015496924806998563
0.0014942378160183144
0.0014391513263925075
0.00138446694166313
0.001330222772623033
0.001276455423677001
0.0012232099882798653
0.0011705312758852173
0.001118468139539315
0.0010670751513274588
0.0010164058873335117
0.0009665189887396496
0.0009174758891013975
0.0008693441923367989
0.0008221739397344621
0.000776048968404798
0.0007310280276614382
0.0006871816262053672
0.0006445769189721072
0.0006032783495842258
0.0005633510806239546
0.0005248491184558652
0.0004878369409981223
0.0004523532550739298
0.00041844906232423084
0.00038615480049193434
0.0003555015374032835
0.00032649808192035563
0.00029917496396451886
0.00027349268796678496
0.00024945372466301846
0.00022705271565538827
0.00020622510866933187
0.00018697029180206077
0.00016915896333483452
0.00015280223777935968
0.00013780589004666426
0.00012410067887853307
0.00011160863953918338
0.00010025983009495511
0.00008998864547865321
0.0000806825273460292
0.0000722350327439283
0.00006470168718890797
0.00005788074647840695
0.00005173509265025731
0.000046295633055515354
0.00004135569139256509
0.0000369340124633767
0.000033004381767328916
0.000029441844962777137
0.00002623477266943971
0.000023462562418893013
0.000021008598787571182
0.0000187133853168277
0.00001669743738119552
0.000014865206778609302
0.000013272478346805457
0.000011866159381659185
0.000010583946016379714