0.004065980958474658
0.0040657629918886655
0.004065001452156844
0.004063501630479714
0.0040610170827714565
0.0040572399503262324
0.004051791585043587
0.004044215029640152
0.004033971774842085
0.004020446204080435
0.004002961974026754
0.003980814745733545
0.003953324405780275
0.003919906398584372
0.0038801557532855578
0.0038339298798248035
0.003781410112617861
0.003723121340316127
0.003659896771069402
0.003592789866622584
0.00352295191365479
0.0034515039430852074
0.003379431164321161
0.0033075179908641935
0.0032363276794448084
0.0031662185801044265
0.003097382434706224
0.0030298894670789996
0.0029637286519745964
0.0028988372746149406
0.002835119452854385
0.0027724570119620168
0.0027107171141209463
0.002649759928403133
0.0025894473217182292
0.0025296517653030847
0.0024702636767672836
0.0024111958033382576
0.0023523841481637203
0.002293785907720763
0.0022353755500193273
0.0021771403295133347
0.00211907625080116
0.0020611850460149185
0.002003472297871874
0.0019459463303962614
0.0018886178357758522
0.001831499872151886
0.0017746088364932351
0.0017179579008180276
0.0016615712485578528
0.001605470033231447
0.0015496802220531015
0.0014942257674890086
0.0014391411909511526
0.0013844556122268891
0.0013302147457565036
0.0012764487462887857
0.001223205316975055
0.0011705307910525357
0.001118561845704955
0.0010670696653306878
0.0010164029523780519
0.0009665150974818351
0.0009174738011750412
0.0008693355240009872
0.0008221729978150232
0.0007760460848582766
0.0007310263330878997
0.0006871816183242044
0.0006445755852311053
0.00060327766283083
0.0005633485719679824
0.0005248479129050994
0.00048784080370063384
0.0004523599702839594
0.00041845055211506033
0.00038615368152795747
0.00035550001034575943
0.0003265049106630085
0.0002991805905019546
0.0002734906821598282
0.00024946442515564053
0.00022705489240396325
0.0002062257916309178
0.00018699169947154328
0.00016915801883192914
0.00015279985273840085
0.00013780871333568995
0.0001240986441686653
0.00011160453436859616
0.00010026198861956002
0.00008998928581544538
0.00008068565902780477
0.00007223669544247442
0.00006469975603303041
0.000057880313941238736
0.00005173227823670637
0.000046306566024274624
0.00004134190909357546
0.000036931516413292157
0.00003300085100160631
0.000029445238660919
0.000026218401338000148
0.000023459329348696153
0.0000210141602234283
0.00001871857483830598
0.000016696948117185528
0.000014866245610999056
0.000013276522880440204
0.000011866674561632246
0.000010575056171872444