0.003313549555463053
0.0033135284214745385
0.003313454514325679
0.0033133086454217604
0.0033130660912326507
0.0033126951532584208
0.003312155382488525
0.003311395408955356
0.003310350317955495
0.003308938524436521
0.0033070581221415103
0.0033045827332638406
0.003301356969439659
0.00329719175007041
0.003291859923135907
0.0032850929043085684
0.003276579381742034
0.0032659674797836644
0.0032528720308274955
0.003236888594291081
0.003217615352016906
0.003194682784900668
0.0031677890498340642
0.003136736540826246
0.003101463004844263
0.0030620598625397894
0.003018771933882379
0.002971976647454588
0.0029221459454716403
0.002869798606023954
0.00281545279871515
0.0027595876323131406
0.002702618742711044
0.002644888438560364
0.002586667145356008
0.002528161425474797
0.0024695242596400567
0.0024108651099085045
0.002352258997324061
0.002293754700070149
0.002235382248839183
0.0021771595668260107
0.002119097868932205
0.002061205575451469
0.0020034908357168574
0.001945962813349515
0.0018886324221278916
0.0018315127564960433
0.0017746202072273308
0.0017179679178402005
0.0016615800656617891
0.001605477785190544
0.0015496870318733266
0.0014942317355515532
0.0014391464164036124
0.0013844601718745794
0.0013302187329865963
0.0012764522195425673
0.001223208340759923
0.0011705334341987911
0.0011185645392977348
0.0010670716201995536
0.0010164046414487418
0.0009665165451887271
0.0009174750455972206
0.0008693365821296783
0.0008221739030990611
0.0007760468500479842
0.0007310269796992174
0.0006871821654384163
0.0006445760414174666
0.0006032780448549294
0.0005633488899895201
0.000524848171852119
0.0004878410478000014
0.0004523601739950389
0.0004184507047247272
0.00038615380205807417
0.0003555000996421226
0.0003265049973610244
0.0002991809166829728
0.00027349073616508526
0.0002494645120727931
0.00022705498942396333
0.00020622579223150591
0.00018699249699370842
0.00016915802949682624
0.00015280000597884302
0.0001378087896595698
0.0001240986459766685
0.00011160446751094703
0.00010026199437654854
0.00008999022516621259
0.00008068622674749827
0.00007227807609902849
0.00006469972610391248
0.000057880247574074504
0.00005176353497790912
0.000046307086957424885
0.00004134118462771896
0.0000369313625003216
0.00003300131479272299
0.000029443632522365362
0.000026216790320802492
0.000023458386148828802
0.00002101584923168539
0.000018718676750943238
0.000016698793739716327
0.000014861794329689417
0.000013281864079313352
0.000011871490664099447
0.000010573480174150994