0.003702463591511152
0.0037023898586834338
0.003702132084628428
0.0037016236645089256
0.003700779257252151
0.003699490326452015
0.003697619940481711
0.0036949968990054945
0.0036914094018977313
0.0036865987108740464
0.003680253594621204
0.0036720067995051576
0.003661435314555644
0.003648066690895621
0.003631393928202715
0.0036109009380437384
0.0035860997379063087
0.0035565769843322547
0.003522045162121985
0.003482389310980661
0.003437698961246732
0.003388276425118069
0.003334617778199255
0.003277369802053685
0.0032172717846688814
0.0031550930149240094
0.0030915749949221322
0.0030273838390847646
0.002963075391103526
0.0028990742312213517
0.0028356669106975934
0.002773009403955181
0.0027111465605286654
0.0026500402434216767
0.0025896003479766337
0.002529714447151889
0.002470270823946766
0.002411173461427381
0.002352349035555768
0.0022937474279154154
0.0022353382900227796
0.0021771061090113367
0.0021190455642129454
0.0020611577570342466
0.0020034481307036702
0.001945924988577664
0.0018885989740584134
0.0018314839652074253
0.0017745989314815113
0.0017179448787049366
0.0016615599809785457
0.0016054599723250053
0.0015496696593701657
0.0014942176076381097
0.0014391339593540276
0.0013844520702703583
0.001330213421819858
0.0012764440286586348
0.0012232001980208645
0.0011705229626319544
0.0011184619689208672
0.0010670687900529968
0.0010164016409712011
0.0009665149943829119
0.0009174722565773175
0.000869335415213879
0.0008221769227223753
0.0007760452644091793
0.0007310244582558602
0.0006871843723238023
0.0006445761894491486
0.0006032773922847635
0.0005633451423399378
0.0005248443961184151
0.00048783401934667094
0.0004523665621023717
0.0004184477950536438
0.0003861495976109974
0.0003555009071203796
0.00032650654544516143
0.00029918885240685255
0.00027349025911681626
0.00024946263446837627
0.00022704908605541808
0.00020622380879183318
0.0001870249465265419
0.00016915637834304478
0.00015280143603666282
0.00013780194082259637
0.00012409812304322934
0.00011162571563595622
0.00010026494968076891
0.0000899864965504653
0.00008068831233099158
0.00007228894374133822
0.00006468751768969153
0.00005786975535831849
0.00005176461273742589
0.000046315691373303124
0.00004133667548615122
0.00003693052680701558
0.000033003457721734676
0.000029446170232833837
0.00002621624529711758
0.000023455108213433905
0.000021015767976619402
0.000018725484321272267
0.00001669985933794966
0.000014856278482081702
0.000013277655941924915
0.000011872105913752235
0.000010572330676111367