0.003993159231468051
0.003992944648885827
0.0039921949432274815
0.003990718478004523
0.003988272767371086
0.003984555027023953
0.003979193083081948
0.003971738198632294
0.003961662248829775
0.00394836266197209
0.003931179377014425
0.003909428225115032
0.0038824538511506575
0.00384970174634572
0.003810802884683789
0.0037656568882882113
0.0037144934726770695
0.0036578911848102686
0.003596740072816184
0.003532149830913482
0.003465321452802847
0.003397410882394811
0.0033294131228335275
0.0032620860227206487
0.0031959199947682775
0.0031311488892101207
0.0030677909845122212
0.0030057073271817147
0.002944665658131836
0.0028844002270469755
0.002824660158013446
0.0027652417155381677
0.0027060030078143024
0.00264686307794718
0.0025877901395693443
0.00252878499109282
0.002469865026189163
0.002411052256709744
0.0023523664027275894
0.0022938223272757144
0.002235430285436837
0.0021771974704792346
0.002119129787498546
0.002061233296133802
0.0020035151696726813
0.0019459842534166954
0.0018886513230964902
0.0018315293357871669
0.001774633338256316
0.0017179807819732954
0.00166159146464957
0.0016054880485858144
0.001549695706855917
0.0014942395412917717
0.001439153205562309
0.0013844689221296075
0.001330223827768946
0.0012764567009641828
0.001223208175793073
0.0011705320630343743
0.0011184694335767123
0.0010670720199159008
0.0010164103493335351
0.0009665198462150571
0.0009174761263907904
0.0008693424192881558
0.0008221702111648043
0.0007760485376353741
0.0007310284377086038
0.0006871824861270545
0.0006445776466578588
0.0006032776319689664
0.000563350269482892
0.0005248497772696268
0.00048783665376988297
0.00045235369766374466
0.0004184496586079477
0.00038615365287914926
0.0003555000522411675
0.00032650128372130414
0.0002991721609568684
0.0002734916147985022
0.0002494531389003436
0.00022706192276577525
0.00020622651782067853
0.00018696094581873696
0.00016915918306433726
0.0001528022608993066
0.00013780519964915952
0.00012410106333405553
0.00011160970592089517
0.0001002597598021244
0.00008998822353808157
0.00008068227180818606
0.0000722285279938347
0.00006469916680070352
0.000057886546454513436
0.00005173787120627631
0.00004629710081840554
0.00004135936197013444
0.00003692098286100389
0.000032999811193109484
0.000029446478793643793
0.00002623433197530614
0.000023471336725983996
0.0000210096062925636
0.000018709877036349256
0.00001669707270381524
0.000014904232860654605
0.000013280013138051199
0.000011865446632974727
0.000010585376254818119