0.0036245878393108915
0.003624533895434658
0.0036243452803566474
0.003623973155059174
0.003623354787742307
0.003622410110290823
0.0036210375967107096
0.0036191094284535093
0.003616465979211053
0.0036129097707799872
0.003608199243148952
0.0036020429673420187
0.0035940953210332367
0.003583955130204983
0.0035711692865888944
0.0035552437240046536
0.0035356641108560158
0.003511927840295398
0.0034835870592535944
0.0034502995314724216
0.0034118805916424706
0.003368346498175909
0.003319938657403553
0.0032671205555226696
0.0032105446148827134
0.0031509929886138076
0.0030893022456399484
0.003026285009460561
0.0029626613906353298
0.002899010527744764
0.002835746447627552
0.0027731191786888624
0.00271123558010607
0.0026500938453984314
0.0025896213008509156
0.002529711998180512
0.002470254522944413
0.0024111505704566744
0.0023523241942568058
0.002293723244255755
0.002235315957485006
0.002177085987156673
0.0021190276556317697
0.0020611418243104804
0.0020034340400254982
0.0019459126038747102
0.0018885878931175087
0.0018314756572461435
0.0017745981418322465
0.001717937343885539
0.0016615532436407802
0.0016054541861950343
0.0015496638694728832
0.001494212186170285
0.0014391290936957293
0.001384449492322889
0.001330207760871358
0.0012764417804714174
0.0012231977529011432
0.0011705206847987873
0.0011184604485304475
0.001067067449307022
0.0010164007529640568
0.0009665167744805868
0.0009174707363004231
0.0008693342360925173
0.0008221816526130333
0.0007760449578079232
0.0007310249324857906
0.0006871797709181609
0.0006445760286769094
0.0006032772968140071
0.0005633509547561049
0.0005248419415762971
0.0004878347850707678
0.00045237211331095495
0.00041847539394694323
0.0003861456131928016
0.0003555009345921538
0.0003265093710258119
0.00029916567919448884
0.0002734910960462371
0.00024946569615077167
0.0002270458202170426
0.0002062221405765747
0.00018704992749888068
0.0001691537681304757
0.00015280236742644054
0.0001378041198521646
0.00012410473957139974
0.00011160586667089191
0.00010026545014591157
0.00008998810569159315
0.00008068580266603168
0.00007228488513153057
0.00006468652048534028
0.00005786299985243957
0.000051763956416989916
0.000046304538011063735
0.000041340852689543926
0.00003692512526614887
0.00003300593750807331
0.000029445678642513828
0.000026218443341530905
0.00002345009473822832
0.000021018003347742583
0.000018724893390187077
0.00001670163457385609
0.000014864543510082698
0.000013272098184991002
0.000011866307304292735
0.000010592951807946664