0.00379684097837513
0.0037967590296114576
0.0037964725285368267
0.0037959074321027514
0.0037949688455130247
0.0037935360392249303
0.0037914566225997317
0.003788539936915591
0.003784549890594445
0.0037791977140177436
0.0037721354851726206
0.0037629517802510565
0.0037511714045201407
0.0037362617497721613
0.003717648678096319
0.0036947445850554856
0.0036669900119055726
0.0036339075423056704
0.0035951628759484126
0.0035506238346394966
0.0035004052898504
0.0034448883673749344
0.003384706532282476
0.0033206982219442754
0.003253833053915412
0.0031851238347265836
0.0031155386364916885
0.0030459255486998686
0.002976958390865384
0.0029091103954903192
0.0028426521792677345
0.002777673405563622
0.002714119551166589
0.002651838254749371
0.0025906214410734464
0.0025302506683927387
0.002470523629461499
0.002411272388382985
0.002352371524913218
0.002293736439897379
0.0022353152655347325
0.00217708059226632
0.0021190212652924816
0.0020611353992658022
0.0020034282046205985
0.0019459076309528175
0.0018885830124451563
0.0018314752496588343
0.0017745801561967944
0.001717934118885674
0.0016615504040135643
0.0016054518051339178
0.0015496630129961644
0.0014942077119980525
0.0014391249820589333
0.0013844482342507062
0.0013302083341220701
0.0012764408160039454
0.001223196772539906
0.0011705197568778062
0.0011184599210826015
0.001067065978746417
0.0010163995641125766
0.0009665123211047855
0.0009174707039739115
0.0008693338931665764
0.0008221708430531975
0.0007760447756011147
0.0007310255110331357
0.0006871806319122712
0.0006445751823216948
0.0006032775026345879
0.0005633487168921892
0.0005248481857853994
0.0004878357353410842
0.00045238139102349816
0.00041848330377298716
0.000386138928896766
0.00035550322999762377
0.00032651290795103656
0.0002991731971800111
0.000273494272674232
0.0002494669530737586
0.000227044367063731
0.00020622359896563022
0.00018708020312405233
0.00016915686820428888
0.0001529422608674645
0.00013780218695818772
0.0001241043774588317
0.00011160610669389409
0.0001002671575386039
0.00008998836543082553
0.00008069159873573698
0.00007228716599179547
0.00006469987416534185
0.000057859090131878574
0.00005176723945658834
0.00004630440546898351
0.00004133931391762553
0.00003691911521925244
0.000033123130044529806
0.000029446809576832614
0.000026219030896910197
0.00002347048238369823
0.000021028875004657254
0.000018717086525982018
0.000016700667203849796
0.000014863737372429797
0.000013277300866130681
0.000011861983661130113
0.000010585783465713014