0.0032746101370632868
0.0032745909644257792
0.003274523916143068
0.0032743915838559217
0.003274171536971831
0.0032738350152994927
0.003273345316534822
0.0032726558241567174
0.0032717076218006774
0.0032704266485672102
0.0032687203714767436
0.0032664739942263503
0.0032635462958943186
0.0032597653115419116
0.0032549242405469927
0.0032487782036647803
0.0032410427555748813
0.003231395353481306
0.0032194811919770867
0.0032049247882815317
0.003187348247522962
0.0031663960926638997
0.00314176490799876
0.0031132341300014106
0.0030806927846305627
0.003044156643856562
0.003003771666267131
0.0029598025038615576
0.0029126082968581267
0.002862610658906566
0.00281025978503804
0.002756003884155156
0.0027002652008716608
0.0026434236364866253
0.0025858072157226926
0.0025276878945490046
0.0024692813698278825
0.002410750152975165
0.002352209538823332
0.002293735932581
0.002235376498771335
0.0021771587296769085
0.002119098627547943
0.0020612067328116593
0.002003491995548282
0.001945963925660076
0.0018886332928526705
0.0018315138558808407
0.0017746197894743503
0.0017179685177209753
0.001661581179885398
0.001605477628841818
0.001549686552825513
0.0014942326927707636
0.0014391464005130117
0.001384462410328088
0.0013302194765830082
0.0012764521394873002
0.0012232074520052427
0.0011705288774797476
0.0011184656024951908
0.0010670731711310054
0.001016404241276325
0.0009665175852765923
0.0009174749671618979
0.0008693374985917176
0.0008221729708188539
0.0007760479759632078
0.0007310278331134482
0.000687180836406281
0.0006445767446640546
0.0006032779823263139
0.0005633509073143655
0.0005248485886068927
0.00048783820448727064
0.00045235460207411943
0.00041844975984713063
0.0003861570405146363
0.00035550184668495173
0.0003264976151451207
0.0002991766247795869
0.00027349316810745426
0.0002494564985391846
0.0002270526915814596
0.00020622574549741362
0.00018697634250838043
0.00016915829439521243
0.0001528019122249714
0.0001378076581810769
0.00012410045583596374
0.00011160781579661738
0.00010025418686293918
0.00008998922899347874
0.00008068364259299741
0.00007227556896848029
0.00006470300195358925
0.00005788125707760462
0.00005173183159169584
0.00004630309999395789
0.00004135343054885321
0.000036930503675530666
0.00003300290290446652
0.000029441785448056603
0.000026235391638236044
0.000023461529813184838
0.000021009265174663638
0.00001871456616833175
0.000016699142053354936
0.000014863342630283767
0.000013279177475044912
0.000011867961645631994
0.000010572928684695947