0.003237593219443448
0.0032375776573249646
0.0032375232332645543
0.0032374158078411416
0.0032372371493882934
0.0032369638571572994
0.0032365660245994086
0.003236005590371593
0.003235234320184851
0.003234191362002399
0.0032328003238502223
0.0032309658429825446
0.003228569655153948
0.0032254662439541062
0.0032214782658780655
0.003216392121300926
0.00320995428540233
0.0032018693238888896
0.0031918008648056796
0.003179377098263588
0.00316420247860488
0.0031458769853711555
0.0031240233155298298
0.00309832059221473
0.0030685407575840556
0.0030345814225647325
0.0029964877208635177
0.0029544566885640893
0.0029088214070025413
0.0028600174268189837
0.0028085388478636584
0.002754893623947073
0.002699566258505878
0.002642992243521599
0.0025855442606109525
0.0025275276048606736
0.002469181634768132
0.0024106850453297136
0.0023521638250106336
0.002293701140332288
0.0022353481806407184
0.0021771346594576953
0.002119077694801997
0.002061188342713642
0.002003475798809625
0.001945949601006704
0.0018886207919670327
0.001831502517060026
0.0017746111952344694
0.0017179599906627595
0.0016615730979602698
0.0016054716663443183
0.0015496816641064055
0.0014942270321426838
0.001439142300566508
0.0013844565741146174
0.0013302155953462246
0.0012764494869026571
0.0012232059652985312
0.0011705313868934576
0.0011185629684298652
0.0010670700794654085
0.0010164033141959168
0.0009665154048596322
0.0009174740686961983
0.0008693357476934763
0.0008221731928337011
0.0007760462470847656
0.0007310264703359817
0.0006871817365504973
0.0006445756818413796
0.0006032777447404717
0.0005633486422719532
0.0005248479653027684
0.00048784089143953354
0.00045236004602140697
0.0004184505951997882
0.00038615371712817355
0.00035550002428603626
0.0003265049447964601
0.0002991810528338358
0.00027349070393699543
0.0002494647341082735
0.00022705501490420587
0.00020622575966234153
0.00018699296817237764
0.00016915801854807514
0.00015280008991103622
0.000137808830873115
0.0001240986407606621
0.00011160441599799534
0.00010026192430284339
0.00008999119422149932
0.00008068656643999616
0.00007227828564963807
0.00006469970276969002
0.000057880204844595017
0.000051763510323316014
0.000046307361852482625
0.00004134287052357148
0.000036931236011595225
0.00003300153204270327
0.000029443184233326737
0.000026215979722879862
0.000023457793598819814
0.00002101410754224142
0.00001871875248990456
0.00001669850235719954
0.000014860098676813325
0.00001328186160507131
0.000011871589426218482
0.000010573952346641826