0.0035692367429514004
0.0035691702349012356
0.003568937725438292
0.0035684791649242768
0.00356771765196195
0.0035665554589281523
0.003564869425389414
0.0035625058027441
0.003559274779313414
0.0035549451418969507
0.003549239855331912
0.003541833766363022
0.0035323551212056194
0.003520393010601869
0.0035055129941992543
0.0034872826641351084
0.0034653074044887133
0.0034392738798151297
0.003408995174474131
0.0033744480873094482
0.003335791753711278
0.0032933591630132397
0.003247619609408898
0.0031991186877185387
0.0031484095450539235
0.003095991519780316
0.0030422691398713305
0.0029875374496349145
0.0029319918313447345
0.002875754542574337
0.00281890747664941
0.002761521298115765
0.0027036743414384015
0.002645459154724441
0.002586978742871007
0.002528337098355974
0.0024696289887131246
0.0024109326145552172
0.00235230665761201
0.002293791384990865
0.002235412396302599
0.002177185352085868
0.002119120372049613
0.00206122538731231
0.0020035083071088702
0.0019459782342495114
0.001888646028303108
0.0018315246758511914
0.0017746292379645192
0.0017179771759706847
0.0016615882955898843
0.0016054852660126345
0.0015496932661429753
0.0014942374027058602
0.0014391513342508703
0.0013844672869770082
0.0013302224013334667
0.0012764554586857527
0.0012232070939689843
0.001170531126214515
0.0011184686225792454
0.0010670713167318417
0.0010164097483755215
0.0009665193279211063
0.0009174756823184701
0.0008693420499442518
0.0008221698844787215
0.0007760482637379246
0.0007310282062605593
0.0006871822913577388
0.0006445774836188144
0.0006032774950439556
0.0005633501566720741
0.0005248496832979016
0.00048783657910282874
0.00045235363540834374
0.0004184496063942557
0.00038615360669784526
0.0003555000165337644
0.0003265012448287348
0.00029917218200897414
0.00027349159080632086
0.00024945308134322123
0.0002270620316799744
0.0002062265064931193
0.00018696105055874437
0.00016915917921163332
0.0001528022894824569
0.0001378052065099859
0.00012410106752595485
0.00011160969216999128
0.00010025968895341967
0.0000899883623010945
0.00008068239136002337
0.00007222819769911247
0.00006470038212917815
0.00005788654018145551
0.000051737685999431844
0.000046297194131680424
0.00004135936142091805
0.000036920850500995964
0.00003299983992021318
0.000029446307038002982
0.000026234039875994826
0.00002347124663198312
0.00002101002185446655
0.00001870989850523399
0.000016696514408435726
0.000014904262948071013
0.000013279319300936868
0.000011865870150876132
0.000010584278341175152