0.00374446336595677
0.003744396738995698
0.003744163780800714
0.0037437041847645388
0.003742940510866994
0.0037417739581291146
0.0037400793195783606
0.003737699089844103
0.0037344367875942618
0.0037300497109110033
0.003724241608044536
0.003716656107021585
0.003706872280219136
0.0036944043449289995
0.0036787081637296047
0.003659197677469029
0.0036352743129766016
0.0036063712597551247
0.0035720118482750612
0.0035318769506308997
0.0034858713280404648
0.0034341743340602117
0.003377260098253272
0.003315876049805776
0.0032509787841366274
0.0031836372288583867
0.003114922112449366
0.003045803349381887
0.0029770729145983973
0.002909302334392147
0.002842836338909099
0.0027778131867088715
0.002714207641972254
0.0026518822372026568
0.002590631610514143
0.002530238366697031
0.002470501610880476
0.002411244428382211
0.0023523425379717517
0.0022937099196373954
0.0022352907224204516
0.0021770590780445316
0.0021190024738731625
0.0020611181101213177
0.002003412711151178
0.001945894877197511
0.0018885700263914652
0.0018314583836204958
0.0017745699981832415
0.0017179257484838798
0.0016615429811373597
0.0016054457558716698
0.0015496579071886155
0.0014941957640654975
0.0014391239034555548
0.00138444522624099
0.0013302098378847023
0.0012764383319717862
0.0012231943204965817
0.0011705173276619991
0.001118456343746104
0.0010670640573353495
0.0010164007763748522
0.0009665113150896252
0.0009174703494783887
0.0008693357400996578
0.0008221684653290675
0.0007760439622635942
0.0007310251189073381
0.0006871794714944732
0.0006445741902817208
0.0006032749584573692
0.0005633451527576176
0.0005248472716935116
0.00048783704127005245
0.00045238682504844264
0.0004184444555953242
0.00038615042929439667
0.000355498655800515
0.00032651739913946716
0.0002991758975771836
0.0002734917269796113
0.00024945444073671874
0.00022704646339715182
0.00020622685942252525
0.000187132933099363
0.000169152934928163
0.00015279968418189098
0.00013779496564202468
0.0001241040416500807
0.0001116019561067209
0.00010026215374822304
0.00008999382461210941
0.00008069663874447738
0.00007229016939175175
0.00006469908242656351
0.0000578528772273882
0.000051777851565463926
0.00004629389037173382
0.00004134910348949729
0.00003691195421523269
0.000033125808828158616
0.000029447175883422374
0.00002623063922605953
0.000023469867872868797
0.000021027563961080527
0.000018719277427466865
0.000016700380819152738
0.000014891468979263364
0.00001327739185496337
0.000011863068223572882
0.000010580886530380797