0.013016833817090716
0.012910702056664121
0.012563834398299067
0.011971864578004834
0.011187092319556832
0.010297967195177608
0.009393068875589328
0.008536290784492934
0.00776190623117274
0.0070814825045555085
0.0064930876149120464
0.005988335447301079
0.005556637004089943
0.005187389936098168
0.004870937288142991
0.004598877443851527
0.004364065834490611
0.004160488945421127
0.0039830996469765075
0.003827654591647851
0.0036905703447049393
0.0035688035273355786
0.0034597551613896674
0.003361197234671897
0.0032712183171561236
0.0031881845605189643
0.0031107114423850105
0.00303764152808283
0.0029680237142650917
0.002901091028217002
0.002836235173063106
0.002772980026765715
0.002710955314184412
0.00264987357759811
0.00258951200248966
0.002529698886387215
0.0024703042243229417
0.0024112326941306784
0.002352417788230235
0.002293816253367951
0.0022354026603176157
0.002177164406665585
0.0021190975698238447
0.0020612039014973054
0.0020034889467309635
0.0019459610877451837
0.0018886308096629405
0.0018315117040031785
0.001774617893166283
0.0017179667001289932
0.0016615790503989975
0.0016054759490876057
0.0015496854302841318
0.0014942317614727789
0.0014391452156731791
0.001384461245883455
0.0013302189551166082
0.0012764513478285455
0.0012232070293402275
0.0011705315092438884
0.0011184665613285817
0.0010670726107944103
0.00101640425704672
0.0009665172030731747
0.0009174748757498378
0.0008693371149787708
0.0008221726901338914
0.0007760480520201026
0.0007310277809743523
0.000687181685097034
0.00064457671132974
0.0006032778911040243
0.000563351195783407
0.0005248482813874103
0.00048783771268323575
0.00045235789330658443
0.0004184482291662777
0.00038615473865318245
0.0003555019583186266
0.0003264970734121502
0.0002991772812698335
0.0002734927965167434
0.0002494598642669499
0.0002270530578113517
0.00020622559541922964
0.00018697863677496405
0.00016915826814293126
0.00015280170582015223
0.00013780786527997025
0.00012410032199210782
0.00011160715751197832
0.00010025429476484845
0.00008998821376663401
0.00008068238463096828
0.00007223659628384132
0.00006470197472806983
0.000057881680208642664
0.00005173145312017039
0.0000463034502037361
0.00004134199093064532
0.0000369297148807396
0.000033002002948847865
0.000029443897094700997
0.00002623630854109848
0.000023461932221229577
0.000021008400958960223
0.000018716195024419345
0.00001669888850667702
0.00001486542665009006
0.00001327145017924731
0.000011868375386167184
0.000010573208450925773