0.0033720263738747495
0.003371995440006141
0.0033718872725088936
0.0033716738329318727
0.00337131906223567
0.0033707768530603518
0.003369988592657181
0.0033688802302445603
0.0033673588471928276
0.0033653087568752175
0.003362587244974669
0.003359020194369628
0.0033543980345070033
0.0033484727188535612
0.0033409567507058278
0.003331525592759399
0.0033198249929430853
0.0033054846482030173
0.00328813897058376
0.003267454342239466
0.0032431601471959856
0.0032150786421398527
0.003183147210114388
0.0031474269530596933
0.003108094524291824
0.0030654188136154314
0.0030197287118026487
0.0029713804290233702
0.0029207316472482535
0.0028681259366540902
0.002813886465393386
0.0027583151430658186
0.0027016928594689547
0.002644277961597825
0.0025863023485424644
0.0025279663950940677
0.0024694347275899075
0.0024108346401997185
0.0023522580011300885
0.002293766355739969
0.0022353980308400436
0.002177175672232188
0.0021191128677676826
0.0020612190838009345
0.00200350283343633
0.0019459734406898992
0.0018886417844949596
0.0018315210028649047
0.0017746260302187367
0.0017179744012113373
0.0016615469155244638
0.001605483397322848
0.0015496901948184676
0.0014942357763543042
0.0014391497590599176
0.0013844657390575015
0.0013302213549860869
0.0012764543973513432
0.0012232094285261647
0.0011705303993989765
0.001118467712019268
0.0010670746393721916
0.0010164054182563676
0.0009665185925596364
0.000917475460632833
0.0008693428515811657
0.0008221737485931642
0.0007760483450449796
0.0007310278745720017
0.0006871816295435267
0.000644576792780354
0.0006032782421694869
0.0005633505481616698
0.0005248489151347207
0.00048783825386930436
0.00045235376348597844
0.0004184537749566642
0.00038615277242728073
0.00035550142083872344
0.00032649893083186253
0.0002991727375119711
0.0002734927747854536
0.0002494538717945548
0.0002270519792941438
0.0002062260536326525
0.00018696414818601006
0.0001691594341286652
0.00015280251927132752
0.00013780497312500912
0.00012410093455983155
0.00011160826614091242
0.00010025892120400163
0.00008998866371585138
0.00008068051398488969
0.00007223213216550725
0.00006470211798162235
0.000057881863050923774
0.00005173371444111419
0.00004629698377967759
0.00004135757752091437
0.00003693516739679572
0.00003300488573741008
0.000029442171916359817
0.000026235745318407644
0.000023466876694655022
0.000021010596943940192
0.000018712401849766214
0.000016696771010762275
0.000014866012343367866
0.000013273638401312774
0.000011865903807799758
0.000010584137172432022