0.0032496990398845522
0.003249682347906866
0.003249623973211441
0.003249508753097887
0.003249317141066728
0.003249024057321253
0.00324859746482358
0.003247996617609764
0.00324716992500391
0.0032460523773743875
0.003244562490257975
0.003242598750186469
0.0032400355960586955
0.003236719055749744
0.0032324622920229602
0.0032270415068907034
0.0032201929141399094
0.003211611801614377
0.003200955017710602
0.0031878484246975498
0.003171900793942341
0.003152725060538154
0.0031299666244984994
0.0031033365011641843
0.003072644903546754
0.0030378291012859524
0.0029989690581848955
0.0029562861491611732
0.0029101239917235303
0.0028609149458678628
0.0028091393343554674
0.002755285498585399
0.0026998171282706677
0.002643150958986914
0.0025856445453530654
0.0025275918693882723
0.002469224260722632
0.002410714926854977
0.0023521862294720005
0.0022937190381066733
0.002235363171083073
0.002177147580149835
0.0021190889949220123
0.002061198291886542
0.0020034845649504122
0.001945957418618781
0.001888627615190269
0.001831508461739303
0.0017746156984338821
0.0017179645925050715
0.001661577195040574
0.0016054752231343284
0.0015496842009712667
0.0014942298564600376
0.0014391447855684354
0.0013844598872106168
0.001330217400948822
0.0012764504272158332
0.0012232066158131695
0.0011705314693486297
0.0011185345469960958
0.0010670719295632761
0.0010164039676370479
0.0009665167386953954
0.0009174745616901387
0.0008693366379060178
0.000822172362710294
0.0007760480646920222
0.000731027764846624
0.0006871816623643458
0.0006445768535643335
0.0006032776515617432
0.0005633515590323003
0.0005248481907394636
0.00048783840101680964
0.0004523587580605506
0.0004184481962896367
0.0003861540569686215
0.00035550050596752593
0.0003264987164478366
0.000299178675865539
0.00027348822110213346
0.00024946827048679033
0.00022705442580015238
0.00020622536019584948
0.0001869837859851655
0.00016915874590261052
0.00015280172530569426
0.00013780884034031714
0.00012409920789703267
0.00011160736944955023
0.00010026347298621207
0.00008999041532589027
0.00008068423065340716
0.00007227723010206666
0.00006470584558118451
0.00005788047927408526
0.000051763026798736474
0.00004630409537409084
0.00004134080335295257
0.00003693330583635027
0.00003300322834204944
0.00002944408331576136
0.000026215760518973913
0.00002345985942519368
0.00002101394815112786
0.000018715650978715882
0.000016699284470694942
0.000014863615057797571
0.000013277555547864415
0.000011867845997402644
0.000010571783034828415