0.0041263860800278065
0.004126164272668026
0.004125389302417613
0.004123862977589159
0.004121334372661253
0.004117489894547754
0.004111943598174142
0.004104229294893527
0.0040937968714138484
0.004080016230948835
0.004062193116303221
0.004039601258256477
0.004011534044499734
0.003977375426638192
0.00393668381868725
0.0038892751621945644
0.003835285806094665
0.0037751942893273927
0.0037097900604640376
0.003640091054584694
0.003567228660338299
0.0034923281444996387
0.0034164112916238833
0.003340337137055795
0.0032647822343832345
0.0031902503843538148
0.003117096839563023
0.0030455537166315647
0.002975749217861443
0.0029077199156939885
0.0028414195920616297
0.002776729821307539
0.002713475226904127
0.002651444166641823
0.00259041174467497
0.002530162339888734
0.002470506861422805
0.0024112931035819075
0.002352408780671682
0.0022937783702007826
0.0022353561791570173
0.002177118227404022
0.002119054979661868
0.0020611656658556295
0.002003454993267388
0.001945931007744821
0.0018886042688518474
0.0018314886251436671
0.0017746030317733015
0.001717948484707801
0.0016615631500398404
0.0016054627549778502
0.0015496721002377935
0.0014942197462249748
0.0014391358306650851
0.0013844537053597523
0.0013302148483172749
0.001276445270936218
0.0012232012778994588
0.0011705238994519618
0.0011184627798707053
0.0010670694904071352
0.0010164022442984823
0.0009665155127324587
0.0009174727006430129
0.0008693357944771969
0.0008221772455831573
0.0007760455383073347
0.0007310246897612517
0.0006871845672335682
0.0006445763528718478
0.0006032775287135105
0.0005633452556322183
0.0005248444898858754
0.0004878340964918322
0.00045236662420451495
0.0004184478464411043
0.0003861496392790273
0.0003555009407171956
0.00032650657145364613
0.00029918882923818434
0.0002734902750808707
0.00024946264272704606
0.00022704909617882567
0.00020622382073429631
0.0001870248161699508
0.00016915638358667136
0.00015280140872346029
0.00013780193927888026
0.0001240981248376015
0.00011162569834086947
0.0001002649509739158
0.00008998633710245741
0.00008068819775864623
0.0000722882011752039
0.00006468754175404081
0.00005786976950934844
0.000051764614244234416
0.00004631557195561838
0.000041336039616184985
0.00003693052127372338
0.000033003377187151015
0.000029446352286410708
0.000026216638826960275
0.000023453017488116045
0.000021015431664884472
0.000018725488549830634
0.000016699674197902137
0.000014856645798400008
0.000013277702153523069
0.000011872094486831292
0.000010572503194668589