0.00331425098243605
0.003314227432463949
0.0033141450795979104
0.0033139825559826133
0.0033137123502829553
0.003313299226994275
0.003312698290430589
0.0033118526395009276
0.003310690567585778
0.003309122283398507
0.0033070361715688704
0.003304294686319915
0.0033007300904835863
0.0032961404271415365
0.003290286347960118
0.0032828897092179194
0.0032736351384119655
0.003262175973519338
0.0032481459231703926
0.0032311772872409507
0.003210925446251769
0.003187097623366143
0.003159481907788637
0.003127971262594695
0.0030925771226119007
0.003053429311200563
0.003010762392757527
0.0029648921037546388
0.002916187476768229
0.0028650439907429133
0.0028118611029163934
0.002757025150012923
0.002700896950529795
0.0026438028694102853
0.0025860283668634253
0.002527813695504734
0.00246935199347786
0.002410790274094731
0.0023522335567122362
0.00229375174275338
0.0022353881338063146
0.002177168099140678
0.002118969996796697
0.002061213660939389
0.002003498079564714
0.0019459692705095972
0.0018886380744906708
0.001831517837944253
0.001774623267087278
0.0017179720418979583
0.001661583768867421
0.0016054818357061752
0.0015496885759378968
0.001494234394724922
0.0014391483326011494
0.0013844643254495984
0.00133022049048666
0.0012764534361359688
0.0012232082605522618
0.0011705297770292441
0.001118466841831461
0.0010670740307810258
0.0010164049220247836
0.0009665181593898921
0.0009174751786216666
0.0008693436108705196
0.000822173423102368
0.0007760485302166
0.0007310276572150393
0.0006871813142026961
0.0006445766574296122
0.0006032781312726702
0.0005633509011616556
0.0005248489682622306
0.00048783682254600137
0.00045235315619635355
0.00041844898001497176
0.00038615472842127397
0.000355501483291447
0.0003264980095812808
0.0002991750157012107
0.0002734926537260026
0.00024945362878934786
0.00022705271417372967
0.00020622508720031144
0.00018697054238684673
0.00016915895625344932
0.00015280229091003207
0.00013780590491825777
0.00012410068804899162
0.00011160863461816922
0.00010025970800617412
0.00008998886761597538
0.0000806827411125952
0.00007223454353756055
0.00006470172289295687
0.0000578813634878522
0.00005173549004249372
0.000046295763840767374
0.00004135563316065057
0.000036933916016805275
0.00003300417392483356
0.000029441677970295747
0.000026234616568763693
0.000023462739394095626
0.000021009119561107222
0.00001871345508740993
0.00001669888566198217
0.000014864872814280027
0.000013272073042495698
0.000011866047692788893
0.000010583945443973883