0.004440418602871982
0.004439914846644969
0.004438156344288074
0.0044347000249208846
0.00442899467087542
0.0044203690386116585
0.004408027314006271
0.004391057934639621
0.004368463298938185
0.004339218022251674
0.004302360674015879
0.004257116854705823
0.00420303983115599
0.004140141421543504
0.004068976639251586
0.003990648363111464
0.003906716651694302
0.003819026069022107
0.003729490485830162
0.0036398854349239803
0.003551689467916461
0.003465995088080057
0.0033834880817457356
0.0033044799895680043
0.00322897348282519
0.003156742448057555
0.0030874132225174903
0.0030205381143242785
0.002955655860940373
0.0028923361855768314
0.002830207675976538
0.00276897018658433
0.0027083947361964426
0.002648315027738141
0.002588614925146208
0.0025292155099603778
0.002470064029300554
0.0024111256591155135
0.002352377927383866
0.0022938071104456467
0.0022354058733600217
0.0021771716476651983
0.002118969514617433
0.0020612113953446254
0.002003495702224258
0.0019459670606855274
0.001888636083474326
0.0018315160602280867
0.0017746216868441294
0.0017179706410207615
0.0016615825303146646
0.0016054807403597336
0.001549687613903606
0.0014942335491161982
0.0014391475920443734
0.0013844636789213443
0.0013302199228987872
0.0012764529423415758
0.0012232078300863868
0.0011705294034438398
0.0011184665206974765
0.0010670737519348997
0.0010164046815137745
0.0009665179527401668
0.0009174750006527618
0.0008693434021844747
0.0008221732948090497
0.0007760484184871049
0.0007310275650974293
0.0006871812377108987
0.000644576592380594
0.0006032780768708043
0.0005633508487966568
0.0005248489326170572
0.00048783677759719584
0.0004523531270986937
0.00041844895816252857
0.0003861547237592463
0.0003555014704704892
0.00032649806431144434
0.00029917482221119646
0.00027349266215927843
0.00024945378008369963
0.00022705289214157955
0.00020622510519816592
0.00018696996834455465
0.0001691589527302003
0.00015280216316670335
0.0001378058624298608
0.0001241006627024074
0.0001116086645217766
0.00010025996837305534
0.00008998835933451797
0.0000806822714154047
0.0000722356634856028
0.00006470164629344146
0.0000578808205422954
0.000051735545898093655
0.0000462954586440415
0.000041355757604059267
0.000036934517221590483
0.000033004527678643054
0.00002944248732455346
0.00002623534843713501
0.000023464290037068914
0.00002100765937094722
0.00001871462611072941
0.00001669746582443032
0.00001486646698751769
0.00001327422394610095
0.000011866000893309418
0.000010585873439766248