0.007892028793422151
0.007878601016078388
0.007832451071124048
0.0077448802193552345
0.007608706972332623
0.007420276827916536
0.0071811824124157694
0.006898831833181764
0.006585378099422071
0.006255338352550838
0.0059228851846087425
0.005599789965170297
0.005294461425806422
0.0050119517583216795
0.004754530244615695
0.004522442438850785
0.004314616581792988
0.004129217955047597
0.003964039003452173
0.0038167522442813778
0.003685062930687229
0.0035667949425664458
0.0034599356236296713
0.003362657390018191
0.003273327263304774
0.0031905102048774203
0.003112968255482926
0.0030396550649432834
0.0029697045875555846
0.0029024134500294494
0.0028372181830602257
0.0027736701653673116
0.0027114117858992462
0.002650156676536599
0.0025896752417055796
0.0025297850415156795
0.0024703444497468914
0.002411247762190105
0.0023524203739644684
0.0022938134045776383
0.002235397915081129
0.0021771593434156723
0.002119092791335897
0.002061199582646313
0.0020034851053524236
0.0019459577138279662
0.0018886278056117005
0.001831508592050249
0.0017746157873053479
0.001717964656146043
0.0016615772398465925
0.0016054752546322704
0.0015496842214818118
0.0014942298722816934
0.0014391447967920285
0.0013844599012381217
0.0013302174064339551
0.001276450433045094
0.0012232066169097465
0.001170531445625394
0.0011185341006727403
0.0010670719330263035
0.0010164039680398385
0.0009665167405368098
0.0009174745607620133
0.0008693366406840683
0.0008221723648737774
0.0007760480626026584
0.0007310277637263612
0.0006871816618628005
0.0006445768524818221
0.0006032776523567655
0.0005633515481674466
0.0005248477787905621
0.00048783837379433987
0.00045235872935157754
0.0004184481984256655
0.00038615405083424316
0.00035550051003837343
0.0003264966379041521
0.00029917830615856827
0.00027348834472251703
0.00024946817293708764
0.000227053536819035
0.000206225394990315
0.00018698271920745133
0.00016915874557140746
0.0001528015048024769
0.00013780874454058249
0.0001240991866730118
0.00011160745494368876
0.00010026345636557693
0.00008998957064382756
0.0000806834341706863
0.00007223765784848197
0.00006470468119134442
0.00005787962249865277
0.00005173215954325362
0.000046302831549361464
0.00004134167097811525
0.0000369324433948009
0.00003300026972571604
0.000029444214782344062
0.000026237031301989564
0.000023460595238141246
0.000021009732597773706
0.000018718566210954837
0.000016698556926123764
0.000014866827779171627
0.00001327078938826252
0.00001186840258508957
0.00001057317387075522