0.0034482031285461394
0.0034481597416020932
0.003448008042439826
0.0034477087659904745
0.0034472115002772224
0.003446451943354943
0.003445348635068507
0.003443799148200797
0.0034416757846486156
0.003438820926907409
0.0034350423599873916
0.0034301091189869273
0.003423748737422039
0.003415647148471584
0.003405452851096523
0.0033927871421478625
0.0033772619848608737
0.003358506154409954
0.0033361984196607127
0.0033101038629802086
0.0032801066363656347
0.003246230843003876
0.003208642235741431
0.003167627674045665
0.0031235557563835917
0.0030768281570632285
0.0030278341049896247
0.0029769186785548267
0.0029243703344111046
0.002870425984573129
0.0028152871764206213
0.002759138429593181
0.002702160425638742
0.002644534205373712
0.0025864370095829456
0.0025280332470729912
0.0024694651065899883
0.00241084633829827
0.0023522607828035482
0.0022937653134062056
0.002235395631046418
0.002177172994378852
0.0021191103193452156
0.002061216784771249
0.0020035007957291645
0.0019459716315658254
0.0018886402176064069
0.0018315195523438874
0.0017746247273554843
0.0017179732041781965
0.0016615848042289287
0.0016054821684583452
0.0015496904147699847
0.001494235043564086
0.0014391497857407997
0.0013844655143650652
0.0013302208247936622
0.0012764540986429506
0.0012232061216029878
0.0011705296252733325
0.0011184677578557733
0.0010670708671277893
0.001016408756909215
0.0009665187290473096
0.000917475181897775
0.0008693415104823837
0.0008221698413926997
0.0007760479459160464
0.0007310283775382129
0.0006871820693589995
0.0006445772630719011
0.0006032771406439894
0.000563349977166084
0.000524848933042595
0.0004878363543554439
0.00045235227267509664
0.0004184494412785919
0.0003861536684596982
0.0003555000598525949
0.00032650118495963033
0.0002991844931818403
0.00027349144801480776
0.00024945312222048754
0.00022706189899682607
0.0002062265246383185
0.00018696076397885724
0.00016915912480451874
0.0001528022673712414
0.0001378051648644677
0.0001241010491893115
0.00011160977563181177
0.00010025959251272537
0.00008998851822437695
0.00008068226499464392
0.00007222816448853881
0.00006470102872449152
0.00005788655956911865
0.000051737729033298556
0.000046296909704596156
0.00004135940127432118
0.00003693900706625568
0.00003299988277168675
0.000029446188501423833
0.00002623406455751912
0.000023471232159930538
0.000021009935032061416
0.000018710220808833127
0.00001669650338095943
0.000014904323155884193
0.000013279220357990333
0.000011865169607821185
0.000010584239085765509