0.003188672586443727
0.0031886597618564078
0.003188614910754222
0.003188526377466129
0.0031883791279980313
0.003188153856703078
0.0031878258741475877
0.0031873637298245007
0.003186727517714266
0.0031858668091493225
0.0031847181583740274
0.003183202135364474
0.0031812198635518133
0.003178649085180873
0.0031753398549328655
0.003171110086127856
0.003165741356218732
0.003158975626834985
0.003150513840287832
0.00314001767594716
0.0031271160047625585
0.003111417582597251
0.0030925310946609457
0.0030700925570193
0.003043798265046851
0.003013439204582976
0.002978930871983473
0.00294033177736098
0.002897845427600045
0.002851804242661739
0.0028026384342737343
0.0027508364304777975
0.0026969044549911116
0.0026413312417483178
0.0025845612756110465
0.002526976937327703
0.002468889354781196
0.002410536908203408
0.0023520904702976847
0.0022936638464199194
0.0022353271891858463
0.00217712080318865
0.0021190671099679476
0.002061179531674941
0.002003468175963492
0.0019459430127589138
0.0018886149325025368
0.0018314972946833037
0.00177460586944256
0.0017179559462474948
0.0016615695950217542
0.001605468548806972
0.0015496783458105242
0.0014942247258555594
0.0014391402958377534
0.0013844559618536615
0.0013302139782053071
0.001276447446157274
0.0012232040244802682
0.0011705292409602923
0.001118532907263693
0.0010670702487730927
0.0010164025197436735
0.0009665154947131176
0.000917473496036604
0.0008693357274906703
0.0008221715873572845
0.0007760474071546409
0.0007310272095390351
0.0006871811944380354
0.0006445764613735701
0.0006032773239323194
0.0005633512932045471
0.0005248475474685042
0.00048783823457624313
0.00045235862334182166
0.0004184480711314452
0.00038615396210224366
0.00035550042316760943
0.00032649857892863966
0.0002991788555144243
0.0002734881204447921
0.0002494682907386647
0.00022705446327724762
0.00020622531882738578
0.00018698436283955594
0.00016915873539855237
0.0001528018314089868
0.0001378088929774799
0.00012409922808007354
0.00011160730583639784
0.00010026347986302293
0.00008999033397801596
0.00008068476009633855
0.00007227752028727674
0.00006470602294545062
0.000057884306309219895
0.00005176275833655529
0.00004630501538990305
0.00004135292032482495
0.00003693234917345194
0.00003300409811508871
0.000029443603516258682
0.0000262165313133125
0.000023459415250479317
0.000021011960252973595
0.000018715773404544007
0.00001669543590626506
0.000014861046764142775
0.000013283182048146856
0.000011867769528201022
0.000010571430081051255