0.004033082840152511
0.004032947759991237
0.004032475598346833
0.004031544723378022
0.0040299998319027145
0.004027644412094597
0.004024232318527853
0.004019458845064058
0.004012952083128738
0.004004265892686889
0.0039928765242769025
0.003978185715671177
0.0039595337396789426
0.003936226012496948
0.0039075759400933096
0.0038729641511810915
0.0038319099973870806
0.003784145930705121
0.0037296809503685894
0.0036688381337804765
0.003602255185490784
0.0035308446633953365
0.003455720304615565
0.003378101917827491
0.003299214345565555
0.003220194040478577
0.003142013566164479
0.003065430357059006
0.002990962247868471
0.002918888594075648
0.0028492741633095796
0.0027820066479733473
0.0027168467053865055
0.002653479799245639
0.002591557799587139
0.0025307509512929012
0.0024707724529935355
0.002411382190623643
0.002352411706329189
0.0022937460416974304
0.0022353118226521524
0.0021770734989770145
0.0021190137354086007
0.002061127589485651
0.002003420942257439
0.0019459020982989037
0.001888576378986613
0.0018314639747649296
0.0017745749179938562
0.001717930075309803
0.0016615467837459892
0.0016054490948645673
0.001549660836098417
0.001494198330277036
0.0014391261489633343
0.001384447188301961
0.0013302115495779673
0.0012764398226817145
0.0012231956163344972
0.0011705184518285704
0.0011184573168779284
0.0010670648977544948
0.001016401500363505
0.0009665119371061207
0.0009174708823554869
0.0008693361952139508
0.0008221688527635505
0.0007760442909406093
0.0007310253967126815
0.0006871797053868851
0.0006445743863926314
0.000603275122171955
0.000563345288799332
0.000524847384200298
0.00048783713383623926
0.00045238689935704656
0.00041844451726706406
0.00038615047920743185
0.00035549869614372913
0.00032651743016637037
0.0002991759230885265
0.00027349174600526104
0.0002494544564902583
0.0002270464757127392
0.00020622687389757827
0.00018713276663047173
0.00016915294062425592
0.00015279968881725046
0.00013779496330393174
0.00012410404359589593
0.00011160195977488974
0.00010026215481439174
0.00008999362813869579
0.00008069653810791169
0.00007229010555545636
0.00006469911771841618
0.000057852888157473064
0.000051777835696048755
0.000046293778449293353
0.00004134924997079027
0.00003691196382924043
0.00003312500742405188
0.000029447712499253114
0.00002623108173296668
0.00002346997692858448
0.0000210271374451122
0.000018719337152575205
0.000016700959541419902
0.000014855163795017232
0.000013276765595545772
0.000011862046621064908
0.00001057806492531888