0.004594644857638587
0.004594131436220116
0.00459233913650621
0.004588816123659974
0.004582999904295179
0.004574204808241655
0.0045616166664216445
0.004544300700595947
0.004521230134681395
0.004491343191737381
0.004453633440731105
0.004407271425279508
0.004351743934737714
0.004286983851203004
0.004213454461350694
0.004132155050881123
0.004044533130876444
0.003952317532201178
0.0038573126924628864
0.0037612047711014264
0.003665420834663833
0.0035710601429164816
0.003478893128116795
0.0033894077543104697
0.003302877357496202
0.0032194270686393056
0.003139084024373308
0.0030618061241159656
0.0029874923386403146
0.002915983096781348
0.002847058977147936
0.002780445574675062
0.0027158263936916858
0.002652863988157883
0.0025912234007928274
0.0025305968866720964
0.002470721150676592
0.002411387299162953
0.0023524425719938786
0.0022937846842424198
0.002235351574010084
0.002177110170458844
0.002119046470155085
0.002061157636962296
0.002003447763372009
0.0019459246413505084
0.0018885984821794817
0.0018314849767648463
0.0017746063421703148
0.0017179445557197505
0.0016615595816429935
0.0016054597514060468
0.0015496687511484485
0.001494216463301886
0.0014391328362880799
0.0013844527624806314
0.001330210613733163
0.001276444265016051
0.0012231999126508803
0.0011705225584335342
0.0011184620704263026
0.001067068850012635
0.001016401959616779
0.0009665178111781697
0.0009174716244314282
0.0008693349946182389
0.0008221822983333736
0.0007760455056038039
0.0007310253954952783
0.0006871801607391897
0.0006445763555281995
0.0006032775696722039
0.0005633511813236807
0.0005248421291066313
0.00048783493934959825
0.00045237223736296764
0.0004184754836591145
0.0003861456965450708
0.0003555010018015071
0.00032650942294292623
0.0002991945025582583
0.000273491127906922
0.00024946571223128885
0.00022704584045825634
0.00020622216478746253
0.0001870496621760101
0.00016915377867388043
0.00015280231205824546
0.00013780411618884646
0.00012410474288902844
0.00011160587424991091
0.00010026545239243623
0.00008998778607434198
0.00008068956303129334
0.00007228478693229362
0.00006468660024742456
0.00005786303161094645
0.000051763960027355375
0.00004630762067748544
0.00004134123461443465
0.00003692515448495016
0.000033005758286833586
0.00002944553863109499
0.000026219181021142592
0.00002345033838213801
0.000021014902052818823
0.000018724936059802382
0.000016701698381877304
0.00001486452224087748
0.000013274816141351788
0.000011866400951459393
0.000010591742016240416