0.0032972598123465996
0.0032972369516819054
0.0032971570094279213
0.00329699924382217
0.0032967369505489488
0.00329633592941124
0.003295752606924749
0.0032949317630766514
0.003293803818768203
0.003292281661858032
0.003290257031947806
0.0032875965572932613
0.0032841376525666165
0.0032796846630961294
0.003274005851630238
0.003266832131457173
0.003257858694012036
0.003246750876628759
0.0032331555318601437
0.003216718623477055
0.00319710864653394
0.0031740437364942216
0.003147318480482023
0.003116825181483389
0.003082564630490671
0.0030446437386922407
0.0030032610956507687
0.002958685044051614
0.0029112304164323824
0.0028612388960864354
0.0028090648627842533
0.0027550654261195412
0.002699591790878325
0.0026429796331421057
0.002585538045922033
0.002527538537393184
0.002469206525127552
0.0024107174572818423
0.0023521984408015756
0.0022937347238114647
0.0022353791920361452
0.0021771625946837843
0.0021191025703747135
0.0020612103905875484
0.0020034952811680946
0.0019459668079734687
0.001888635967681001
0.0018315158460335725
0.0017746214707404732
0.0017179703587796972
0.0016615823040906448
0.0016054801036797085
0.0015496891869150916
0.0014942333662733929
0.001439147755179909
0.0013844640978949246
0.0013302197206763848
0.0012764530770349777
0.0012232043471132401
0.0011705293531939609
0.001118466992865266
0.0010670748858631536
0.001016409662213391
0.0009665184361709926
0.0009174748814493529
0.0008692940788673151
0.0008221734514423764
0.0007760478416134926
0.0007310277756328742
0.0006871819730401227
0.000644577305573761
0.0006032780524624374
0.0005633501149490464
0.0005248493285390179
0.00048783719780826724
0.0004523535882755055
0.00041845254046171665
0.0003861531667895182
0.00035550114952554135
0.0003265010267652628
0.0002991728472326785
0.00027349187759156805
0.00024945454245629356
0.00022705031494657323
0.0002062263858796745
0.00018696243576546434
0.00016915915984796012
0.00015280246011355834
0.00013780536530498744
0.00012410108694657255
0.00011160876241500487
0.00010025959041164562
0.00008998877174067281
0.00008068277720140672
0.00007223318509400747
0.00006470131656111082
0.00005788413785208424
0.0000517368204315439
0.00004629807413744711
0.000041357263676531995
0.00003693662049817304
0.000033003087413226074
0.000029447329445015167
0.000026235111219442305
0.000023466726469941216
0.00002101021604431499
0.00001870997370996685
0.00001669608302143373
0.000014866888450633312
0.000013276522047264146
0.000011866067784489899
0.000010583400627166212