0.01306024224388022
0.012954108178359663
0.012607232459141748
0.012015246730390467
0.011230448022139579
0.010341282455710095
0.009436325303332474
0.008579464411547387
0.007804966057353061
0.007124388717816649
0.006535789441114145
0.006030768592838017
0.005598720677962995
0.005229023481957537
0.0049119965315657845
0.004639210977240019
0.004403491632199265
0.004198791929371299
0.004020031095789759
0.003862934560023151
0.003723894440642411
0.003599855332314058
0.0034882250775141142
0.003386807409970903
0.0032937516844409875
0.003207513865519728
0.0031268226940586417
0.0030506459208606467
0.002978153744919009
0.0029086797578039532
0.002841682431265655
0.0027767115649059457
0.0027133832992891262
0.0026513651673114457
0.0025903698185908795
0.002530154389321596
0.0024705216377272766
0.0024113198681595055
0.002352440003361674
0.00229380968900208
0.002235385496862649
0.0021771447990958847
0.0021190786868537227
0.002061186713399787
0.0020034736355184274
0.0019459474686581608
0.0018886188140746576
0.001831500797063963
0.001774610239288297
0.0017179586137105016
0.001661571824642718
0.0016054705776400193
0.0015496811590767195
0.0014942260965901835
0.0014391414666635183
0.0013844554370396253
0.0013302150412006668
0.001276448938569902
0.0012232061611485295
0.001170526315225726
0.001118464831231177
0.0010670690126317569
0.0010164031693949537
0.0009665146551661562
0.0009174741273656347
0.0008693360607635743
0.0008221745760303629
0.0007760460129484645
0.0007310263731711655
0.0006871816457805376
0.0006445756611750887
0.0006032776234904436
0.0005633469597002588
0.0005248475295143595
0.00048783412546564474
0.00045236156201723616
0.0004184480601148581
0.00038615218623570515
0.00035549949726096104
0.00032650604914900963
0.0002991824821288933
0.00027349044467842883
0.0002494653459667464
0.00022705550608393202
0.00020622579337620144
0.00018699882631660145
0.00016915673179835637
0.00015279956058794858
0.00013780654847442297
0.00012409729815652306
0.00011160459060273227
0.00010026330812523434
0.00008998794970907582
0.00008068665145653755
0.00007223859416240006
0.00006469712284734686
0.00005788066839404064
0.00005173285914939085
0.0000463088567626848
0.00004134323765933797
0.00003693339432617586
0.00003300093261586016
0.000029444713409205264
0.000026221432325686544
0.00002345923231174036
0.000021018729627741987
0.000018721536069937544
0.00001669794270213882
0.000014863460445779528
0.00001327624550378584
0.0000118669933480563
0.000010575160896745865