0.0037421607515603465
0.0037420487056839674
0.0037416570835888145
0.0037408851080746076
0.003739604262582572
0.0037376522260579572
0.003734826204394329
0.0037308760670883914
0.003725498052836961
0.0037183303028622034
0.003708952099062197
0.0036968893327230467
0.0036816291868450347
0.0036626468906322675
0.003639446181467784
0.003611612283931213
0.003578871847340241
0.0035411491949688878
0.0034986046451439207
0.003451641121491183
0.003400871413191422
0.0033470490501012738
0.003290976816325033
0.0032334134302573177
0.003174998219907648
0.00311620671848931
0.003057340624337534
0.0029985472272110745
0.0029398582563399
0.0028812364177972388
0.0028226189715725037
0.0027639506708606477
0.002705202393351505
0.0026463758917869597
0.002587498278185143
0.002528611358699589
0.00246976060976046
0.0024109869676894507
0.0023523225995403492
0.002293790233480872
0.0022354048092340455
0.002177176103469787
0.0021191113237513434
0.0020612171262505514
0.0020035009387614823
0.0019459717135554022
0.001888640261383496
0.0018315196134186895
0.0017746247784000506
0.001717973262708631
0.0016615848527429763
0.0016054823379342883
0.0015496911416065064
0.0014942350817470878
0.001439149255725783
0.0013844654093644452
0.0013302208633351434
0.0012764540721807989
0.0012232052275745913
0.001170530103209327
0.0011184676429913676
0.001067075444080062
0.001016410124059845
0.0009665188499686976
0.0009174752366051764
0.0008692948187860733
0.0008221737100712252
0.0007760480600974025
0.0007310279604782837
0.0006871821278189815
0.000644577433275165
0.0006032781618221088
0.0005633502012290457
0.0005248494057592053
0.0004878372427897038
0.00045235363384833456
0.0004184524950748357
0.0003861532225157581
0.00035550117762628335
0.0003265010916853176
0.00029917271357712404
0.0002734919009542719
0.00024945467829451374
0.00022753158880757388
0.0002062264048776059
0.00018696207109465907
0.00016915923506476217
0.00015280236048924518
0.0001378053312451966
0.00012410106576425968
0.00011160882365593562
0.00010025980273900566
0.00008998838000400009
0.00008068240233128864
0.00007223404781586295
0.00006470128302081379
0.00005788649784471358
0.00005173763770983497
0.00004629763693881825
0.00004135947322663146
0.000036918175679399374
0.00003299908711274999
0.000029446521209899854
0.0000262348503958607
0.000023471394548183112
0.00002101041208462029
0.000018710619805953434
0.00001669619570930517
0.000014904488839231521
0.000013279565136648656
0.000011865535251275257
0.000010585350082099893