0.00540758653779827
0.005405892606331579
0.0053999938697803
0.0053884647092560765
0.005369618433200243
0.005341552427449697
0.005302256329610868
0.005249799017945457
0.005182593767848029
0.005099710867081716
0.005001170292210932
0.0048881223711048395
0.004762834664801549
0.004628457516353214
0.0044886185431887
0.004346956104562542
0.0042067119005497755
0.0040704624304704175
0.003940011055245428
0.0038164139770158235
0.0037000925118715177
0.0035909848247059734
0.003488702349125589
0.0033926695884376186
0.0033022362345801097
0.0032167570676402265
0.0031356394016009525
0.0030583614247160986
0.0029844681670352694
0.0029135544085422084
0.0028452441838057664
0.0027791752718898384
0.0027149928711321407
0.0026523533752632004
0.0025909347384657578
0.002530449927716136
0.002470657849016917
0.0024113692660959977
0.0023524465290266816
0.002293797694302423
0.0022353671883020097
0.0021771255893961745
0.002119060656647237
0.0020611704195076025
0.0020034591137358506
0.0019459346206348648
0.0018886074465712043
0.0018314914216726044
0.001774605492341538
0.0017179506485842208
0.0016615650516693676
0.001605464424704356
0.0015496735648539235
0.001494221029444525
0.0014391369534993545
0.0013844546864470646
0.0013302157042458245
0.001276446016319621
0.0012232019258385418
0.0011705244615524064
0.0011184632664466441
0.0010670699106238375
0.0010164026062978418
0.000966515823744303
0.0009174729670840005
0.0008693360220362236
0.0008221774393010252
0.000776045702646757
0.0007310248286646853
0.000687184684179965
0.0006445764509261536
0.0006032776105709412
0.0005633453236212987
0.0005248445461432258
0.0004878341427766505
0.00045236666164307686
0.00041844787727459895
0.0003861496642627915
0.0003555009608561935
0.00032650658716886334
0.0002991888184399462
0.00027349028474451463
0.0002494626482064394
0.00022704910227041355
0.00020622382761377082
0.0001870247446597687
0.00016915638669404091
0.00015280139344952935
0.00013780193848900047
0.00012409812593457486
0.00011162568967649838
0.0001002649516846895
0.0000899862423129494
0.00008068813237819254
0.00007228817687857534
0.00006468755502664742
0.000057869776889604966
0.000051764614846159074
0.00004631550148360122
0.00004133612185805262
0.0000369305159555496
0.00003300333090033967
0.000029446459496592474
0.000026216875673472096
0.000023453100374583842
0.000021015231812058872
0.00001872549426949972
0.00001669956516120746
0.000014857462581679144
0.000013277730169220634
0.000011872090083011584
0.000010572419888182818