0.0032400988312231843
0.003240081095363372
0.0032400190716854686
0.003239896656737334
0.003239693101771273
0.0032393818039172717
0.00323892881550329
0.0032382910214293356
0.003237413935108592
0.0032362290714216062
0.0032346508754390263
0.0032325732255074945
0.0032298655980344034
0.0032263690898412926
0.003221892652274663
0.003216210103030381
0.003209058734869913
0.0032001405879703163
0.0031891276229291166
0.0031756719421449572
0.0031594217515257166
0.0031400427439011126
0.0031172431165724813
0.0030907988508146428
0.003060574861469662
0.0030265378997172835
0.0029887589446638547
0.0029474056616114815
0.002902727996232555
0.002855040815010934
0.002804706393827494
0.0027521174332643546
0.0026976798363445888
0.0026417942968892834
0.0025848373271244725
0.0025271437699548325
0.002468993706478468
0.0024106061061805327
0.002352140009993073
0.002293702177662335
0.002235358720298284
0.0021771477540517992
0.0021190906045502438
0.002061200189682597
0.0020034863865373105
0.0019459589920930375
0.0018886290967067383
0.0018315097719740281
0.0017746161225311117
0.001717965640613675
0.0016615781573079095
0.001605476364261314
0.001549685458554065
0.001494230560189417
0.001439145346714046
0.001384462054509127
0.0013302178377772966
0.0012764514836175274
0.0012232036235809267
0.0011705281285116034
0.0011184660271078709
0.0010670690534503007
0.0010164078367135266
0.0009665176698211729
0.000917474261288712
0.0008693408893505731
0.0008221688223820676
0.0007760473873886299
0.0007310274658768451
0.0006871816687759148
0.0006445769635965094
0.0006032770543779959
0.0005633497982436236
0.000524849381842505
0.000487836349287088
0.0004523534406894932
0.00041844944217942826
0.0003861534474900919
0.0003554998956677811
0.0003265011051276572
0.00029917229529780916
0.0002734915266933568
0.000249452846695743
0.00022705002721647285
0.00020622646618338936
0.00018696146695249412
0.0001691591687030605
0.00015280239949878318
0.00013780524097434146
0.00012410109011223185
0.00011160962651414835
0.00010025939957343127
0.000089988799391665
0.000080682343732223
0.0000722264853263904
0.00006470043853521327
0.000057886521015139446
0.000051737067981718334
0.000046297491214413635
0.00004135710552985075
0.000036937086338176424
0.00003300290122344072
0.00002944574571065943
0.000026234788645907903
0.0000234665235027014
0.000021010429923624747
0.000018709993735864812
0.00001669759869612345
0.000014866930501256792
0.00001327629778028919
0.00001186574523687912
0.000010583316882571746