0.0031580300315640387
0.0031580186194375944
0.0031579787078125734
0.0031578999234386806
0.0031577688846220883
0.0031575684040915427
0.0031572764954332215
0.0031568651406620354
0.0031562987707208015
0.0031555324063684115
0.0031545094059239305
0.003153158771711022
0.0031513919834338846
0.0031490993608329107
0.0031461460189411124
0.0031423675783905365
0.0031375659424655485
0.0031315056606694195
0.0031239116631345022
0.00311446944526659
0.003102829039137648
0.0030886142302084755
0.003071438188527155
0.0030509260784890345
0.003026743706799951
0.0029986295786982213
0.0029664258322002045
0.00293010242975182
0.0028897693239100714
0.0028456733452775734
0.002798179747530385
0.0027477415354644295
0.0026948617253554916
0.002640054274672515
0.0025838084348490634
0.0025265603359432096
0.002468674106920214
0.0024104336652990953
0.0023520447625677145
0.0022936452482738854
0.002235320227235043
0.002177118361745409
0.0021190662622015384
0.0020611792036330095
0.002003468009057806
0.0019459428475939163
0.001888614815306036
0.0018314973598960007
0.00177460524365201
0.0017179561880232871
0.0016615698338510415
0.0016054696021278922
0.0015496778405556147
0.0014942249881358801
0.0014391401009233142
0.0013844571296498533
0.0013302142153827118
0.0012764479707606557
0.0012232035096517472
0.0011705256554280547
0.0011184632714879613
0.001067070949283693
0.0010164022673921204
0.0009665158787062241
0.0009174732250266566
0.0008693420724014885
0.0008221720018687112
0.000776047326070039
0.0007310266381869284
0.0006871804550364842
0.0006445759378265406
0.0006032775307438676
0.0005633504171429258
0.0005248485538277921
0.0004878365152278402
0.0004523528911211026
0.0004184487549402645
0.000386154518098278
0.00035550133399983884
0.00032649775970891684
0.000299175265624161
0.00027349259476620007
0.0002494532741027583
0.0002270527482600165
0.00020622501208446818
0.00018697147631162818
0.00016915894079317157
0.00015280247422798222
0.000137805972162506
0.00012410072979755874
0.00011160852297651227
0.00010025933131154436
0.00008998946215078611
0.00008068279017204071
0.00007227385242800013
0.00006470200487418172
0.000057878621053618184
0.00005173364302443974
0.00004630237822129591
0.000041355943571649945
0.00003693348339275832
0.00003300473546639095
0.00002944051451610971
0.00002623416855612427
0.000023461525028817383
0.000021010467430988173
0.000018713533892018403
0.00001669895960118793
0.000014861711914859248
0.000013278909608839399
0.000011866569527556014
0.00001058190698179186