0.01312763132129753
0.0130214926599236
0.012674600870101242
0.01208258342972959
0.011297732009988749
0.010408485878594755
0.00950341159288456
0.008646385985209839
0.007871661506259722
0.00719077941126859
0.006601775494899136
0.006096224188946753
0.005663488798428956
0.005292910245425395
0.0049747655154221875
0.004700578185314231
0.004463122129445092
0.0042562995809352945
0.0040749832334201945
0.003914863589489467
0.00377231815215727
0.0036443067006920547
0.003528290460698556
0.0034221694103176823
0.0033242301732347526
0.003233096922730152
0.0031476796873783097
0.0030671180792080925
0.0029907227319255015
0.0029179201846335984
0.0028482072745581776
0.002781120435923488
0.002716220819167673
0.0026530939477306865
0.002591357972927597
0.0025306767190587417
0.002470769991949761
0.0024114189061431065
0.002352464715976865
0.002293801536191531
0.002235365292011574
0.002177121841194131
0.002119056616439687
0.00206116659902677
0.002003455667509898
0.0019459315756032262
0.0018886046934947422
0.001831489546710516
0.0017746069175870157
0.001717948774752579
0.0016615634669095158
0.0016054629907166142
0.0015496720219266152
0.0014942195560581995
0.0014391356129496902
0.001384454641994196
0.0013302118398962287
0.0012764456968309798
0.001223201471653961
0.0011705241164737912
0.0011184629279049221
0.001067069717739919
0.0010164027415549607
0.0009665173282523863
0.0009174721764526363
0.0008693355848294872
0.0008221795180524235
0.000776045734651708
0.0007310256134281413
0.0006871861349984965
0.0006445766756802746
0.0006032776204374869
0.0005633516531602413
0.0005248430783073032
0.0004878347750810951
0.00045236887986616195
0.00041844791388313753
0.00038614846263235983
0.0003555009910250009
0.00032650711323237044
0.00029919174017034513
0.0002734907069994791
0.00024946515979295365
0.0002270472926177422
0.00020622259201942772
0.00018703666942986648
0.00016915581836500336
0.0001528004564190413
0.00013780240408685357
0.00012410213221606442
0.00011159661808993646
0.00010026641129642711
0.00008998804094843619
0.00008068896122254959
0.00007228543657573286
0.00006468567346675901
0.00005786332755074884
0.000051762799738944566
0.0000463174734440878
0.00004133992653724361
0.00003692915776614014
0.00003300314565111039
0.000029446011988450616
0.000026224027385076098
0.00002345398616015853
0.000021010663936229695
0.000018726220105591807
0.00001670019458778242
0.000014855540024471286
0.000013276487746896208
0.000011870448158522742
0.000010586417074005786