0.004470871590678136
0.004470366426725617
0.004468603001451865
0.004465136965856846
0.004459415455516388
0.004450765115627322
0.004438387438129971
0.004421367439632002
0.004398703196214501
0.004369363892208822
0.0043323813160302165
0.004286972664493966
0.0042326808835872224
0.004169505257331086
0.00409798579116706
0.004019207719073125
0.003934710846841498
0.003846317234004109
0.0037559168552942527
0.003665261525463777
0.0035758087312165758
0.0034886360326588472
0.0034044247960356693
0.0033234974408213047
0.0032458871028248903
0.003171420063840493
0.0030997958661320075
0.0030306551515852246
0.0029636299546377514
0.0028983753131806077
0.00283458451057103
0.0027719926049520204
0.002710373633123655
0.002649536014849615
0.0025893187729266534
0.0025295892626491013
0.0024702417828744495
0.0024111960498918246
0.002352394801642214
0.0022938003596193607
0.0022353905167425197
0.0021771544160000982
0.0021190890007719955
0.0020611964117708027
0.0020034823577559325
0.001945955304943667
0.0018886256869561295
0.0018315067275793786
0.0017746141468445822
0.0017179632135043835
0.0016615759720537157
0.0016054741414544837
0.001549683245051242
0.0014942290167879423
0.001439144048225923
0.0013844592471608447
0.0013302168358377516
0.0012764499361192134
0.0012232061849478712
0.0011705310712183386
0.0011185337825326826
0.0010670716528808312
0.0010164037267063107
0.0009665165331951653
0.0009174743831344258
0.0008693364889773214
0.0008221722357261156
0.0007760479530377824
0.0007310276711253825
0.0006871815838980284
0.0006445767871105301
0.0006032775977838643
0.0005633515028866515
0.000524847741280667
0.0004878383433074282
0.0004523587043700398
0.0004184481778153962
0.0003861540346863478
0.0003555004965996563
0.00032649662304202196
0.000299178312584509
0.0002734883311813516
0.00024946816954704733
0.00022705353411316581
0.00020622539057848916
0.00018698276539681993
0.00016915874361459442
0.00015280151500693924
0.00013780874679022507
0.00012409918691722586
0.00011160745184747638
0.00010026345689747848
0.00008998963238320362
0.00008068347703118819
0.00007223753029515904
0.00006470468914352265
0.0000578796098767532
0.00005173207181209273
0.00004630287524502164
0.000041341611810909656
0.000036932437083446284
0.000033000295958216074
0.000029444140170896017
0.00002623692087008407
0.00002346053570713743
0.00002100986642645187
0.000018718575536993185
0.00001669854941990961
0.000014866406555926977
0.000013275851560722889
0.000011868405858964328
0.000010573114687799661