0.003291759237144201
0.003291736584932154
0.003291657371676139
0.0032915010449841627
0.0032912411446831256
0.0032908437838713835
0.003290265789339298
0.003289452450276294
0.003288334832501316
0.0032868266368280487
0.0032848206222566897
0.003282184687571368
0.0032787578204767267
0.0032743462927091833
0.003268720707060621
0.0032616147754699074
0.0032527269756762824
0.0032417264159432476
0.003228264134099708
0.003211990533083245
0.0031925784968570023
0.003169750025675445
0.0031433023687663982
0.0031131284255725505
0.0030792265591965667
0.003041697366103432
0.0030007287714131537
0.0029565743354811845
0.0029095313214274323
0.0028599232317697166
0.002808088514252317
0.0027543732083035962
0.0026991239669199164
0.0026426784856469075
0.0025853530879271533
0.0025274294681722972
0.0024691438583596325
0.0024106813772856238
0.002352176712168116
0.0022937204102427226
0.002235368683686284
0.002177154158972961
0.0021190954243000466
0.002061204182408632
0.0020034898341150928
0.001945962009820138
0.0018886317513929515
0.0018315121001238185
0.001774618169442297
0.0017179674363615401
0.0016615797349903427
0.001605477717464624
0.0015496865108041585
0.0014942316222704742
0.0014391467924995413
0.0013844628981515331
0.001330218542654189
0.0012764521111019176
0.0012232043870074507
0.0011705281258468593
0.0011184664601481618
0.0010670697364067296
0.0010164078002670206
0.0009665178999615023
0.0009174744713824206
0.0008693409289795498
0.0008221693114627536
0.000776047507749414
0.0007310280079764477
0.000687181758044796
0.0006445770029438054
0.0006032769199816043
0.0005633497977749109
0.0005248487804433463
0.0004878362388628897
0.0004523521685901904
0.0004184493589229327
0.00038615358951664413
0.00035549999981359867
0.0003265011157610037
0.00029918468329845745
0.000273491415113968
0.0002494530071821642
0.00022706211484827015
0.00020622650467159323
0.0001869609685167054
0.00016915912011796475
0.00015280232185120853
0.000137805181499425
0.0001241010600384214
0.00011160974389507071
0.00010025946790575872
0.00008998873720271502
0.00008068248581049902
0.00007222829687219326
0.00006470036496190879
0.00005788654910358062
0.00005173742124159799
0.000046297342132073514
0.000041359394690107726
0.00003693895406830737
0.000033002211620310326
0.00002944590856202801
0.000026233366227544738
0.000023466419020750425
0.000021009306033055507
0.00001871027385732173
0.00001669587863809411
0.000014868456375844363
0.000013276428098364173
0.000011865184733867229
0.000010581859761584759