0.0031495736862605884
0.0031495628280938533
0.0031495248535863404
0.0031494498919046226
0.0031493252079207255
0.003149134441895374
0.003148856660794225
0.0031484651798598384
0.0031479261069467775
0.0031471965570444155
0.0031462224820006544
0.003144936063401085
0.0031432526290283685
0.0031410670815134136
0.003138249880344475
0.0031346427065141206
0.0031300540755740455
0.003124255361224944
0.0031169779514775065
0.0031079125672120213
0.0030967120765924804
0.003082999332576319
0.0030663814701418286
0.0030464715249741425
0.0030229169924936763
0.0029954330732210733
0.002963836212787137
0.0029280719195672726
0.0028882306623422642
0.002844547478071298
0.0027973844223437923
0.002747198897336732
0.0026945036507750528
0.002639825020379884
0.002583665071042497
0.0025264716326578096
0.002468618610327454
0.0024103974994714506
0.0023520195144480648
0.0022936261527614606
0.0022353047574747583
0.002177105251141186
0.0021190548819862167
0.002061169220671792
0.0020034592210442753
0.0019459351158389506
0.0018886079286635237
0.001831491522655071
0.0017746001321054616
0.00171795122561467
0.0016615659803654909
0.0016054642801028882
0.0015496748426859133
0.0014942224319304004
0.001439137420981367
0.0013844545591272545
0.0013302126314034277
0.0012764461773514992
0.0012232022693703646
0.0011705243812567927
0.0011184617062202213
0.0010670698094526615
0.0010164013453352607
0.0009665150972996004
0.0009174728361482649
0.0008693356776817575
0.0008221714199617829
0.0007760466609214309
0.0007310267225176167
0.0006871798981172224
0.0006445759598007074
0.0006032773270796796
0.0005633503768575631
0.0005248481355783408
0.0004878380184927416
0.0004523543294271743
0.00041844951881439866
0.0003861568684126452
0.0003555016892132168
0.00032649732071252536
0.00029917699030361093
0.0002734931166667255
0.00024945612701935175
0.00022705272944986208
0.0002062256615392321
0.0001869775123970468
0.0001691582662537602
0.0001528021261017711
0.00013780777002426504
0.00012410050070623115
0.0001116076753706069
0.0001002619721216878
0.00008998990445394969
0.00008068424500322493
0.00007227548356522381
0.00006470239723749769
0.00005787945645410482
0.000051763668340181774
0.000046302124221006336
0.00004135284005808713
0.00003693001295056477
0.00003300338488281982
0.000029443334306960386
0.000026214018801555314
0.000023460636596795364
0.000021011956905104318
0.00001871264128439254
0.00001669908200667858
0.000014860618352321319
0.000013283928224631904
0.000011867793568264863
0.000010570331601632299