0.0042398576590977925
0.004239686805569533
0.004239089604941923
0.004237912231291648
0.004235958300106153
0.004232979369158005
0.004228664338537022
0.0042226282720703575
0.004214401668440587
0.0042034219371717505
0.004189029771488228
0.004170474276445802
0.004146931334326678
0.00411754061714821
0.004081464760233363
0.004037971519215874
0.0039865334682476555
0.003926932037365173
0.0038593453211650973
0.0037843959707378927
0.003703140008162978
0.003616990003046983
0.003527583301985571
0.0034366205788487125
0.0033457064706287685
0.0032562199977339544
0.003169231135428707
0.0030854667204979853
0.0030053186966893346
0.0029288826429578843
0.002856014087460721
0.0027863923345484115
0.0027195845191729942
0.0026551049867839377
0.002592466491703871
0.0025312206527439082
0.0024709853868500925
0.002411459098028778
0.0023524002864987606
0.0022937256571097845
0.002235281620149907
0.0021770409521267822
0.0021189834086193416
0.0020611004715236575
0.0020033970326397837
0.0019458797818447998
0.00188855857243751
0.0018314497514695886
0.0017745603619650047
0.001717917291353279
0.0016615357111770112
0.0016054368866330634
0.0015496677884447964
0.0014941994956918234
0.00143912163301887
0.0013844404570754246
0.0013301985351907783
0.0012764447919246583
0.0012231915584387204
0.0011705168698845489
0.0011184553693368365
0.0010670596438528469
0.0010164047595540564
0.0009665108380459255
0.0009174686136633189
0.000869332918948594
0.0008221686155697811
0.0007760420874204412
0.0007310267238653949
0.0006871773985305435
0.0006445719788151903
0.0006032699273327241
0.0005633474936796124
0.0005248498511350311
0.00048784405473760613
0.00045242743726613827
0.00041844320204340653
0.0003861467428255687
0.0003555017485801416
0.00032651732546148997
0.00029915494279051226
0.0002734798581852263
0.0002494554877489
0.0002270408273392981
0.00020623974356224586
0.0001872465782517801
0.0001691452860859892
0.00015279898667600812
0.00013777367313100964
0.0001241062173165798
0.00011160623444160299
0.00010025287209773353
0.0000900037777546104
0.00008068366209862082
0.00007229409371628588
0.00006470192046150555
0.00005781930742216999
0.00005177688733303592
0.000046288657327824084
0.00004135035960186749
0.000036945007958429556
0.00003303208674900948
0.000029444875741579664
0.00002624122750696817
0.000023461112278676107
0.000021023437090144123
0.000018712410729966825
0.000016700715470119774
0.00001490617851478167
0.000013277159533182209
0.000011868771210513167
0.000010588735947707951