0.003202065314974272
0.0032020507247648624
0.00320199970015864
0.003201898986968794
0.003201731498015518
0.0032014753071853315
0.0032011024026618864
0.003200577152081341
0.003199854429250912
0.0031988773531106494
0.0031975745982439066
0.0031958572566794068
0.003193615278106703
0.0031907135674375904
0.0031869879597800285
0.0031822414214675455
0.0031762410560559084
0.003168716738618362
0.0031593624495642354
0.0031478415305971597
0.00313379702888974
0.003116867821255087
0.0030967102910379866
0.0030730239411722714
0.0030455778531786257
0.0030142339028928753
0.0029789627212948675
0.0029398497418370285
0.00289709082769771
0.00285097895382722
0.0028018844074799805
0.002750230875536617
0.002696469249116538
0.0026410507556391067
0.002584401383646981
0.0025269001098922285
0.002468863544511341
0.002410538867137305
0.0023521054058313496
0.002293683421030719
0.0022353472672132463
0.0021771396342497233
0.0021190841317137435
0.002061194693493384
0.0020034815996472872
0.001945954790918007
0.0018886253911699865
0.0018315065349895855
0.001774613276296527
0.0017179631510780015
0.0016615759690016983
0.0016054745415284388
0.0015496843090733801
0.0014942290901808221
0.0014391440132883965
0.0013844608274521356
0.001330216868202314
0.0012764505927184754
0.0012232021717306677
0.0011705274796905583
0.0011184653704204052
0.00106707348642609
0.0010164084760543519
0.0009665174002270836
0.0009174739933166692
0.0008692928578747921
0.000822172805560481
0.0007760472940279307
0.0007310273130724798
0.0006871811298714727
0.0006445769818998956
0.0006032777794636075
0.0005633498928357033
0.0005248491382679501
0.00048783706120314474
0.0004523534677433296
0.00041845247483352426
0.0003861530598087672
0.00035550108118529995
0.0003265009308622965
0.00029917294473758954
0.00027349184578482044
0.0002494543994184585
0.0002270503108687507
0.00020622635818679362
0.0001869627388941338
0.00016915915493974688
0.00015280253856484713
0.00013780539374875375
0.0001241011053041804
0.00011160869840502673
0.00010025942105733809
0.00008998904445334087
0.00008068308506421347
0.00007223259196687006
0.00006470137771413765
0.00005788392503773884
0.000051733062594856796
0.00004629645624853143
0.000041357356545345735
0.00003693647686771494
0.000033004075309657786
0.000029441987913752504
0.0000262355007269679
0.00002346642681348188
0.000021010867382210535
0.000018710509095797164
0.0000166975389573012
0.000014866132049481243
0.000013276360392459566
0.000011866121744230118
0.000010582002292332158