0.004027245578931584
0.004027029567703367
0.0040262748658788945
0.004024788539452584
0.004022326430264971
0.004018583608929508
0.004013185162581246
0.004005678872815308
0.003995532210287969
0.003982137059448325
0.003964826421494515
0.0039429075028772805
0.00391571431373975
0.00388267936064974
0.003843417959982318
0.003797811151150522
0.003746067047979312
0.0036887397745471407
0.0036266927965588214
0.0035610084274322407
0.003492861778507156
0.003423387844118617
0.0033535702177987913
0.0032841703637432034
0.003215702891697533
0.003148450649951984
0.0030825067353189954
0.0030178288643662385
0.0029542935046558416
0.002891741064242546
0.002830007935821992
0.002768945234910594
0.0027084268543962897
0.0026483506122820222
0.0025886359754843723
0.0025292207663066505
0.0024700580493504857
0.002411113535507682
0.0023523634116615526
0.0022937924147945848
0.0022353920691087787
0.0021771591316591277
0.002119094339300982
0.002061201499262963
0.0020034869582167196
0.0019459593557972228
0.0018886292150823152
0.001831510235026725
0.0017746165834758255
0.0017179656856275685
0.0016615786803767668
0.0016054754304507181
0.0015496846176487676
0.001494230993728485
0.0014391449139062307
0.0013844611125151294
0.0013302183386270535
0.0012764511499011213
0.001223206589623992
0.0011705281296373426
0.0011184649587791108
0.0010670726129067582
0.0010164037599120887
0.0009665171716410668
0.0009174746110718826
0.0008693371967280406
0.0008221727138940185
0.000776047755652659
0.0007310276473006837
0.0006871806829102778
0.0006445766136680194
0.0006032778734520494
0.000563350809526571
0.0005248485164065743
0.00048783812098332534
0.0004523545397042902
0.00041844971461821773
0.00038615699304956274
0.00035550181817039557
0.00032649767740121745
0.00029917635404453263
0.00027349316896736335
0.00024945666024026275
0.0002270526449386322
0.00020622576295393805
0.00018697560703873002
0.00016915829403846638
0.00015280175589399468
0.00013780759036179205
0.0001241004275758127
0.0001116078756606185
0.00010025430728514933
0.00008998822039015498
0.0000806830698584671
0.00007223673309637868
0.00006470286907825179
0.00005788139091224983
0.000051732803083686695
0.00004630256488064614
0.00004134230945529758
0.00003693079154495462
0.0000330049842972045
0.0000294423236204577
0.0000262365065070873
0.00002346217212156924
0.00002100738175515213
0.000018713909038722523
0.000016697151036044836
0.000014863997397981697
0.000013272159045787348
0.000011866911523924725
0.000010574368240235085