0.005347181416245118
0.0053454913255522145
0.005339606019519528
0.00532810336214663
0.005309301143310442
0.005281302483228173
0.00524210431648031
0.005189784752692079
0.005122768671276262
0.005040140840213314
0.0049419391499344635
0.004829335858581904
0.004704625026082088
0.004570988488299393
0.0044320904777844046
0.004291610822192779
0.00415283620707297
0.004018389481459151
0.0038901177658507914
0.003769112789053713
0.003655815765188008
0.0035501606232915418
0.0034517222218228656
0.0033598504422460173
0.003273781679641684
0.003192725263390838
0.003115924996744152
0.0030426971751635334
0.0029724476011484227
0.002904671767463159
0.0028389440445985227
0.0027749024625443167
0.0027122347583489604
0.002650669137024511
0.002589970315509017
0.002529939353130486
0.0024704146643613964
0.0024112719658523473
0.0023524218965187207
0.0022938052318220935
0.002235386559164318
0.0021771476915054874
0.0021190819277865274
0.002061189799666894
0.002003476418340319
0.0019459499432863054
0.0018886210134952156
0.001831502668680823
0.0017746112970614724
0.0017179600646946443
0.00166157315018738
0.0016054717029557453
0.0015496816866690504
0.0014942270507085588
0.0014391423137854224
0.0013844565933361624
0.0013302156016433248
0.0012764494916721765
0.0012232059649141384
0.001170531352597809
0.0011185623218900158
0.0010670700855476118
0.0010164033143774277
0.0009665154084936346
0.0009174740676159795
0.0008693357515606641
0.0008221731915331436
0.0007760462492085996
0.0007310264719918069
0.0006871817352715197
0.000644575683286373
0.0006032777446879541
0.0005633486399303101
0.0005248479691623709
0.0004878408493622678
0.0004523600077125728
0.0004184505828195076
0.0003861537056145003
0.0003555000305063134
0.00032650492637544004
0.0002991805799601309
0.00027349069179713584
0.00024946443030615423
0.00022705489358415475
0.00020622579817498892
0.00018699162820866658
0.00016915802181146822
0.000152799837525455
0.00013780870966566654
0.0001240986453556087
0.00011160453937398826
0.00010026198814740583
0.0000899891938410871
0.0000806855937489534
0.00007223689019037904
0.00006469976140896288
0.000057880318805479345
0.00005173240840933423
0.000046306499177126155
0.00004134199781446735
0.000036931523678152745
0.00003300080405263618
0.00002944534462372032
0.000026237780444895423
0.00002345941924176688
0.000021013948373501543
0.000018718577367120113
0.00001669697658315932
0.000014866434147082825
0.000013276551417885604
0.000011866663601451877
0.000010575139769109634