0.0033608653555442453
0.003360834854654488
0.00336072820135972
0.0033605177505260653
0.0033601679501552555
0.0033596333434790194
0.003358856148840645
0.003357763372504725
0.0033562634342526837
0.003354242333983881
0.0033515594711602445
0.003348043361479749
0.003343487689428511
0.0033376483963854847
0.003330242816302971
0.0033209521794261253
0.0033094289923928863
0.0032953106757251014
0.0032782401782127076
0.00325789286563714
0.0032340069175910945
0.003206412191713824
0.0031750510640462595
0.0031399852634212467
0.0031013857873982633
0.0030595079284952012
0.0030146582422952415
0.0029671626036253105
0.002917343089697162
0.002865507016398358
0.0028119462726855318
0.002756941544040364
0.002700765558828816
0.002643681474961458
0.0025859361148591435
0.0025277503935679986
0.0024693105316739568
0.0024107630359318255
0.0023522147927427708
0.0022937378307446446
0.0022353770527564223
0.0021771588146516536
0.002119098580629751
0.002061206669445826
0.002003491941494092
0.0019459638432593011
0.0018886333557367305
0.0018315135157760127
0.0017746194137924754
0.0017179685331078919
0.0016615806979431494
0.0016054785931980693
0.0015496874109935505
0.001494232272902305
0.0014391468451747747
0.001384463364297027
0.0013302189788349595
0.0012764524779828336
0.0012232045009423985
0.001170528878191595
0.0011184666766999051
0.0010670696334697952
0.001016408302181577
0.0009665180838253454
0.0009174746165194108
0.0008693411562164269
0.0008221691049259583
0.0007760476061602253
0.0007310276507469265
0.0006871818237265037
0.0006445770917895748
0.0006032771673631597
0.0005633498851658154
0.000524849457815495
0.00048783639740187227
0.00045235348533661455
0.0004184494811448963
0.00038615349964790554
0.00035549993280649194
0.00032650116032026703
0.00029917219825300337
0.00027349154134494446
0.00024945297860304435
0.00022705002423154832
0.00020622648218086948
0.000186961203217429
0.00016915916918502143
0.00015280232928036763
0.0001378052154689372
0.00012410107290673699
0.00011160966843448083
0.00010025958301753909
0.00008998855394982065
0.00008068256840382764
0.00007222710195286528
0.0000647004005906444
0.000057886531358123755
0.000051737425359626674
0.00004629732237312231
0.00004135935823160611
0.000036939224225528085
0.000033002133431702604
0.000029446065587938647
0.000026233639335953446
0.000023466499681195447
0.000021009273729319042
0.000018710344091446256
0.000016695891225322523
0.000014868622917653139
0.000013274947072068278
0.000011865223637568519
0.000010584621952102403