0.004376016220263849
0.004375765596603592
0.004374889883160265
0.004373164858630778
0.004370306247204648
0.004365958044766358
0.004359680808501746
0.004350941484394518
0.004339107284968819
0.004323447226636728
0.004303145942418396
0.004277334765514574
0.004245144173756998
0.004205778405314665
0.004158607430320784
0.004103264000522683
0.004039727063848718
0.003968370998006691
0.003889966088707832
0.0038056270198425944
0.0037167204632134756
0.0036247507558679745
0.003531243232607801
0.0034376400883400367
0.003345216126186501
0.003255017933204107
0.0031678274416227126
0.0030841495870660178
0.003004222152505716
0.0029280440922574914
0.0028554173266417218
0.0027859965958732073
0.0027193422970824993
0.0026549718383073817
0.0025924055878353168
0.002531204037255869
0.0024709935257921424
0.0024114793297131012
0.0023524411243618965
0.0022937510214111074
0.0022353055886154185
0.00217706301132037
0.0021190025074887425
0.002061118384335455
0.0020034119362156754
0.0019458927158742822
0.0018885660063130273
0.001831458776032062
0.0017745703196042945
0.0017179248138392582
0.0016615429203198802
0.0016054446991045812
0.0015496610305544573
0.0014941766811234296
0.0014391249792222803
0.001384443558552745
0.001330204223645108
0.0012764400175433036
0.001223194139810086
0.001170517203119159
0.0011184571979275077
0.0010670614438412231
0.0010164059071631427
0.0009665123546421426
0.0009174723416372928
0.0008693316656831379
0.0008223332030522098
0.0007760442135810898
0.0007310255599679747
0.0006871775257364601
0.0006445746033762145
0.0006032733157812712
0.0005633463892663741
0.0005248487789990438
0.00048784035078759013
0.0004524051350253607
0.0004184448986643905
0.00038615153401937033
0.0003554993444883499
0.0003265131571358265
0.0002991612095140105
0.0002734896350524643
0.0002494556929958733
0.0002270463962785275
0.000206230032981749
0.00018721374352491594
0.00016914840956777592
0.0001527997514194014
0.00013778610917586378
0.0001241079527844987
0.0001116021390857315
0.00010025388092415616
0.00008999925850874325
0.00008068242781098313
0.00007228814642951391
0.00006470122071306732
0.000057844576572559794
0.00005177557871877164
0.00004629242381661273
0.00004135753908452811
0.000036905631673213275
0.00003302571886308536
0.00002944501383321425
0.00002623103590529358
0.000023467805667095596
0.00002102609364195122
0.000018721483525209413
0.000016702370023545086
0.000014900151112845708
0.000013278561846371826
0.000011864025452068035
0.00001058155475182139