0.005501963924662248
0.005500261777259604
0.0054943343136887
0.005482748476849904
0.005463808021461116
0.005435598140222612
0.00539609301172889
0.005343342055855555
0.005275734256544743
0.005192309870225413
0.005093052182762348
0.004979067351850738
0.004852570754766048
0.004716652575229755
0.004574873293077987
0.00443079975157429
0.004287602174549039
0.004147792988443834
0.004013128769071856
0.00388464850067466
0.0037627988404751863
0.0036475967669628386
0.0035387911032088095
0.0034359980083282092
0.0033387975038266402
0.0032467878874428008
0.003159603043170509
0.003076903134331202
0.002998351166797127
0.00292359057280918
0.0028522294523759093
0.00278383927349828
0.0027179658617700643
0.0026541513865908947
0.0025919558315625705
0.0025309861489569855
0.0024709106555307536
0.002411468193047179
0.0023524690183841317
0.0022937867062843872
0.0022353441638354303
0.002177100072651156
0.0021190363577267726
0.0020611480617391434
0.002003439187652748
0.0019459172630100184
0.0018885914849578987
0.0018314827061240132
0.0017745867170573218
0.0017179398887649583
0.0016615554747043861
0.0016054562575060689
0.0015496669184799218
0.001494211133804468
0.0014391279762042612
0.0013844508504274105
0.0013302106164472405
0.0012764428036649306
0.0012231985003575815
0.0011705212557982583
0.0011184612186083776
0.0010670670993172446
0.0010164005294392418
0.0009665131504660913
0.0009174714144809158
0.0008693344999886832
0.0008221713596345961
0.0007760452138386389
0.0007310258814412987
0.0006871809437695612
0.0006445754438026427
0.0006032777209207771
0.0005633488981732367
0.0005248483357946206
0.0004878358587658119
0.00045238149056643504
0.000418483376943396
0.00038613899554878464
0.00035550328372851834
0.0003265129496684283
0.0002991732311968993
0.00027349429830121386
0.00024946696691040347
0.00022704438329121724
0.00020622361744619254
0.00018708000169602727
0.00016915687500231684
0.00015294215445130853
0.00013780218422517076
0.0001241043801862984
0.00011160611076592141
0.0001002671588058934
0.00008998811138056577
0.00008069147378145545
0.00007228709345039963
0.00006469991763071009
0.00005785950576992553
0.000051767224210350556
0.00004630425424804934
0.00004133951509803612
0.000036919121721061856
0.000033015863950236826
0.000029447078739865778
0.00002621963007138518
0.000023470652815834448
0.00002102830968779949
0.000018717156066588205
0.000016700728637345998
0.000014864237405065716
0.00001328159762685455
0.000011862098451484042
0.00001058483044372127