0.0031752228080163944
0.0031752102123746816
0.003175166162223398
0.0031750792111730646
0.0031749345968548437
0.0031747133655575617
0.0031743912835371377
0.0031739374905331206
0.003173312846104034
0.003172467916861012
0.0031713405549839125
0.0031698530293485135
0.0031679086957877565
0.003165388240238362
0.003162145607724304
0.003158003852410252
0.003152751318715349
0.003146138792343926
0.0031378785253432934
0.003127646304149115
0.003115087852622752
0.003099830804778535
0.003081502948018698
0.003059756404439672
0.0030342959674849704
0.0030049081896654957
0.0029714866838387
0.0029340490159136586
0.0028927417994956176
0.0028478328215754177
0.0027996914392680624
0.0027487602874878927
0.0026955221712857734
0.0026404660557532217
0.0025840557185439843
0.00252670416529942
0.0024687562639347667
0.0024104810318532175
0.002352073500751042
0.0022936643816540525
0.002235334412656665
0.0021771298289275627
0.0021190760148999477
0.0020611876975468865
0.002003475473512287
0.0019459494082065627
0.0018886206325017427
0.0018315023815163773
0.0017746096418257656
0.0017179599861600018
0.001661532951336457
0.0016054722734719568
0.001549680434505299
0.0014942272242662806
0.0014391422753292024
0.0013844591980130922
0.0013302156500803093
0.0012764494287279497
0.0012232051111793845
0.0011705266524051235
0.001118464466962681
0.0010670718380201432
0.0010164030050198562
0.0009665165191930391
0.0009174736843784294
0.000869341431237682
0.0008221724567774754
0.0007760472499701331
0.0007310269483016137
0.0006871808489582089
0.0006445761388343081
0.0006032776963045543
0.0005633501047556367
0.0005248485360092658
0.000487837983331176
0.00045235352317897964
0.00041845364774820517
0.00038615255621115473
0.00035550128521696044
0.00032649871778046364
0.00029917291253573984
0.0002734927219867427
0.00024945357810798126
0.00022705199707246258
0.00020622638062836186
0.00018696477011513114
0.00016915942515120265
0.00015280267898656267
0.00013780501922013336
0.00012410096644019177
0.00011160814210245291
0.00010025857739990212
0.0000899892059814827
0.00008068123610880393
0.0000722718728333499
0.00006470243280203141
0.000057881665572757265
0.00005173323970612261
0.000046297122329758506
0.00004135701790055089
0.00003693497241710669
0.00003300542577091637
0.00002944179600632399
0.000026233404950967962
0.00002346445896042152
0.000021011869251174806
0.00001871203284548265
0.0000167004586402365
0.00001486435536768314
0.000013272644967051637
0.00001186610420306974
0.000010583002527726048