0.0034535412773585568
0.00345349768468238
0.0034533452660366424
0.0034530445694550592
0.0034525449420088053
0.0034517817725558614
0.0034506732059102806
0.003449116312336724
0.0034469827573024854
0.0034441141210863188
0.0034403171828298294
0.0034353597240734546
0.0034289677264682777
0.0034208252230652847
0.003410578405104496
0.0033978458102188504
0.0033822361629285255
0.0033633745240164367
0.0033409355430503917
0.0033146799383416076
0.003284487555741103
0.003250378720766149
0.0032125166099627395
0.003171187562255165
0.003126762658479998
0.0030796499069085134
0.0030302491706224203
0.002978920219533955
0.002925968923041652
0.002871650158112087
0.002816181147172024
0.0027597572095961714
0.002702563329937064
0.0026447783297413245
0.002586572089112146
0.002528098774103719
0.0024694897676474
0.0024108492054425138
0.0023522534311833086
0.0022937541114214596
0.0022353837090031787
0.0021771616825373417
0.002119100062215881
0.0020612076468862098
0.0020034927076550825
0.0019459644924539451
0.0018886339087882881
0.0018315140222743647
0.0017746198585902432
0.0017179689358834782
0.0016615810501369487
0.0016054789990699694
0.001549688212964633
0.001494232515537425
0.001439147010217229
0.0013844634471982021
0.0013302191516460743
0.0012764525814692013
0.0012232039287631297
0.0011705289790372182
0.0011184666697795001
0.0010670746037914043
0.0010164094037340941
0.0009665182280449601
0.00091747470371958
0.0008692942359549778
0.0008221733226180747
0.0007760477314265685
0.0007310276827596025
0.0006871818941468095
0.0006445772377539978
0.0006032779980892526
0.000563350066042409
0.0005248492926388166
0.0004878371539690645
0.00045235355938455437
0.0004184524425412098
0.000386153166172687
0.0003555011370686633
0.0003265010435747412
0.0002991727432500907
0.00027349187313823977
0.0002494546158040592
0.00022705012109571672
0.0002062263909188804
0.00018696220415485005
0.00016915915473479193
0.0001528023964741599
0.0001378053414085193
0.00012410107134477633
0.0001116088018297438
0.00010025971470235012
0.00008998854733730831
0.00008068254944268835
0.00007223367607560076
0.00006470130524667005
0.00005788649061563808
0.0000517374160101934
0.00004629791569945421
0.00004135947384278873
0.000036936711248853826
0.00003300291812249531
0.000029446937524696777
0.00002623624655926587
0.000023466667362732417
0.00002100968493360942
0.0000187099266532303
0.000016695563653183815
0.000014868497809351018
0.000013275351511630271
0.000011866039152843493
0.000010584676012000486