0.00794055051975332
0.007927120019461772
0.007880960552546733
0.007793370909287781
0.007657166412489917
0.007468688502958305
0.007229524609598449
0.006947076264191127
0.006633488192132499
0.0063032671671628075
0.005970572904369899
0.005647160926001232
0.005341420680115002
0.005058381225240085
0.004800284593478164
0.004567344997872342
0.004358455770229845
0.004171745005391386
0.004004968048394596
0.0038557641283310734
0.0037218142465125876
0.0036009336026651536
0.0034911235457379484
0.0033905994604953747
0.0032978037260091375
0.003211407495928143
0.0031303018996965922
0.003053578511778625
0.0029805002729856914
0.002910466442022433
0.002842977060182089
0.0027776028116332273
0.0027139642789095805
0.002651721855232513
0.0025905742484272944
0.002530262073762524
0.002470572100440988
0.002411339100136553
0.002352443741906762
0.002293806653537576
0.002235380064908493
0.0021771389188793952
0.0021190731121150646
0.0020611816575408
0.002003469147465477
0.001945943498732642
0.0018886152924064731
0.0018314978096306924
0.0017746084296494788
0.0017179563001543368
0.001661569713360176
0.0016054687851670263
0.001549680213407184
0.0014942245767383241
0.0014391401188686816
0.0013844575948984647
0.0013302141505170412
0.0012764480576168981
0.0012232034309132484
0.0011705257304969012
0.0011184643396915136
0.0010670674458897616
0.0010164029231057993
0.0009665162954243714
0.0009174743416274027
0.0008693366220376143
0.0008221751765900861
0.0007760455664644944
0.0007310259911095963
0.0006871820620444835
0.0006445758404436148
0.0006032774884593658
0.0005633455819298738
0.0005248467915538765
0.00048783395540734895
0.00045236345230812065
0.0004184479707841665
0.0003861495311332073
0.0003554990075444785
0.0003265068324509301
0.00029918534976832524
0.00027349040632967367
0.0002494660855452884
0.00022705740616436293
0.0002062251579472108
0.0001870059412135044
0.0001691562661033918
0.00015280041399814116
0.00013780869405993822
0.00012409660136008605
0.00011160207464741147
0.00010026430064147278
0.00008998801401598175
0.00008068795983019347
0.00007228069308785022
0.0000646977859726721
0.000057874945156661536
0.000051734345377049784
0.0000463140853000049
0.000041343289447561006
0.000036930959981415
0.000033001272280409846
0.000029444581951059155
0.00002622227610666774
0.00002345563249024656
0.00002101831446815244
0.000018722745149931868
0.00001669945515453235
0.000014862858823111644
0.000013276216573642969
0.000011867935002883772
0.00001057569561426351