0.00451939331700782
0.004518885430107516
0.004517112482873066
0.004513627655787904
0.004507874895673681
0.0044991767906690915
0.00448672963531265
0.004469611870641364
0.004446813288924929
0.004417292706820789
0.004380069035791374
0.0043343436253249
0.004279640137895802
0.004215934724249493
0.00414374014002953
0.00406411027809468
0.003978550035278355
0.0038888442843479
0.0037968459002366743
0.003704273409513473
0.003612560047041935
0.0035227746927575542
0.0034356127181341383
0.0033514395112871766
0.0032703635655292537
0.0031923173548912154
0.003117129510345673
0.0030445785984205666
0.002974425640067859
0.002906428305173591
0.002840343387692893
0.002775925251217935
0.002712926126133989
0.002651101193545529
0.0025902177796513427
0.002530066294890282
0.0024704694335685455
0.0024112873878382726
0.002352418169588018
0.0022937936085698596
0.002235372666569882
0.00217713399146382
0.002119069321551164
0.0020611784866652904
0.002003466399868974
0.0019459410898483415
0.001888613173750902
0.0018314959451598046
0.001774606789188713
0.0017179548575126775
0.0016615684455669885
0.0016054676719892394
0.0015496792369766074
0.0014942237212445736
0.0014391393703025762
0.0013844569408332395
0.0013302135799208648
0.0012764475606911187
0.0012232029989513759
0.0011705253557615126
0.0011184640153063007
0.0010670671657443045
0.0010164026817722595
0.0009665160880827019
0.0009174741639997772
0.0008693364703313715
0.0008221750474445893
0.0007760454568985176
0.0007310258985072524
0.0006871819840791938
0.0006445757750739788
0.0006032774338877099
0.0005633455366007515
0.0005248467540494659
0.00048783392455061485
0.0004523634273223583
0.0004184479502283274
0.00038614951440936517
0.00035549899410347054
0.0003265068219554257
0.00029918535635309714
0.00027349039987089
0.0002494660821634124
0.00022705740528055376
0.0002062251534352059
0.00018700598754682629
0.00016915626412335904
0.00015280042394090967
0.00013780870777125228
0.0001240966005267743
0.00011160207155597858
0.00010026430103180957
0.00008998807690525652
0.00008068800302889045
0.00007228070760936686
0.0000646977786960364
0.00005787493989773034
0.00005173425933676507
0.00004631413826855376
0.00004134323691109441
0.00003693096252286202
0.000033001294522291976
0.00002944541884671051
0.00002622212566439233
0.00002345557180937602
0.000021018460039658082
0.000018722743822728408
0.0000166987160313132
0.000014862724874830575
0.000013276198811656806
0.00001186793816537489
0.000010575636046501893