0.0032970973859443205
0.003297074528000142
0.0032969945952606647
0.0032968368484364717
0.0032965745864024557
0.0032961736130600865
0.00329559036016891
0.0032947696144001322
0.003293641805143205
0.0032921198309951213
0.0032900954450874854
0.0032874352926465173
0.0032839768095229652
0.0032795243673028845
0.003273846261068594
0.003266673443549931
0.003257701153751789
0.00324659478555597
0.003233001257489388
0.003216566608444645
0.0031969594162324696
0.003173897903437718
0.003147176742987707
0.0031166883137820505
0.0030824334612929733
0.0030445191159487158
0.003003143837119683
0.0029585758764603134
0.0029111299100579796
0.0028611474053086743
0.00280898248483928
0.0027549919883776528
0.0026995268712182376
0.00264292261001452
0.0025854881674563547
0.002527494995203024
0.002469168519417045
0.002410684244429869
0.0023521693605479763
0.002293709208257977
0.0022353567616430446
0.0021771428471329406
0.0021190851671707115
0.00206119504452398
0.0020034817460410108
0.0019459548707082585
0.0018886254425748326
0.0018315065700542958
0.0017746133006770557
0.0017179631680668225
0.0016615759808983623
0.001605474548076248
0.0015496843089988068
0.0014942290942438134
0.001439144016425871
0.0013844608309846699
0.001330216869509702
0.0012764505939281687
0.0012232021941675927
0.0011705274801812454
0.0011184653720718893
0.001067073483649262
0.001016408447093459
0.0009665173989585808
0.0009174739932067236
0.00086929338489729
0.0008221728059862045
0.0007760472932382735
0.0007310273125515342
0.0006871815828122312
0.0006445769776263316
0.0006032777797525286
0.000563349886647978
0.0005248491413077603
0.0004878370387020592
0.00045235346111662894
0.0004184524312283282
0.0003861530872296329
0.00035550108279195936
0.00032650097425939334
0.0002991727983980703
0.0002734918403346734
0.0002494545197952032
0.00022705011337771685
0.0002062263709480582
0.00018696240869693422
0.00016915914929245798
0.00015280245068081667
0.0001378053580991718
0.00012410108183576337
0.0001116087641853676
0.00010025958918004255
0.00008998876914768716
0.00008068276611385832
0.00007223318891745607
0.00006470131255059943
0.00005788414043535706
0.00005173682978166446
0.00004629806977206687
0.00004135726597562748
0.000036936628574773374
0.00003300308275065285
0.00002944733194034606
0.00002623511593269893
0.000023466730706648575
0.00002101021093957562
0.00001870996908184256
0.000016696082289628088
0.000014866900744740571
0.000013276522429071674
0.000011866064889290546
0.000010583394481597062