0.0036033230905610793
0.003603255153864935
0.0036030176482359177
0.003602549226518651
0.0036017713150023195
0.003600584040980452
0.003598861505035829
0.003596446477074758
0.0035931447409199672
0.003588719539522495
0.003582886899819975
0.0035753130441336057
0.0035656155838035258
0.003553370624915329
0.0035381280695080384
0.0035194369270087345
0.0034968809798006407
0.003470122469562528
0.0034389478982283844
0.003403306683841241
0.003363332079430464
0.0033193361247543197
0.0032717767043741624
0.003221203028741093
0.0031681924419831795
0.0031132932805221793
0.0030569848906781046
0.002999658986819438
0.0029416196778979243
0.0028830953797699087
0.002824255254457955
0.0027652248175582365
0.0027060981880208286
0.002646946689059284
0.002587824578779461
0.0025287728735698045
0.002469822011874447
0.002410993893353156
0.002352303666541542
0.0022937614725097337
0.0022353741799745466
0.002177147013266427
0.002119084923852061
0.0020611935904415743
0.0020034800956530456
0.0019459533366300388
0.001888623920288806
0.0018315055750905925
0.0017746124831840282
0.001717962079624351
0.0016615755113170419
0.0016054726478019327
0.001549682176781848
0.0014942288551427713
0.0014391430425947922
0.0013844594773625304
0.0013302169121916407
0.0012764499076226912
0.0012232055097454167
0.0011705271928173135
0.0011184641477815784
0.001067071912551733
0.001016403156584121
0.0009665166532916157
0.0009174741670084717
0.0008693368174615094
0.0008221723910202869
0.0007760474817377607
0.0007310274158013168
0.0006871804879681698
0.0006445764502294267
0.0006032777370171512
0.0005633506964520806
0.0005248484226118925
0.00048783804542153257
0.00045235447758511493
0.00041844966322592415
0.0003861569532728046
0.00035550178469366056
0.0003264976377512856
0.0002991763766753327
0.000273493144295811
0.00024945661404135466
0.00022705263952054787
0.00020622575127957751
0.0001869757363587364
0.00016915828878854902
0.00015280178401606305
0.0001378075968502229
0.0001241004302964505
0.00011160786596722507
0.00010025423065560577
0.00008998836123931168
0.00008068318753238712
0.00007223641871139133
0.00006470289145229267
0.00005788136554363498
0.000051732576248222295
0.000046302683821663246
0.00004135348189160801
0.00003693074760943184
0.00003300581764712873
0.00002944122360536366
0.00002623623266325284
0.000023462018869751346
0.000021008202619410934
0.000018714419188177985
0.000016697098179729334
0.000014863883466723564
0.000013272045525552203
0.000011867044721133416
0.000010574232284393491