0.003371780144486145
0.003371749214872266
0.0033716410622550994
0.003371427652051006
0.003371072930209826
0.0033705307957799663
0.003369742644210761
0.0033686344351682635
0.00336711326328711
0.003365063458715405
0.003362342328262236
0.003358775781288667
0.003354154280261378
0.003348229819557203
0.0033407149527700476
0.0033312852038497225
0.003319586394439811
0.0033052483088629797
0.003287905460733623
0.003267224347261376
0.0032429344784076675
0.003214858242227928
0.0031829331493890634
0.003147220412218246
0.0031078967593724583
0.003065231100173719
0.0030195522684222597
0.002971216325175239
0.0029205807064260226
0.0028679886507763782
0.002813762938187018
0.0027582050765868785
0.002701595589095646
0.002644192533328097
0.002586227622462022
0.0025279011541529226
0.0024693777726139746
0.0024107848587971038
0.0023522144066717866
0.0022937280998282772
0.0022353643968836346
0.0021771460587016733
0.0021190867682320774
0.0020611960683070223
0.002003482533232398
0.0019459555365082203
0.0018886259980584897
0.0018315070897170905
0.0017746137756464691
0.0017179636154453944
0.0016615374904011173
0.001605475063875795
0.0015496828833722273
0.0014942293683312654
0.001439144151088668
0.0013844608389211284
0.0013302170781758623
0.0012764506727843405
0.0012232061890145877
0.0011705275898688697
0.0011184652810422788
0.0010670725391338763
0.00101640360878962
0.0009665170379356292
0.0009174741281381091
0.0008693417062736611
0.0008221727804781098
0.0007760475222148515
0.0007310271803164256
0.0006871810455695867
0.0006445763026574037
0.0006032778329651826
0.0005633502054326102
0.0005248486355731312
0.00048783801428097564
0.00045235357271105275
0.00041845361003419303
0.00038615265318922445
0.0003555013201429057
0.00032649885671136796
0.0002991726650017968
0.0002734927180235276
0.0002494538389963166
0.0002270519444342653
0.0002062260317927208
0.00018696410640238706
0.00016915941800403422
0.00015280250529991677
0.00013780496331416864
0.0001241009272947836
0.00011160826387410775
0.00010025892877177969
0.00008998865930650579
0.00008068050274331863
0.00007223213921827507
0.00006470211088636165
0.00005788187024798476
0.00005173372916892064
0.00004629697908005046
0.00004135758044454734
0.00003693518070007095
0.000033004876801756225
0.000029442182939516736
0.000026235752093651238
0.00002346688328083685
0.000021010588058168977
0.00001871239163957504
0.00001669676815401521
0.000014866031828236455
0.000013273644077538964
0.000011865900265893386
0.00001058412791043278