0.0031641424952392545
0.003164130331249478
0.003164087790660032
0.0031640038191924256
0.0031638641599626596
0.0031636505078519476
0.0031633394576500475
0.0031629012028815537
0.0031622979373740747
0.0031614819090238044
0.003160393077184308
0.003158956335263091
0.0031570782837859845
0.003154643583762765
0.0031515109950551613
0.0031475093205648804
0.0031424336385302088
0.0031360424320755406
0.0031280564569073025
0.0031181604461174646
0.0031060088781136915
0.0030912369443716
0.0030734773822682472
0.003052382902203126
0.00302765261342376
0.002999059459742227
0.0029664747316230505
0.002929885702718003
0.0028894034577634556
0.0028452596358059627
0.00279779243960431
0.002747423424898287
0.0026946273521436925
0.0026398981018522388
0.0025837144423843613
0.0025265099493407086
0.0024686510816065437
0.0024104260416002023
0.0023520448376796494
0.0022936486179255637
0.0022353246520998623
0.002177122846683519
0.0021190704304190813
0.0020611829569435257
0.0020034712710733983
0.0019459457797522332
0.0018886174665391027
0.001831499532536563
0.001774607110538251
0.0017179577134779414
0.0016615711896563867
0.0016054702471434935
0.0015496800949069695
0.0014942258568358768
0.0014391412308497873
0.0013844584567505884
0.0013302147001919144
0.001276448750929443
0.001223201224112279
0.001170526067702781
0.001118464242078824
0.0010670674765830134
0.0010164065408838163
0.0009665165306286423
0.0009174732843501297
0.0008693401170981304
0.0008221680669811485
0.0007760467852252693
0.0007310269572356772
0.0006871812418200694
0.0006445766087590869
0.0006032767472837311
0.0005633495551982484
0.0005248490010532632
0.00048783620454945594
0.0004523533100491473
0.0004184493347963022
0.00038615332296622047
0.0003554998036008635
0.00032650099378475476
0.00029918579463063114
0.00027349149965106044
0.00024945432685686235
0.00022705002306766067
0.0002062264340045873
0.00018696183993840133
0.0001691598296475956
0.00015280249378546098
0.00013780527776165665
0.00012410111564580692
0.00011160955483652494
0.00010025920696100866
0.00008998937956403593
0.00008068270873261392
0.00007222571798294116
0.00006470049807901598
0.00005788652981566229
0.000051733282064760174
0.00004629614577741344
0.000041357342327511794
0.00003693690010661999
0.00003300328795200035
0.00002944675478407242
0.000026233714232235246
0.00002346619133768299
0.00002101146807588733
0.00001870982011954304
0.0000166974516260945
0.00001486611176981258
0.0000132766110203515
0.000011865346214348144
0.000010581556768759151