0.008015802060382615
0.008002366025572897
0.007956187206178402
0.007868559377158373
0.007732291421111422
0.007543716520530878
0.007304411640707449
0.0070217650941457165
0.006707905037888968
0.006377317652079403
0.006044137309309632
0.0057200887259558405
0.005413524476956914
0.005129430352193597
0.004869998914799329
0.0046353897706587835
0.004424438865827934
0.0042352182532446655
0.004065434840620807
0.003912695489919026
0.003774675034134486
0.0036492190528240815
0.003534403955720606
0.003428567703518668
0.0033303175179760862
0.0032385172096762328
0.0031522564137242263
0.0030708060374740236
0.0029935669715581478
0.0029200212336297398
0.0028496926496371323
0.002782123135090353
0.0027168645464672766
0.002653484649844867
0.002591579869568779
0.002530792665538674
0.002470823817549033
0.0024114390114612348
0.0023524681443126225
0.002293797729200903
0.0022353589723486953
0.002177115097874418
0.0021190502607189854
0.002061160807837806
0.0020034505109685122
0.0019459270502348088
0.0018886006008350371
0.0018314868412357343
0.001774607982631083
0.0017179459983612839
0.001661560849436181
0.0016054608645838342
0.001549669727579112
0.0014942173187956367
0.0014391335848541855
0.0013844534165458556
0.0013302111843293432
0.0012764447619418307
0.001223200344612754
0.001170522933168923
0.0011184623948115146
0.0010670691301579822
0.0010164022009503128
0.0009665180185198126
0.0009174718020591173
0.00086933514632443
0.0008221824274788784
0.0007760456151635279
0.000731025488097543
0.000687180238703664
0.0006445764208984296
0.0006032776242438589
0.0005633512266517696
0.0005248421666106215
0.00048783497020630427
0.0004523722623538255
0.00041847550246536784
0.00038614571319795817
0.00035550101522398536
0.0003265094334391981
0.00029919449597412757
0.00027349113436546965
0.00024946571595064185
0.00022704584452488616
0.00020622216930392347
0.00018704961584284347
0.00016915378074077226
0.0001528023021001555
0.00013780411560709735
0.0001241047435973908
0.0001116058755572332
0.0001002654528369527
0.00008998772303430138
0.00008068952042808923
0.00007228477163002515
0.00006468661477847212
0.00005786303671553044
0.0000517639603658653
0.00004630757593033454
0.00004134128361088862
0.0000369251578579618
0.00003300572478179488
0.000029445609350518123
0.00002621933011691286
0.00002345038573985482
0.00002101476920718241
0.00001872494643327544
0.000016701711926359212
0.00001486464468229636
0.000013274835729331935
0.000011866419732728085
0.000010591763695907724