0.004065980958474658
0.0040657629918886655
0.004065001452156844
0.004063501630479714
0.004061017082771456
0.0040572399503262324
0.004051791585043587
0.004044215029640152
0.004033971774842085
0.004020446204080434
0.004002961974026754
0.003980814745733545
0.003953324405780275
0.003919906398584372
0.0038801557532855578
0.0038339298798248035
0.003781410112617861
0.003723121340316127
0.003659896771069401
0.003592789866622584
0.00352295191365479
0.0034515039430852074
0.0033794311643211604
0.0033075179908641935
0.0032363276794448084
0.003166218580104426
0.0030973824347062234
0.0030298894670789996
0.0029637286519745964
0.0028988372746149406
0.0028351194528543847
0.0027724570119620168
0.002710717114120946
0.002649759928403133
0.0025894473217182292
0.0025296517653030847
0.0024702636767672836
0.0024111958033382576
0.0023523841481637208
0.002293785907720763
0.0022353755500193273
0.0021771403295133347
0.0021190762508011595
0.0020611850460149185
0.002003472297871874
0.0019459463303962614
0.0018886178357758522
0.001831499872151886
0.0017746088364932351
0.0017179579008180276
0.0016615712485578528
0.001605470033231447
0.0015496802220531015
0.0014942257674890086
0.0014391411909511526
0.0013844556122268891
0.0013302147457565036
0.0012764487462887857
0.001223205316975055
0.0011705307910525357
0.001118561845704955
0.0010670696653306878
0.0010164029523780519
0.0009665150974818351
0.0009174738011750412
0.0008693355240009872
0.0008221729978150232
0.0007760460848582766
0.0007310263330878998
0.0006871816183242044
0.0006445755852311053
0.00060327766283083
0.0005633485719679824
0.0005248479129050994
0.0004878408037006339
0.0004523599702839594
0.00041845055211506033
0.0003861536815279574
0.00035550001034575943
0.0003265049106630085
0.00029918059050195464
0.0002734906821598282
0.0002494644251556406
0.00022705489240396322
0.0002062257916309178
0.00018699169947154328
0.00016915801883192914
0.00015279985273840085
0.00013780871333568992
0.00012409864416866533
0.00011160453436859615
0.00010026198861956004
0.00008998928581544538
0.00008068565902780477
0.00007223669544247442
0.00006469975603303041
0.00005788031394123873
0.00005173227823670635
0.000046306566024274624
0.000041341909093575466
0.00003693151641329215
0.00003300085100160631
0.000029445238660919003
0.000026218401338000148
0.00002345932934869616
0.000021014160223428298
0.00001871857483830598
0.00001669694811718553
0.00001486624561099906
0.000013276522880440204
0.000011866674561632246
0.000010575056171872447