0.003118784069548128
0.0031187746277869513
0.0031187416065516366
0.0031186764210119166
0.003118567992957018
0.0031184020869448933
0.0031181604805212417
0.003117819931058666
0.0031173508955267704
0.0031167159536333706
0.0031158678804315996
0.003114747313625327
0.0031132799665675387
0.0031113733551358723
0.0031089130422590804
0.003105758467363618
0.0031017385312699652
0.0030966472628483357
0.003090240111775057
0.0030822316908130976
0.0030722961036875446
0.0030600712957036306
0.0030451689297774317
0.003027191199607672
0.0030057550794242494
0.0029805232044490316
0.0029512385257100993
0.0029177578236038878
0.0028800778047193987
0.0028383477041037768
0.00279286442428947
0.0027440497825869823
0.0026924132306165947
0.0026385062266404977
0.0025828756201124554
0.002526022999924299
0.0024683753195546094
0.0024102696725106063
0.0023519522192344262
0.002293588567550971
0.00223528107219174
0.002177088068135955
0.002119041027863817
0.0020611574133155186
0.0020034489264556038
0.001945926060522225
0.0018886000312642805
0.0018314843402908124
0.0017745937825844136
0.001717946105214624
0.0016615609704505668
0.00160546182557534
0.001549671011202349
0.0014942190038687117
0.0014391348633894816
0.0013844525473009999
0.0013302102229528448
0.0012764444928668325
0.001223200486689232
0.0011705230328308764
0.0011184609960910932
0.0010670689881056097
0.0010164005779940996
0.0009665144272520075
0.0009174719823016533
0.0008693411624474348
0.0008221710964019481
0.0007760465619300627
0.00073102598912776
0.0006871799059623672
0.0006445754792817369
0.0006032771482858465
0.0005633501234946479
0.0005248482874004673
0.00048783634488181875
0.00045235273038430305
0.00041844861461255803
0.0003861543695587327
0.00035550123921029066
0.0003264975464168815
0.0002991755294863018
0.0002734926008228577
0.00024945296299275015
0.00022705266382645387
0.0002062249454714413
0.00018697231239048998
0.0001691586270012876
0.00015280262029686574
0.00013780604011187205
0.00012410108252857327
0.00011160839845966697
0.00010026709978528985
0.00008998940893277249
0.00008068305419152013
0.0000722743015803883
0.00006470224193660716
0.00005787734509646745
0.00005176433385002025
0.00004630208462133314
0.000041352650681961524
0.000036933054055776565
0.000033001936359015536
0.000029439806058449036
0.000026213208941444466
0.000023460812143814353
0.00002101311292894421
0.000018711336279178058
0.00001669848487242229
0.00001486163156753172
0.000013283906560925558
0.000011865692531565437
0.00001058212521122912