0.0031410388615334467
0.0031410281387144042
0.0031409906377014214
0.003140916611337035
0.0031407934849468208
0.0031406051065671564
0.0031403308119858945
0.003139944264296078
0.003139412021961268
0.003138691784044987
0.003137730265519592
0.0031364606419016783
0.003134799545645159
0.0031326435969154126
0.003129865522738316
0.0031263100007551427
0.0031217894981876207
0.0031160805645412243
0.0031089212718242542
0.003100010781502695
0.00308901223933923
0.0030755603433365543
0.0030592747612205413
0.0030397799973777284
0.0030167312146787226
0.0029898440061899003
0.002958924535071793
0.0029238953700412825
0.0028848122635742246
0.0028418682506210955
0.002795383507398246
0.002745781807429015
0.002693556565712833
0.002639231038404335
0.0025833181139076717
0.0025262851778316588
0.002468528638569904
0.002410360848485736
0.002352009646657054
0.0022936282293451
0.002235311285316153
0.0021771128572885155
0.0021190622467578803
0.002061175933281169
0.002003400560635396
0.0019459403850577873
0.0018886127084679573
0.0018314953679327045
0.0017746034473052048
0.0017179545049050263
0.0016615683690747029
0.0016054678701014253
0.0015496784610491525
0.0014942239596846079
0.001439139523502074
0.00138445690209518
0.0013302134464817249
0.0012764476116596645
0.0012231995439410154
0.001170525231592771
0.0011184634225237136
0.001067071809356623
0.0010164070764832186
0.0009665161582615035
0.000917472927616657
0.0008692910724514594
0.000822172030211815
0.0007760466374623548
0.0007310267584568937
0.0006871806609153436
0.0006445765967504276
0.0006032774516402131
0.000563349631428005
0.0005248489075503877
0.0004878369143712667
0.0004523533280638001
0.00041845242472607336
0.0003861529140781204
0.000355500998507699
0.0003265008007117491
0.00029917311071862726
0.00027349182749042926
0.00024945418909931425
0.00022705031372791576
0.00020622632048609009
0.00018696319382782096
0.00016915915368926704
0.00015280264681682388
0.00013780544051901326
0.0001241011368750397
0.00011160870817763535
0.00010025920043079756
0.00008998936152798863
0.00008068363944241925
0.00007227048898484381
0.00006470161381817876
0.000057882929020974705
0.00005173236957440311
0.00004629748087875115
0.00004135725464215369
0.0000369356326780232
0.000033005612050381615
0.00002944173653703784
0.00002623418081550177
0.00002346447227602137
0.000021011637415552546
0.000018710660798721485
0.000016699796755090294
0.000014865433312665779
0.000013277056392280665
0.000011866096781403829
0.000010582122477135731