0.004662611239149399
0.004662292603330606
0.004661179227619973
0.004658985960607402
0.004655351164553499
0.004649821755034906
0.004641838129650341
0.004630720982267878
0.00461566322934846
0.0045957317597601416
0.004569885173263876
0.00453701447979502
0.004496012859083928
0.004445877213118909
0.0043858358692099395
0.004315488530422568
0.004234931314642604
0.004144835997684161
0.004046455396911863
0.003941542314705842
0.0038321917029029064
0.003720636392409109
0.0036090373042607492
0.0034993060223464842
0.0033929839400751445
0.0032911848101098468
0.0031945931081637092
0.0031035027309162734
0.003017879153642323
0.0029374310840631353
0.0028616822921828573
0.002790038516632559
0.0027218473075596777
0.0026564501851956443
0.0025932253112104678
0.002531621495177037
0.002471179009701366
0.0024115407525389485
0.0023524475372308355
0.002293726568545004
0.0022352726550233775
0.002177029493343112
0.0021189713043898895
0.002061090159341615
0.0020033874491602478
0.001945870839236262
0.0018885482685857124
0.0018314410237446237
0.001774555184803022
0.0017179120724985935
0.0016615310315199383
0.0016054316194864756
0.001549647280023951
0.0014941989941656532
0.0014391173801647514
0.001384437321578262
0.0013301960668566112
0.0012764762553849418
0.001223188709024178
0.001170521005190895
0.0011184553610343606
0.0010670638321029552
0.0010164196538421815
0.0009665083253392251
0.000917467988381337
0.0008693315061220969
0.0008221674849689444
0.0007760387021005582
0.0007310241624657722
0.000687179296574266
0.0006445756432538295
0.0006032616032700642
0.0005633469001148057
0.0005248540966772069
0.0004878504879671477
0.00045245879838903076
0.00041843950577419574
0.0003861314447969323
0.0003555030071112665
0.00032652503233323123
0.0002991524924676481
0.00027347062899513007
0.0002494530421824463
0.00022703453335747104
0.00020623946635019383
0.00018696073853272503
0.00016915593007379447
0.00015279631246519387
0.00013779152738517268
0.00012410135297169495
0.00011159992617669965
0.00010025715012357358
0.00009000592008524202
0.00008067244550233136
0.00007229323047162928
0.00006470349731451301
0.00005779163168553922
0.00005177318603747953
0.000046287412380471546
0.00004134121277525086
0.00003695887342449995
0.00003303974038220463
0.00002943763137723362
0.000026251490457284113
0.000023468484757812565
0.000021024050303642197
0.000018710438336263823
0.000016697104275119314
0.000014903796718410134
0.000013280951606248854
0.000011864208469623505
0.000010596501944089017