0.013233786007387947
0.013127637194501784
0.012780709911121957
0.012188622450043703
0.01140365469264756
0.010514230873903893
0.009608898517421758
0.00875151054196951
0.007976289620452697
0.00729474032005954
0.006704853818774878
0.0061981511705978916
0.0057639331497190555
0.005391469421304809
0.005070958749510688
0.004793843252927039
0.0045528184557652165
0.004341720777561073
0.004155382082135618
0.003989491458845482
0.003840478458658329
0.0037054183150355777
0.0035819526393934113
0.0034682164494478293
0.003362763355079717
0.0032644846819903407
0.0031725244531692993
0.003086196414498647
0.003004909783227385
0.00292811459129771
0.002855266684049845
0.0027858141701224406
0.002719202563361987
0.0026548927689827796
0.0025923770783514645
0.002531210054919285
0.002471020370174125
0.002411515867496912
0.002352485480485416
0.002293789539946257
0.0022353412076227468
0.0021770955511219233
0.0021190317546714707
0.0020611434767082134
0.0020034350816518624
0.00194591391021051
0.0018885879239125757
0.0018314737303009876
0.001774583920817763
0.0017179376200123979
0.0016615534824292108
0.0016054546473597202
0.0015496655615633134
0.0014942071583571475
0.0014391244007381974
0.001384450089698232
0.0013302115565971891
0.0012764421057088243
0.0012231977592957522
0.0011705205728793709
0.0011184608128029382
0.001067066752435431
0.0010164005912641349
0.0009665121288034705
0.0009174714268679677
0.0008693329025553996
0.0008221699741490548
0.0007760448174928816
0.000731025756548645
0.0006871804976900542
0.0006445752143714959
0.0006032781362522555
0.0005633462760456607
0.0005248479451442968
0.00048783667482675666
0.0004523814427498334
0.000418445420902246
0.000386133099862615
0.00035549993399014126
0.00032651586059114407
0.000299175861526494
0.0002734953287246453
0.00024946788638950527
0.00022704632270328066
0.00020622385399785755
0.00018710236391013938
0.00016914976519557116
0.0001528012784135244
0.0001377980053802469
0.00012410476784565201
0.0001116022104504866
0.00010026827730404362
0.00008999031883140068
0.00008069399290568787
0.00007228810849121156
0.00006469835823318034
0.000057851500216239346
0.00005176765180375809
0.00004629624154185712
0.00004133572124878349
0.00003691740930055167
0.000033119999888968083
0.000029448998110597275
0.000026222952604595138
0.00002347102974750731
0.00002102763867451038
0.000018720042402849678
0.000016698398921512494
0.000014856865929801523
0.00001327705763871951
0.000011859687518733069
0.000010586737158404212