0.0031150623805428963
0.003115052959153877
0.0031150200092512313
0.0031149549649086487
0.003114846772842985
0.0031146812306362824
0.0031144401598862752
0.003114100377256679
0.0031136324203797877
0.0031129989800250824
0.0031121529860907654
0.003111035294812093
0.0031095719313009415
0.003107670859948619
0.0031052182922121506
0.0031020746064693715
0.003098070054917002
0.0030930005957622952
0.0030866243824782136
0.0030786597211242147
0.003068785580760651
0.0030566459839539554
0.0030418596787155513
0.0030240362457873747
0.003002799069332775
0.0029778143290622415
0.002948823491159179
0.0029156750773274972
0.002878350361716692
0.002836977634175665
0.002791831027761554
0.0027433124464459305
0.0026919182862601204
0.0026381956807825417
0.0025826951825757066
0.0025259275080636366
0.00246833094697804
0.0024102534526752695
0.0023519499856178064
0.002293592397842953
0.002235286979002079
0.0021770942755166443
0.0021190468589842196
0.00206116267753936
0.0020034536120350803
0.0019459301822719124
0.0018886037325162527
0.001831487438711162
0.0017745964651622237
0.0017179483487207148
0.0016615629577882952
0.0016054630223941763
0.0015496737648994874
0.0014942202993493167
0.0014391363671824016
0.001384454203308293
0.0013302109925955128
0.001276445521481727
0.0012231983615511484
0.0011705236323384975
0.0011184621308359002
0.0010670655717693344
0.0010164050469758713
0.0009665151863550383
0.0009174721299180335
0.0008693392487834617
0.0008221671270323137
0.0007760460745791164
0.0007310263567959876
0.000687180739319972
0.0006445761945411495
0.0006032768164883529
0.000563349276646162
0.0005248487491719268
0.0004878360574995046
0.0004523531628277592
0.00041845169399745246
0.00038615315095080484
0.00035549967951691204
0.0003265008446149247
0.000299186527261572
0.00027349149638409816
0.00024945407123788243
0.00022705016648142464
0.00020622638969896502
0.000186962396113078
0.00016915967511063455
0.00015280262683473413
0.00013780533875782665
0.0001241011592694228
0.0001116094371502995
0.00010025892024475872
0.00008998971413113821
0.00008068322109508133
0.00007226496203854683
0.00006470132635558465
0.00005788411170275143
0.00005173257181049146
0.00004629668543400181
0.00004135734414873755
0.00003693599765982486
0.0000330044189952955
0.00002944153060813089
0.000026234236239661202
0.000023464489139454653
0.00002101225950226168
0.000018710430015830648
0.000016699839276235075
0.000014865262835125149
0.00001327662033889849
0.000011865829190861082
0.000010581924754837988