0.00350081457235044
0.003500768885940159
0.0035006091453023028
0.0035002939972560466
0.003499770338963516
0.003498970417676489
0.003497808368419037
0.0034961761674895636
0.0034939390407441595
0.0034909304712514282
0.0034869471184480636
0.003481744206556476
0.003475032269882745
0.0034664765363330644
0.0034557006164052614
0.0034422963921966554
0.0034258418268210697
0.003405927542098329
0.0033821912220849603
0.0033543562858347736
0.003322268488195214
0.003285922387918275
0.003245470325361843
0.0032012102420809927
0.003153554360211401
0.003102985983814995
0.003050014087398647
0.0029951340369298207
0.002938799006632767
0.002881402744091661
0.002823271981050646
0.0027646662089658206
0.0027057828195380393
0.0026467658720901637
0.0025877166729718517
0.002528704374157517
0.0024697751551422706
0.002410959321182304
0.002352276423905139
0.0022937389196337277
0.0022353549002174554
0.0021771302326979267
0.002119070186248686
0.002061180599118974
0.0020034686344094868
0.0019459432674679132
0.0018886150978940708
0.0018314974080607665
0.0017746059465065073
0.0017179560016694164
0.001661569634053445
0.0016054685762434716
0.0015496783633762378
0.0014942247396563415
0.0014391403056335716
0.0013844559768601832
0.0013302139829758325
0.0012764474515724949
0.0012232040251982474
0.0011705292004103847
0.0011185322108749878
0.001067070252173026
0.0010164025200536133
0.0009665154964978029
0.0009174734950050217
0.0008693357304436943
0.0008221715899757541
0.0007760474051968271
0.0007310272081321859
0.000687181194069912
0.0006445764602535306
0.0006032773249120415
0.0005633512767941601
0.0005248475536814714
0.0004878381920288353
0.0004523585804236247
0.0004184480746144476
0.00038615395437450334
0.00035550042925855434
0.00032649654322274333
0.00029917835997830643
0.0002734882608467629
0.0002494681560732525
0.000227053523747316
0.00020622536701109977
0.00018698302969443912
0.00016915873386695167
0.0001528015720490106
0.00013780876238892934
0.00012409918921483935
0.00011160743213204094
0.0001002634601616395
0.00008998994526959802
0.000080683708503694
0.00007223690008212395
0.00006470473791782291
0.00005787953982644637
0.00005173162459279456
0.000046303651468928364
0.00004134129748949641
0.000036932821549344306
0.00003300229042683338
0.0000294440701744117
0.000026236401017143125
0.000023460226835826932
0.00002101191860922103
0.000018718637700799646
0.000016699681961385356
0.000014864973647661627
0.00001327807592425145
0.000011867619848266214
0.000010572927454967763