0.005501963924662248
0.005500261777259605
0.0054943343136887
0.005482748476849904
0.005463808021461116
0.005435598140222612
0.00539609301172889
0.005343342055855555
0.005275734256544743
0.005192309870225413
0.0050930521827623485
0.004979067351850738
0.004852570754766049
0.0047166525752297545
0.004574873293077988
0.00443079975157429
0.004287602174549039
0.004147792988443833
0.004013128769071856
0.0038846485006746607
0.0037627988404751863
0.003647596766962838
0.00353879110320881
0.0034359980083282092
0.0033387975038266402
0.0032467878874428008
0.003159603043170509
0.003076903134331202
0.0029983511667971276
0.00292359057280918
0.002852229452375909
0.00278383927349828
0.0027179658617700643
0.002654151386590895
0.0025919558315625705
0.0025309861489569855
0.0024709106555307536
0.002411468193047179
0.002352469018384132
0.0022937867062843872
0.0022353441638354303
0.002177100072651156
0.0021190363577267726
0.002061148061739143
0.0020034391876527485
0.0019459172630100184
0.0018885914849578983
0.0018314827061240132
0.0017745867170573216
0.0017179398887649583
0.0016615554747043861
0.0016054562575060689
0.0015496669184799218
0.001494211133804468
0.0014391279762042612
0.001384450850427411
0.0013302106164472405
0.0012764428036649306
0.0012231985003575813
0.0011705212557982583
0.0011184612186083776
0.0010670670993172446
0.0010164005294392418
0.0009665131504660913
0.0009174714144809158
0.0008693344999886832
0.0008221713596345962
0.0007760452138386389
0.0007310258814412987
0.0006871809437695612
0.0006445754438026428
0.0006032777209207771
0.0005633488981732367
0.0005248483357946206
0.00048783585876581177
0.00045238149056643504
0.000418483376943396
0.00038613899554878475
0.0003555032837285184
0.0003265129496684283
0.0002991732311968993
0.00027349429830121386
0.00024946696691040347
0.00022704438329121724
0.00020622361744619257
0.00018708000169602727
0.00016915687500231684
0.00015294215445130853
0.00013780218422517078
0.0001241043801862984
0.00011160611076592141
0.00010026715880589338
0.00008998811138056577
0.00008069147378145545
0.00007228709345039963
0.00006469991763071009
0.000057859505769925543
0.00005176722421035055
0.00004630425424804934
0.00004133951509803613
0.000036919121721061856
0.000033015863950236826
0.000029447078739865784
0.000026219630071385173
0.000023470652815834448
0.000021028309687799503
0.000018717156066588205
0.000016700728637345998
0.00001486423740506571
0.00001328159762685455
0.000011862098451484042
0.000010584830443721265