0.0033139176931435027
0.0033138941491907313
0.003313811817376008
0.0033136493353150007
0.0033133791987297505
0.0033129661811786807
0.003312365398567706
0.003311519964574491
0.0033103581913226806
0.003308790311217497
0.0033067047387061923
0.003303963965356738
0.003300400300511217
0.003295811844789497
0.003289959320462152
0.003282564669576792
0.0032733126225111047
0.003261856638674151
0.0032478305670666434
0.003230866865429182
0.003210621085367214
0.0031868006260110534
0.0031591937440574613
0.0031276935423070907
0.0030923115430246764
0.0030531775770722604
0.0030105261102813933
0.0029646726565952324
0.0029159858999315766
0.0028648608636844715
0.00281169648412341
0.0027568785693796115
0.002700767463891117
0.0026436891652469093
0.002585928903548504
0.0025277268425680987
0.0024692761533380196
0.002410723969393347
0.002352175479012443
0.0022937007672965363
0.0022353433102027132
0.0021771286289586447
0.002118935532094766
0.002061182980330565
0.0020034710172640757
0.0019459454014639983
0.0018886170281995794
0.0018314992885017408
0.0017746069285928664
0.0017179576613706982
0.0016615711230773117
0.0016054707243254157
0.0015496788274678417
0.0014942258506935638
0.0014391408556597028
0.00138445779240715
0.0013302147879067881
0.001276448470253812
0.0012232039426091257
0.001170526030953497
0.00111846360098519
0.001067071230680311
0.0010164025095508633
0.0009665160866907226
0.0009174734020485228
0.0008693420829249239
0.0008221721324266963
0.000776047432507976
0.0007310267316211083
0.0006871805358199854
0.0006445760039512095
0.0006032775856880817
0.0005633504437688559
0.00052484859482047
0.00048783650828175225
0.00045235290347968977
0.0004184487729262459
0.0003861545638469814
0.00035550134890742984
0.00032649791166861465
0.0002991749152939249
0.0002734925795348752
0.00024945358457277545
0.0002270528824829248
0.0002062250598747252
0.00018697047867857435
0.00016915893633679858
0.0001528022732861836
0.0001378058899795637
0.0001241006792212101
0.00011160863688966708
0.00010025970612223114
0.0000899888611943969
0.00008068272287631734
0.00007223454817785756
0.00006470171536569247
0.00005788137337023204
0.000051735504846447536
0.000046295760574283326
0.00004135563988027645
0.00003693393403645609
0.00003300416394784278
0.000029441692691816678
0.000026234627764843763
0.00002346231632973455
0.00002100911072148569
0.00001871344080733972
0.000016698880537827943
0.00001486489905328612
0.000013272082610298103
0.00001186604312534669
0.000010583933446825157