0.005943811696919863
0.00594202093699416
0.005935783794982661
0.005923587692274321
0.005903635225092489
0.00587388428793685
0.0058321508610870675
0.005776290705319809
0.00570446012578264
0.005615426395893025
0.005508862349171587
0.005385535592643384
0.005247313479385744
0.005096959302833931
0.004937770593708788
0.004773169472790545
0.004606357409097715
0.004440104138827186
0.004276676391693788
0.004117865237137517
0.003965055554436686
0.0038192930726160218
0.0036813283617630537
0.0035516384737289326
0.0034304379402726737
0.003317691493396945
0.0032131356702023574
0.0031163104390015506
0.003026598102816897
0.0029432655769113542
0.0028655068839264423
0.002792483967214859
0.002723364951787692
0.0026573593938170226
0.0025937483050012555
0.0025319090830044377
0.0024713299972954792
0.002411616915053038
0.0023524852855858363
0.002293745892646644
0.0022352836641687766
0.002177036855335264
0.0021189769813752582
0.0020610949129935903
0.0020033915696286977
0.0019458744521262908
0.0018885514463050056
0.001831443820273669
0.001774557645371355
0.0017179142363750238
0.001661532933149465
0.0016054332892107745
0.0015496487446400805
0.0014942002773852036
0.001439118502999021
0.0013844383026656495
0.001330196922743438
0.0012764770007683446
0.0012231893569632619
0.0011705215672913392
0.0011184558476103456
0.0010670642523196612
0.001016420015841551
0.0009665086363510534
0.0009174682548223927
0.0008693317336810375
0.000822167678687433
0.0007760388664399551
0.0007310243013690624
0.0006871794135209208
0.0006445757413088966
0.0006032616851275477
0.000563346968137114
0.0005248541529307041
0.00048785053425190694
0.0004524588358468197
0.0004184395366100853
0.00038613146975262477
0.0003555030271837815
0.00032652504807170486
0.00029915250522488115
0.0002734706390671142
0.00024945305008480237
0.000227034539514368
0.00020623947111298157
0.00018696074082754117
0.00016915593286825377
0.0001527963147377093
0.0001377915263980783
0.00012410135418902522
0.00011159992755643493
0.00010025715077306493
0.00009000582191011144
0.0000806724211686731
0.00007229320636871854
0.00006470351245863795
0.00005779163475868834
0.00005177318397070612
0.00004628735616937819
0.00004134128281869131
0.000036958858366432844
0.00003303968440782899
0.000029437727514881637
0.000026251715930997418
0.00002346893442585699
0.0000210238463520163
0.00001871048134450191
0.000016697145053743196
0.000014903820437600583
0.00001328102022416529
0.000011864221096477027
0.000010596458324876486