0.005342330260352622
0.005341621260511906
0.005339145709772882
0.005334277601046224
0.0053262336774402876
0.005314054094891907
0.005296588638669637
0.005272499524208893
0.005240289391977528
0.005198365824410248
0.005145151593280877
0.005079242930508972
0.0049996051919275995
0.004905778226906418
0.004798048525386373
0.004677540413521389
0.004546190714451985
0.004406599198446147
0.004261780642377167
0.00411486952777154
0.0039688358489807125
0.0038262596829069444
0.0036891901669904494
0.003559091019216358
0.0034368572741739654
0.003322879693437131
0.003217133291888646
0.003119271520645574
0.0030287145239156145
0.0029447258477368608
0.0028664769466213236
0.0027931005928674693
0.0027237347085497642
0.002657565878950334
0.002593850425126936
0.002531947808162577
0.0024713317514390635
0.002411600558464895
0.00235246325988831
0.002293722246447499
0.002235258865442876
0.0021770136945716673
0.0021189576667790568
0.0020610772900220013
0.0020033766891756474
0.0019458617852655025
0.001888543106834566
0.001831433808013632
0.0017745486791644156
0.0017179063960277414
0.0016615257308491356
0.0016054299819646708
0.0015496399625481582
0.0014941926599971404
0.001439113820831161
0.0013844355406851514
0.0013301935702718373
0.0012764303068079233
0.0012231878522547493
0.0011705507591733147
0.001118455201635399
0.0010670453297701762
0.0010163927895054199
0.0009665077772452571
0.0009174680914227204
0.000869343448166876
0.0008221658601737314
0.0007760391975461951
0.0007310235358786544
0.0006871804518847508
0.0006445740252264162
0.0006032724585217607
0.0005633484832037525
0.0005248563307484813
0.0004878304732475047
0.0004523601590792324
0.00041844875920175683
0.00038611121678108827
0.0003554976092279724
0.0003261396288795955
0.00029914183735957057
0.0002734540615577603
0.00024943768011329715
0.00022703086023658588
0.00020624587502958262
0.00018695259769129538
0.0001691388156391144
0.00015279587385738603
0.00013774286496254391
0.00012409782515013717
0.00011160919036870427
0.00010026111997862677
0.00009000464437332709
0.00008068117079548589
0.00007222941162126378
0.00006471423815067998
0.000057751895458964773
0.00005178942359659687
0.00004629758512664953
0.00004133804197482387
0.000036966179631512496
0.00003303360079595624
0.000029441667118918607
0.00002624506143468841
0.000023460685735052935
0.000021039874777115843
0.000018681877043279638
0.000016684380865226545
0.000014901880751480476
0.00001328340148918952
0.000011872557636699304
0.000010589338032462935