0.00813567758748855
0.008122228869594078
0.0080760057070829
0.007988290407324738
0.007851877144698056
0.007663080368832547
0.007423453364040539
0.007140354756004592
0.0068258758462721725
0.006494457592210415
0.006160179674205214
0.005834701865635406
0.005526301436142812
0.005239879566917615
0.004977537791940038
0.00473934372412316
0.0045240490679485205
0.004329661672704392
0.004153859629642275
0.003994272909077504
0.0038486657705324805
0.0037150468887083843
0.0035917253965851506
0.003477323197822581
0.003370751687232581
0.0032711614499615787
0.0031778762805336445
0.0030903243773953495
0.0030079784955212153
0.0029303130403268533
0.002856782540918679
0.0027868171431103626
0.00271983660833346
0.0026552730416490936
0.002592590179232006
0.0025313190340551933
0.0024710709054850967
0.002411532869384508
0.0023524864880275684
0.0022937844045825438
0.002235333737285789
0.002177088188762316
0.002119025078960379
0.0020611370936486515
0.0020034291820941468
0.0019459093235575323
0.0018885827341089943
0.0018314695676100868
0.0017745798389831318
0.0017179344029596248
0.0016615505869327603
0.0016054524342637864
0.0015496637652948426
0.0014942008966908494
0.0014391283946140103
0.0013844491504639567
0.001330213261342687
0.0012764413134422005
0.00122319691220819
0.0011705195760206152
0.0011184582900276633
0.0010670657381863112
0.001016402224361116
0.0009665125591289491
0.0009174714152370394
0.0008693366503314311
0.0008221692402002542
0.000776044619619189
0.0007310256745191247
0.0006871799392800835
0.0006445745825052686
0.0006032752858868931
0.0005633454248439769
0.0005248474967072667
0.00048783722640559026
0.00045238697421123
0.00041844457893884464
0.0003861505291194542
0.0003554987364271766
0.0003265174615524325
0.0002991759486015882
0.00027349176530082586
0.0002494544722984956
0.00022704648802712556
0.0002062268874924769
0.00018713262107679935
0.000169152946273652
0.00015279969335442342
0.0001377949613833515
0.0001241040456757358
0.0001116019629212805
0.000100262155946019
0.00008999343497615287
0.00008069644656657699
0.00007229005498863343
0.00006469915120490789
0.00005785289688701966
0.00005177785866969645
0.00004629366526436866
0.00004134939092499315
0.00003691196679994472
0.00003312421912056605
0.00002944790937211971
0.000026231529124089616
0.000023470083520853415
0.000021026717854981304
0.00001871939873945384
0.00001670102096739945
0.000014855534520633575
0.000013276810216900107
0.000011862332059607458
0.000010578155178284814