0.0031355382863999842
0.0031355277720335954
0.0031354910000186073
0.0031354184125680514
0.0031352976791501072
0.003135112961096543
0.003134843994469877
0.003134464951565421
0.0031339430357644475
0.003133236759926156
0.0031322938567400374
0.003131048773090802
0.003129419713555269
0.003127305226528467
0.0031245803786115705
0.003121092644690175
0.003116657779772202
0.003111056103127544
0.0031040298740638186
0.003095282691108886
0.003084482089662293
0.003071266632517777
0.0030552586495049164
0.00303608324146689
0.0030133931433846176
0.0029868976336010914
0.002956392210481001
0.00292178466146842
0.0028831131685692754
0.0028405525863043762
0.0027944071552925853
0.00274508958961307
0.0026930887417544254
0.0026389298909091368
0.002583133155912792
0.002526176108610772
0.0024684659718019852
0.002410324768489364
0.0023519879180235936
0.0022936139157763574
0.002235300776966292
0.002177104421577692
0.0021190551006832134
0.002061169725100417
0.0020034597636083037
0.0019459355869044569
0.001888608492179908
0.0018314916220229503
0.001774600146007029
0.0017179515824868694
0.0016615657999744008
0.0016054654838863409
0.0015496757849361147
0.0014942222156817016
0.0014391385667182203
0.0013844557023517882
0.0013302122675426108
0.001276446645726605
0.001223199583835226
0.0011705239983407828
0.0011184628898066105
0.0010670665761457745
0.0010164052145274225
0.0009665156220549872
0.0009174725175299144
0.0008693393901999766
0.000822167793397261
0.0007760463037972897
0.0007310269969276063
0.0006871809046930314
0.0006445762940557151
0.0006032762998449929
0.0005633493142758211
0.0005248483494363318
0.00048783595305453643
0.00045235318509663833
0.00041844914614450594
0.0003861533368286389
0.0003554998134034802
0.0003265008910330605
0.00029918557859855214
0.0002734913652466664
0.0002494542438243715
0.00022705004012177075
0.00020622643966723516
0.00018696172923561867
0.00016915911734891983
0.0001528025125458757
0.00013780525705211021
0.0001241011128350072
0.00011160960404017844
0.00010025908404749026
0.00008998931640913206
0.00008068275392609554
0.0000722650335004405
0.00006470048553148768
0.0000578865429005568
0.000051733123057754126
0.00004629620691957783
0.00004135733831108157
0.00003693693958772767
0.00003300414980744739
0.000029441653112848127
0.00002623336104398334
0.00002346495598483509
0.00002101192797528796
0.000018709801243779383
0.000016698567677752125
0.000014865610655471155
0.000013276471829133536
0.000011865332739062962
0.000010581459469190367