0.0031640617897410904
0.0031640496270782283
0.0031640070911294316
0.003163923128822475
0.003163783484829667
0.0031635698560314946
0.00316325883977591
0.0031628206328486496
0.003162217433219327
0.003161401494025207
0.0031603127812251356
0.003158876196514414
0.003156998350765182
0.0031545639178263253
0.0031514316733775457
0.00314743043963485
0.00314235531816515
0.00313596481986601
0.0031279797329197096
0.003118084827498183
0.003105934623017861
0.003091164354352506
0.0030734068019505705
0.0030523147148012247
0.00302758723059141
0.0029989973045452655
0.002966416214309349
0.0029298311905106775
0.002889353241944525
0.002845213901319686
0.0027977512434049488
0.0027473866884624378
0.002694594870744358
0.0026398695691168556
0.0025836894848606643
0.0025264881637733507
0.002468632068018816
0.0024104094275850156
0.00235203029235819
0.002293635856658729
0.0022353134345730447
0.0021771129713470294
0.0021190617277620162
0.002061175283190234
0.0020034645030157176
0.0019459398107759636
0.0018886122037419528
0.0018314948943903263
0.0017746030253995046
0.0017179541180565563
0.001661568028016876
0.001605467469347178
0.0015496776561744702
0.001494223720814306
0.001439139361444059
0.0013844568232526178
0.0013302132746165032
0.00127644750935944
0.0012232001473970683
0.0011705251311977419
0.0011184634316433184
0.0010670667804660245
0.00101640593370117
0.000966516012059319
0.0009174728402521349
0.000869339735585861
0.000822167748286472
0.0007760465110843226
0.0007310267256967505
0.0006871810467258616
0.0006445764448317991
0.0006032766118056007
0.0005633494411012804
0.0005248489074471719
0.00048783612544396317
0.00045235324647919834
0.00041844928211754123
0.00038615328308880313
0.0003554997713039251
0.00032650096737782863
0.0002991857621668375
0.0002734914810800647
0.0002494543156252075
0.00022705001278570656
0.00020622642650472547
0.00018696182668775596
0.00016915982380985548
0.00015280248907384095
0.0001378052741922233
0.0001241011130645055
0.00011160955531472677
0.00010025920639692072
0.00008998937820345016
0.00008068270330382089
0.00007222572433560485
0.00006470049650371752
0.00005788652995790095
0.000051733287289965906
0.00004629614482635063
0.00004135734344973026
0.00003693690404879585
0.000033003285640021085
0.000029446756076423528
0.00002623371695390592
0.00002346619372713926
0.000021011465428388924
0.000018709817916701483
0.000016697451213533635
0.000014866117872763445
0.000013276611225217995
0.000011865345034790719
0.000010581554164674775