0.0038379557728805856
0.003837838910322319
0.003837430444274345
0.0038366252258053126
0.0038352890996945755
0.003833252546220354
0.0038303035640857627
0.003826180353250593
0.003820564428989063
0.003813075467639281
0.003803269754441586
0.0037906447760370048
0.0037746529836511318
0.003754727670819419
0.003730322741631436
0.0037009654249302733
0.003666316699668405
0.003626229263392115
0.003580789369120911
0.0035303293530340456
0.0034754036614708913
0.003416731377352106
0.0033551184537831905
0.003291378180501529
0.003226266384343415
0.0031604400864465136
0.003094439185327427
0.003028684491442281
0.0029634840253329477
0.0028990419957697963
0.0028354686825729893
0.0027727923164962112
0.0027109743759626253
0.002649928612829059
0.0025895418687824283
0.0025296939909836085
0.0024702736479494274
0.0024111884213756877
0.002352368960208382
0.0022937682906432294
0.0022353581502756715
0.002177124229094107
0.0021190617685632883
0.0020611721533778044
0.0020034609076287455
0.0019459362734739827
0.0018886089372840433
0.0018314922167855352
0.001774603508660445
0.001717951972504111
0.0016615659101734054
0.0016054654457692762
0.001549677284211206
0.001494222010324511
0.0014391378732180053
0.0013844556327364686
0.0013302124387523332
0.0012764465668564126
0.0012232021350395569
0.0011705246062991756
0.0011184633665418929
0.001067066605457398
0.0010164021991081675
0.0009665156734014761
0.0009174738087461094
0.0008693361669199174
0.0008221747891548571
0.0007760452377618948
0.0007310257133027937
0.0006871818281479176
0.0006445756443353518
0.0006032773247445713
0.0005633454459540417
0.0005248466790380666
0.0004878338628378641
0.0004523633775168277
0.0004184479091175414
0.00038614948090487025
0.00035549896719809027
0.0003265068010679943
0.0002991853725239063
0.00027349038705753087
0.00024946607602938
0.00022705740436652664
0.00020622514410655025
0.00018700608672322992
0.00016915626014763583
0.00015280044492481658
0.0001378087367419045
0.0001240965988585911
0.00011160206455422543
0.00010026430193054556
0.00008998820356260638
0.00008068809289790021
0.0000722807407378387
0.00006469776353578083
0.000057874928291145756
0.000051765948555704804
0.00004631424578531037
0.000041343129051925335
0.000036930965423805204
0.000033001341218445424
0.00002944527338714085
0.000026221826439920952
0.000023456208783445848
0.000021018751790122866
0.000018722003272504546
0.000016698962809098607
0.000014862470823834712
0.00001327616360854497
0.000011867982880080115
0.000010575324666467852