0.013412217816811811
0.013306042116484
0.012959020844837679
0.012366748059671117
0.011581472718055518
0.010691579693031531
0.009785567282201191
0.00892722723131728
0.008150707295092296
0.007467421789524703
0.006875255468769459
0.006365607290662182
0.005927643121921089
0.005550491124766813
0.00522421279195274
0.004940133440571286
0.004690873839192082
0.00447026247935442
0.004273214701429364
0.004095610890742505
0.003934181874776242
0.003786395516742769
0.003650337811753168
0.00352458592168665
0.0034080775793488287
0.003299986717845308
0.0031996165069225826
0.003106318087513668
0.003019438142375749
0.002938293499221203
0.002862167820238768
0.002790324296361755
0.002722028487897953
0.002656576092200446
0.002593320960825599
0.0025316991322755335
0.0024712451206279655
0.0024115982487031605
0.0023524873887581935
0.002293771181500017
0.0022353123701996953
0.002177064632833436
0.002119002605539623
0.002061117435681645
0.002003410490675275
0.0019458912953795831
0.001888569212327693
0.0018314587454273392
0.001774569392990486
0.001717923497277958
0.0016615425435356358
0.0016054439249499166
0.0015496647954946299
0.0014942052328470745
0.0014391252705891384
0.001384442893469982
0.0013302012599964845
0.001276442352224731
0.0012231939615521663
0.0011705179720149122
0.0011184571074812375
0.0010670626708674364
0.001016410842567322
0.0009665139140614763
0.0009174692490778234
0.0008693331782206736
0.0008221662798860293
0.0007760428950528012
0.0007310258174704807
0.0006871777721751096
0.0006445746948816487
0.0006032721665083403
0.0005633450882523123
0.000524849129456207
0.0004878431725834388
0.000452414491575628
0.00041844659515927993
0.0003861494079608204
0.0003555006395961217
0.0003265136653759388
0.0002991589628374057
0.00027348743735312544
0.0002494592328799977
0.00022704427902027472
0.0002062371089317134
0.00018726168861391698
0.00016914498761540225
0.0001527997680624393
0.00013777978425367744
0.0001241028069888852
0.00011160814306299084
0.00010025438504066533
0.00009000142374000005
0.00008068188244641951
0.00007229297242723935
0.00006470262145574679
0.00005783132707605946
0.000051773986613003556
0.00004629324526880285
0.000041355411144544184
0.000036945036201963024
0.00003303414168502007
0.000029446390289630024
0.000026236444296456157
0.000023463740726201522
0.000021027341471439534
0.000018718810960379222
0.00001669953941464379
0.000014898061084323335
0.000013282820753401692
0.000011866800829341392
0.000010582918701538827