0.0033950324086493445
0.0033950004777866965
0.0033948888236852203
0.0033946685024876916
0.003394302288325962
0.003393742577349183
0.0033929288463587105
0.0033917846168659387
0.0033902139000118285
0.0033880971466061288
0.003385286811605942
0.003381602777997943
0.003376828085046782
0.003370705676635775
0.0033629372132908605
0.003353185323231403
0.003341080888076938
0.0033262368776901382
0.0033082696259640327
0.0032868270807995025
0.0032616214984198
0.0032324617434908815
0.0031992787393292006
0.0031621377918457016
0.003121234067159869
0.0030768718444340246
0.003029432510415716
0.00297933865301716
0.0029270211520564765
0.0028728935880802074
0.0028173352435381794
0.0027606817999186834
0.002703221886810334
0.0026451975420316845
0.0025868069082835253
0.0025282079543491875
0.002469522568423007
0.002410840928744951
0.002352226346993302
0.0022937206795303443
0.0022353500539551998
0.002177130351170349
0.0021190718350893255
0.002061182546328645
0.002003470498099225
0.0019459449146160969
0.0018886165105194588
0.001831499053162335
0.0017746067441507312
0.0017179570321804653
0.0016615710753131942
0.0016054687525655829
0.0015496787599062218
0.0014942258613607831
0.0014391404229244253
0.0013844571881805193
0.0013302149152677853
0.0012764481684897754
0.0012232039979573608
0.0011705258812987783
0.0011184630123375863
0.0010670709320674215
0.0010164023119339013
0.0009665159276099144
0.0009174735453298581
0.0008693362864859569
0.00082217193898216
0.0007760470982365305
0.0007310270917127127
0.0006871802150074947
0.0006445762214044598
0.0006032775460011198
0.000563350538445404
0.0005248482912473993
0.00048783794081644875
0.0004523543913930082
0.0004184495913423423
0.00038615689831188887
0.00035550173788318607
0.0003264975778350091
0.0002991764200141331
0.0002734931119387643
0.0002494565418940282
0.00022705263447311605
0.00020622573375698712
0.00018697594241169198
0.0001691582812821581
0.00015280182770691482
0.00013780761094805917
0.00012410043560845643
0.0001116078489750641
0.00010025411394605339
0.0000899885580722214
0.00008068336622144457
0.00007223598486897068
0.00006470292915156597
0.00005788132749941296
0.000051732251462595604
0.00004630285420356941
0.00004135353364119004
0.00003693066818508591
0.00003300597540827305
0.000029441407148923796
0.00002623585418845766
0.000023461796474114575
0.000021008662649416343
0.00001871446614593607
0.000016698538958016652
0.000014863756026742107
0.000013272608664067926
0.000011867085753638067
0.000010574044819834561