0.00317497657862779
0.003174963987240806
0.0031749199519696043
0.0031748330302921973
0.003174688464829
0.0031744673082771757
0.003174145335090717
0.003173691695456824
0.003173067262198316
0.0031722226187011994
0.0031710956382714796
0.003169608616267553
0.0031676649415421313
0.0031651453409420028
0.003161903809788524
0.003157763463500576
0.003152512720212074
0.003145902451672009
0.003137645015493156
0.003127416309171026
0.003114862183834434
0.00309961040486661
0.003081288887293374
0.0030595498635982233
0.003034098202565605
0.0030047204762237837
0.0029713102404583117
0.0029338849120655276
0.0028925908586733867
0.0028476955356977053
0.0027995679120616955
0.0027486502210089525
0.0026954249009126666
0.002640380627483495
0.0025839809924635415
0.0025266389243582743
0.0024686993089588346
0.002410431250450603
0.0023520299062927403
0.002293626125742361
0.0022353007787002557
0.0021771002153970487
0.0021190499153643434
0.0020611646820529747
0.002003455173308355
0.0019459315040248836
0.001888604846065273
0.0018314884683685623
0.0017745973872534983
0.0017179492003940589
0.00166152352621311
0.0016054639400249035
0.0015496731230590583
0.0014942208162432415
0.001439136667357952
0.0013844542978767192
0.0013302113732700843
0.0012764457041609474
0.0012232018716678069
0.001170523842875016
0.0011184620359856925
0.0010670697377818282
0.0010164011955531083
0.000966514964569032
0.0009174723518837049
0.0008693402859301768
0.0008221714886624212
0.0007760464271400053
0.0007310262540460369
0.0006871802649842696
0.0006445756487111912
0.0006032772871002499
0.000563349762026577
0.0005248482564476765
0.0004878377437428464
0.0004523533324040541
0.00041845348282623803
0.00038615243697311244
0.0003555011845211432
0.000326498643666648
0.0002991728400255655
0.0002734926652248167
0.00024945354530959713
0.00022705196221259774
0.00020622597533681184
0.00018696472833150814
0.00016915940902655912
0.00015280266501518867
0.00013780500940929283
0.00012410095917514868
0.00011160814509803151
0.00010025857749498571
0.00008998920157200019
0.00008068122453116297
0.00007227186199080183
0.000064702425497346
0.00005788167276981438
0.0000517332537832196
0.00004629711787306813
0.00004135702123555774
0.000036934985579747435
0.000033005416868866405
0.000029441806471865527
0.00002623341324756599
0.00002346446698514137
0.000021011860427925143
0.0000187120230348902
0.000016700454324851323
0.000014864375158186113
0.00001327265181576705
0.000011866099916210462
0.000010582994089182119