0.003114981675044733
0.0031149722549826267
0.0031149393097206317
0.0031148742745386983
0.0031147660977099913
0.00311460057881583
0.003114359542012138
0.0031140198072237735
0.0031135519162250407
0.0031129185650264853
0.0031120726901315916
0.003110955156063417
0.00310949199828014
0.0031075911940121807
0.003105138970534535
0.0031019957255393406
0.003097991734551943
0.003092922983552764
0.003086547658490621
0.0030785841025049335
0.00306871132566482
0.003056573393934861
0.0030417890983978745
0.0030239680583854732
0.0030027336865004247
0.0029777521738652787
0.0029487649738454773
0.0029156205651201723
0.0028783001458977625
0.0028369318996893885
0.0027917898315621926
0.002743275710010082
0.002691885804860785
0.002638167148047159
0.0025826702250520087
0.0025259057224962787
0.0024683119333903125
0.002410236838660082
0.0023519354402963474
0.0022935796365761217
0.0022352757614752606
0.002177084400180154
0.0021190381563271554
0.002061155003786069
0.002003446843974338
0.0019459242132956434
0.0018885984697191024
0.0018314828005649261
0.0017745923800234777
0.0017179447532993293
0.0016615597961487836
0.0016054602445978604
0.0015496713261669885
0.0014942181633277453
0.001439134497776673
0.0013844525698103224
0.0013302095670201023
0.0012764442799117239
0.0012231972848359375
0.0011705226958334584
0.0011184613204003946
0.0010670648756523256
0.0010164044397929963
0.0009665146677857146
0.0009174716858200383
0.0008693388625016777
0.0008221668083376373
0.0007760458004381691
0.0007310261252570608
0.0006871805442257639
0.0006445760306138623
0.0006032766805497603
0.0005633491625491941
0.0005248486555658357
0.0004878359783940118
0.00045235309925781026
0.0004184516396111345
0.0003861531110733921
0.0003554996472199731
0.00032650081820799855
0.00029918649479777833
0.0002734914778130554
0.00024945406000622745
0.00022705015605782513
0.00020622638219911543
0.00018696238286243264
0.00016915966939373868
0.00015280262212311407
0.0001378053351879866
0.0001241011566880356
0.00011160943762719648
0.00010025891970600793
0.00008998971277061409
0.00008068321566628832
0.00007226496288074149
0.00006470135436083732
0.00005788411295045078
0.000051732577035697184
0.00004629668432749643
0.00004135734524031136
0.000036936001827994746
0.0000330044164106832
0.000029441533955166128
0.000026234238413515407
0.000023464242518393857
0.00002101225687548314
0.00001871042754023571
0.000016699838397503878
0.000014865268888004946
0.000013276620477408944
0.000011865827853505144
0.000010581922070883245