0.008763487463096634
0.008749855849864676
0.008702993779445061
0.008614020854544612
0.00847552519425652
0.00828356580718112
0.008039383612955434
0.007749963917758655
0.007426964295185096
0.007084340284752264
0.006735655461859402
0.006392060231185303
0.006061385734146798
0.005748224727897009
0.005454592978835007
0.0051807751332990475
0.004926096449403473
0.004689499919489634
0.004469902790535088
0.0042663602465895095
0.004078090048451742
0.0039044185928149315
0.003744700994594662
0.003598250968424975
0.0034642974346542877
0.0033419698344745157
0.003230305681240042
0.0031282714340041227
0.003034789156833936
0.002948763984585702
0.0028691106191101757
0.002794778153282761
0.0027247728613253547
0.002658186540637317
0.002594206893902887
0.002532143587029155
0.0024714344183115054
0.0024116522707768777
0.002352488832207054
0.0022937352914059825
0.0022352662637817565
0.002177018621987505
0.002118961457342923
0.0020610804608975123
0.0020033794367721415
0.0019458641941497942
0.0018885452254901213
0.00183143567248452
0.0017745503196252533
0.0017179078386692806
0.0016615269986423233
0.0016054310951424584
0.0015496409389788215
0.0014941935154908915
0.001439114569397266
0.0013844361947504254
0.0013301941408680174
0.001276430803733703
0.001223188284216623
0.0011705511339087026
0.0011184555260206328
0.001067045609915527
0.001016393030838954
0.0009665079845869151
0.0009174682690504003
0.0008693435998730532
0.0008221659893195448
0.0007760393071058994
0.0007310236284809248
0.0006871805298492414
0.000644574090596498
0.000603272513093441
0.0005633485285519769
0.0005248563682481535
0.00048783050410479846
0.00045236018433487046
0.00041844877975901715
0.0003861112334182215
0.00035549762261314504
0.0003261396398105651
0.0002991418458643632
0.000273454068272407
0.00024943768538132253
0.00022703086434120695
0.00020624587819540274
0.00018695259926593773
0.00016913881750513715
0.00015279587533869706
0.00013774286433620246
0.00012409782596069306
0.0001116091912381469
0.00010026112042683336
0.00009000457908314511
0.0000806811547814248
0.00007222945606363739
0.00006471424688478648
0.000057751897008844396
0.000051789419640632846
0.00004629754047301302
0.000041338088206697205
0.000036966170071800784
0.000033033563850279306
0.000029441731965130714
0.000026245212734698364
0.000023460721219981088
0.000021039731515093806
0.000018681907983313332
0.00001668441253491118
0.000014901892707182648
0.00001328344427810869
0.000011872560126742507
0.000010589361325688938