0.003274185178806368
0.0032741660143005844
0.0032740989944566286
0.003273966718305291
0.003273746764785298
0.003273410385943344
0.0032729208951236496
0.0032722316957341795
0.0032712838966896664
0.0032700034690221307
0.003268297919902691
0.003266052503254518
0.003263126060609871
0.003259346704133816
0.003254507727564526
0.0032483643658877933
0.0032406323101875317
0.003230989177725425
0.0032190803466937714
0.003204530538690753
0.0031869620772637685
0.003166019705667673
0.0031414002115377447
0.003112883191837197
0.003080357758398918
0.003043839660459147
0.0030034746954706293
0.002959527198821465
0.002912355842772939
0.002862381652206505
0.0028100541682643475
0.0027558209527068257
0.0027001036829250157
0.002643281831224126
0.0025856831630177387
0.002527579545168664
0.0024691867296397912
0.0024106673849778716
0.0023521370189276787
0.0022936722651811983
0.0022353205039702543
0.002177109415233875
0.002119055156353008
0.002061168392812733
0.0020034581750819195
0.001945934094473565
0.0018886069886923087
0.001831490671217878
0.001774599367750621
0.0017179505442547298
0.0016615653730384088
0.001605463745207326
0.0015496743673566462
0.0014942220126263179
0.0014391370550579684
0.0013844542448946486
0.0013302123479461397
0.0012764459325544666
0.0012232020543026896
0.0011705241951111974
0.0011184615523096722
0.0010670696714617767
0.0010164012259671993
0.000966514994603179
0.0009174727461028127
0.0008693356037879662
0.0008221713577388137
0.0007760466051331576
0.0007310266750590149
0.0006871798639210917
0.0006445759271742082
0.000603277300388157
0.0005633503360781828
0.0005248481221958543
0.0004878378091568451
0.00045235428241705803
0.0004184494992498768
0.00038615682912416035
0.0003555016778819941
0.0003264974919493505
0.0002991764983761498
0.00027349307541886086
0.0002494564352040049
0.00022705263326028592
0.00020622570874523463
0.00018697625550871894
0.0001691582713247607
0.00015280189160395393
0.0001378076361081136
0.00012410044532436894
0.00011160781927253912
0.00010025419735262374
0.00008998922054015936
0.00008068361989075521
0.0000722755444086389
0.00006470298944701638
0.000057881267991903236
0.00005173185572984871
0.00004630308143129014
0.00004135344228221367
0.000036930531178055846
0.00003300289324195166
0.000029441802081727067
0.000026235404259370125
0.000023461549713942194
0.00002100925402260389
0.000018714547834936186
0.000016699637516265805
0.00001486337540411937
0.000013279181698271142
0.000011867952642545964
0.000010572927674695953