0.008342452405967725
0.008328967914706185
0.008282619713211505
0.008194657914771298
0.008057835612901505
0.007868415325895965
0.007627885384049714
0.007343524183010899
0.007027325431584027
0.006693613636695281
0.006356332921416541
0.006026990426410032
0.005713699030790548
0.005421194171568877
0.005151426612080092
0.004904351092157943
0.004678672538809096
0.004472447779364444
0.004283524000433649
0.004109830746017184
0.003949550593205785
0.0038011922283611773
0.0036635883939415215
0.0035358418588438017
0.0034172438122957957
0.003307187407216956
0.003205093849799313
0.0031103607408358254
0.00302233494434359
0.0029403070892090903
0.0028635224650698206
0.0027912028296854276
0.00272257442211995
0.0026568982291873917
0.002593498871348738
0.002531788735506201
0.002471283839341653
0.0024116097767896438
0.002352475068197139
0.0022937640199948983
0.0022353035347835444
0.0021770556419120697
0.0021189947521711196
0.002061109975686657
0.0020034052724764904
0.0019458870071034284
0.0018885649275598012
0.0018314553443147447
0.0017745652829542803
0.0017179216190031216
0.001661539514363782
0.0016054402260308142
0.0015496707176412224
0.001494202062105637
0.0014391238786695456
0.0013844424192374233
0.0013302002469554987
0.001276446282685144
0.0012231928543124154
0.0011705179940765937
0.0011184563424865707
0.001067060484284675
0.0010164054835516757
0.0009665114600687762
0.0009174691465448739
0.0008693333740660865
0.0008221690030064831
0.0007760424160990325
0.0007310270016718504
0.0006871776324237447
0.0006445721749252437
0.0006032700910476454
0.0005633476297242109
0.0005248499636420035
0.0004878441473207016
0.00045242751213094083
0.0004184432637151913
0.00038614679273690636
0.0003555017887358397
0.00032651735690125157
0.00029915496827837023
0.00027347987832919993
0.0002494555035687789
0.00022704083965345724
0.00020623975308513583
0.00018724657820189992
0.0001691452916744083
0.00015279899122236926
0.00013777367121759433
0.0001241062196161961
0.00011160623724365899
0.0001002528734035646
0.00009000358089086423
0.00008068361085291691
0.00007229404312795928
0.0000647019548673079
0.0000578193135896596
0.00005177687300472196
0.00004628854500545667
0.00004135050091436352
0.0000369449701838991
0.000033031973876041526
0.00002944508040546377
0.000026241678720276628
0.000023461227390496346
0.000021023027866964434
0.000018712482958703597
0.000016702854390221472
0.000014904764299422157
0.000013277299618915068
0.000011869012378581656
0.00001058880701198426