0.003549336298681357
0.0035492878893232886
0.0035491186267247224
0.003548784687188301
0.0035482297872440178
0.003547382092718258
0.003546150565601714
0.0035444205984989253
0.0035420491334545875
0.003538859285863396
0.00353463483820922
0.0035291151673874114
0.0035219915241913253
0.003512906003251471
0.003501454965267732
0.003487198951218212
0.0034696810152579274
0.0034484545924421198
0.003423120267027382
0.0033933681698844692
0.003359019804020572
0.003320061048016982
0.0032766582474208967
0.003229152312499376
0.003178030822915764
0.0031238832748657166
0.003067347731612313
0.003009057483765162
0.0029495946920628743
0.0028894557360846446
0.0028290308581725085
0.0027685988552317354
0.0027083353125483735
0.002648331050786077
0.002588615679709431
0.0025291814063722806
0.0024700028058363675
0.00241105065912875
0.0023522997918509433
0.0022937321685831953
0.0022353370500448047
0.002177109808161649
0.0021190505070278532
0.002061162674013475
0.0020034526765224632
0.0019459290523725433
0.001888602584688843
0.001831486625641102
0.001774598588850638
0.0017179476456777104
0.0016615621075647753
0.0016054621067782275
0.0015496743553028132
0.0014942194441129731
0.0014391356277102245
0.001384453670675494
0.0013302107270590832
0.0012764450761464832
0.0012232008392016446
0.0011705234821267692
0.0011184623934104346
0.0010670657650366047
0.0010164014751195103
0.0009665150513849369
0.0009174732758697607
0.0008693357118053146
0.0008221744017242917
0.0007760449090409492
0.0007310254354964403
0.000687181594248216
0.0006445754482295099
0.0006032771610303732
0.0005633453100191382
0.0005248469828185593
0.0004878337702713015
0.000452363303344257
0.00041844784745432326
0.0003861494304670153
0.0003554989267548188
0.00032650677004823303
0.00029918540487826567
0.00027349036803040784
0.00024946606861800375
0.00022705740536010368
0.00020622512928082602
0.00018700625288059088
0.0001691562541442781
0.00015280047921327608
0.00013780878421928823
0.00012409659627166691
0.00011160205173292536
0.00010026430358815908
0.00008998839559576263
0.0000806882368840178
0.000072280801073106
0.0000646977392897698
0.00005787490786839064
0.00005176594603801535
0.000046314393979736785
0.000041342960073346586
0.00003693096386508134
0.00003300141473859817
0.000029445050896297644
0.00002622138102801606
0.0000234560258060103
0.000021016953481754675
0.00001872200104424507
0.00001669877063376867
0.000014859472179307431
0.000013275689062697708
0.000011868504330542403
0.000010573684869914124