0.005657216678034311
0.005655493930267144
0.005649494450522952
0.005637766590297695
0.005618590307743636
0.0055900205776683
0.00554999353993847
0.005496511207446447
0.0054279041814029975
0.005343141862769608
0.005242123118326107
0.005125855878362935
0.004996444794058813
0.004856860495029686
0.004710542154812647
0.004560944942883361
0.004411153158296124
0.004263639139149714
0.0041201870834892225
0.003981949942275077
0.003849584314747253
0.003723407436074886
0.0036035342901101037
0.0034899725397224855
0.003382670126384031
0.0032815246164912054
0.0031863700036613607
0.003096957295151295
0.0030129411016795427
0.002933878585105009
0.0028592419183858593
0.002788442046455506
0.0027208599413105134
0.0026558810469287583
0.0025929285816261045
0.0025314916250832693
0.0024711445133862547
0.0024115554922271914
0.0023524788727168973
0.002293770345512748
0.0022353165977608155
0.0021770703733125217
0.002119008184474111
0.0020611231379874307
0.002003416056684126
0.0019458963287643121
0.0018885691840323205
0.0018314615725609988
0.001774572780172627
0.0017179269777156886
0.0016615448219494075
0.00160544636882888
0.0015496624951705864
0.0014941779643429796
0.0014391261020565496
0.0013844445396400575
0.0013302050795319347
0.0012764407629267064
0.0012231947877491688
0.0011705177652167735
0.0011184576845034943
0.0010670618640579287
0.0010164062691625086
0.000966512665653957
0.0009174726080783484
0.0008693318932420811
0.000822333445027755
0.000776044377920483
0.0007310256988712718
0.0006871776426831102
0.0006445747014312752
0.0006032733976387543
0.0005633464572886897
0.0005248488352525404
0.0004878403970723875
0.00045240517248306946
0.0004184449295002862
0.00038615155897503515
0.0003554993645662221
0.0003265131728743343
0.0002991612222713264
0.00027348964473012744
0.0002494557008982367
0.0002270464024356316
0.00020623003972741006
0.00018721367195191768
0.00016914841240088546
0.0001527997536870712
0.00013778610824443532
0.00012410795358004664
0.00011160214059419798
0.00010025388160405635
0.00008999916211434105
0.00008068240238391816
0.00007228812221233447
0.00006470123718036724
0.00005784457873811445
0.00005177557166668622
0.000046292367350876365
0.00004135760860576878
0.0000369056292831937
0.000033025659997609566
0.00002944511537458799
0.000026231265108944824
0.000023467860037239973
0.000021025889538752655
0.00001872151990022954
0.00001670240558578094
0.000014900172082173924
0.000013278876162190613
0.00001186407198374023
0.000010581590182148535