0.0047145203847445355
0.0047139942802413085
0.0047121576374107195
0.004708547153826351
0.004702585627881823
0.004693568656543335
0.004680658389754741
0.00466289036245483
0.004639200943064605
0.004608483131868398
0.004569675805626689
0.0045218845649590755
0.0044645208939236136
0.004397433065927023
0.004320993338491404
0.0042361090043455
0.004144143332997031
0.004046760951660905
0.003945737481484353
0.0038427821902599045
0.003739411571061828
0.0036368879788007845
0.003536214568980939
0.003438163248613963
0.00334331152675226
0.0032520713089241936
0.0031647038911827258
0.0030813244640372907
0.0030019038626033813
0.002926274903478463
0.0028541488684294836
0.0027851395826950717
0.002718798455557869
0.002654652379962109
0.002592233710456055
0.0025311232551886156
0.002470968238612655
0.002411481157086228
0.002352460915708824
0.002293771359624061
0.0022353263389469093
0.0021770832613467375
0.002119021288396477
0.0020611339227731406
0.0020034264344976523
0.0019459069146732402
0.0018885806154534386
0.0018314677031391988
0.0017745781985223203
0.0017179329603180923
0.0016615493191395729
0.0016054513210855502
0.0015496627888641787
0.0014942000411970991
0.0014391276460479056
0.0013844484963987315
0.0013302126907465065
0.0012764408165164209
0.0012231964802463164
0.0011705192012871032
0.001118457965642428
0.0010670654580409644
0.0010164019830275837
0.0009665123517873026
0.0009174712376093605
0.0008693364986252523
0.0008221691110544396
0.0007760445100594886
0.0007310255819168549
0.0006871798613155968
0.0006445745171350265
0.0006032752313152068
0.000563345379495735
0.0005248474592049238
0.00048783719554888413
0.0004523869492092857
0.000418444558381579
0.0003861505124821848
0.0003554987230051256
0.00032651745105620087
0.0002991759400971064
0.0002734917588419372
0.00024945446702974466
0.00022704648392242344
0.00020622688305217443
0.00018713266744227274
0.00016915294438656233
0.00015279969185183332
0.00013779496197765091
0.0001241040449694461
0.00011160196193600166
0.00010026215556235936
0.00008999349899046083
0.00008069647610605072
0.00007229007041623406
0.00006469914023781374
0.0000578528941972836
0.00005177786320079347
0.0000462937031198042
0.00004134934454842621
0.000036911966459398404
0.00003312448045751917
0.000029447844204748002
0.000026231379553120375
0.000023470048244505485
0.000021026857007667233
0.000018719377806921214
0.000016701000408208554
0.000014855410605835485
0.000013276815431924616
0.000011862301830354856
0.000010578125292047134