0.0042207634668917846
0.004220533443596052
0.004219729746326014
0.0042181467451829855
0.004215523960922129
0.00421153560732067
0.004205780280292165
0.004197772332803625
0.004186937360110564
0.004172615234092533
0.004154075006854638
0.004130546239002377
0.004101270134464234
0.004065570485514734
0.004022938568579141
0.0039731188092063125
0.003916176080093928
0.0038525248473008098
0.0037829077742904654
0.0037083255782435318
0.003629934988941968
0.0035489400867565043
0.0034665000457071043
0.003383665556946386
0.0033013435036297646
0.003220281204156389
0.003141060481132579
0.003064095426246669
0.0029896322176233
0.002917756079961663
0.002848404860631772
0.0027813938229159806
0.00271644821754205
0.0026532421779695177
0.0025914328377717824
0.0025306985611295843
0.002470759667922403
0.0024113920305330887
0.0023524312700291317
0.0022937673821827476
0.0022353331546904383
0.0021770927106590046
0.0021190306807414043
0.0020611433080871752
0.0020034350671842976
0.0019459136501199749
0.00188858830723856
0.0018314799095950763
0.001774584256488989
0.0017179377248885386
0.0016615535730748591
0.00160545458778177
0.0015496654538637927
0.0014942098505849176
0.0014391268533699908
0.0013844498693400989
0.0013302097605604143
0.001276442058281528
0.0012231978524184994
0.001170520693697814
0.0011184607320324387
0.001067066679100544
0.001016400167439876
0.0009665128394542853
0.0009174711480398613
0.0008693342724297356
0.0008221711659161055
0.0007760450494992249
0.0007310257425380086
0.0006871808268229135
0.0006445753457473027
0.0006032776390633422
0.0005633488301842801
0.0005248482795411247
0.00048783581248097263
0.0004523814531273262
0.0004184833489718403
0.00038613897056502435
0.00035550326359244015
0.0003265129339548664
0.0002991732184402645
0.0002734942886375636
0.00024946696143581974
0.00022704437719630956
0.0002062236106956755
0.0001870800730658685
0.0001691568724132779
0.0001529421899194126
0.0001378021851546709
0.00012410437915231313
0.00011160610932269917
0.0001002671583026567
0.0000899882061080799
0.00008069151881656507
0.00007228711792631598
0.00006469990162844325
0.00005785950100285224
0.00005176722993819755
0.00004630431115416328
0.00004133944119261891
0.00003691912062609121
0.00003301592175826062
0.000029446978710473917
0.000026219404460231956
0.00002347058956990764
0.000021028520084139718
0.000018717129580346636
0.000016700705484514628
0.000014864052125033031
0.000013277361197237074
0.000011862055414523704
0.000010584791670346822