0.0030962923244147924
0.0030962837804136903
0.003096253898788482
0.00309619491017224
0.0030960967875162237
0.003095946643981439
0.003095727979589966
0.0030954197419948586
0.0030949951606042405
0.003094420307226315
0.0030936523312847467
0.003092637315044577
0.0030913076972259473
0.003089579221328703
0.0030873474019295385
0.0030844835336632562
0.003080830368576619
0.0030761977053064596
0.003070358322704373
0.0030630449366553926
0.003053949154084518
0.003042723698012932
0.003028989390755194
0.003012348362585527
0.0029924045160089154
0.0029687912593308013
0.0029412049039372556
0.002909440055320488
0.002873421649378603
0.002833226945130579
0.00278909183205167
0.0027413978408776553
0.0026906402470255985
0.0026373818428771204
0.002582200341176183
0.002525638772591862
0.002468167184436381
0.002410160775700874
0.0023518953746903062
0.0022935572350405906
0.0022352616227928534
0.0021770741279682378
0.0021190298663407814
0.0020611479347835875
0.002003440681009439
0.0019459187998327654
0.001888593708135208
0.0018314786023688751
0.0017745886849394321
0.0017179414996782059
0.0016615569365705796
0.0016054577073337888
0.001549668977023638
0.0014942162314145328
0.0014391333414024412
0.0013844511200029352
0.0013302082751265425
0.001276443167832782
0.0012231964766775147
0.0011705213638306994
0.0011184606144129894
0.001067064487263209
0.0010164036397529435
0.0009665141762957041
0.0009174712745058753
0.0008693384794756668
0.0008221667364825761
0.000776045540024769
0.0007310263626084351
0.0006871803656520079
0.000644575852631042
0.0006032761809612711
0.0005633490214237837
0.0005248484786378199
0.0004878358153618861
0.0004523530338506884
0.00041845147271501814
0.0003861531313804661
0.0003554996670545854
0.0003265007197373218
0.00029918652667670285
0.00027349138510586186
0.00024945393535377107
0.00022705004682107132
0.00020622638728551277
0.00018696241238687748
0.00016915962353333258
0.00015280266996775904
0.0001378053344137666
0.00012410116901173483
0.0001116094485283522
0.00010025872994823631
0.00008998994742556875
0.00008068336207338672
0.000072265155994091
0.0000647013415047655
0.00005788321766878453
0.000051732633959692094
0.00004629677181016187
0.00004135687971799941
0.00003693594380326032
0.000033004589629935295
0.000029441604229107278
0.000026233863438712646
0.000023463910275025145
0.00002101270662887998
0.000018710456147312805
0.000016699906181299575
0.000014864780871674822
0.000013278226113913359
0.000011865850168844188
0.000010581180389406873