0.0039132073135126795
0.003913084916436245
0.00391265709790882
0.003911813693678722
0.003910414108316072
0.003908280563792919
0.0039051905951947583
0.0039008691832051754
0.003894981274745529
0.003887125952555872
0.003876834159381318
0.003863572575991611
0.0038467567804930432
0.00382577679777293
0.0038000370629525985
0.0037690101977167147
0.0037322997952664934
0.0036897025112453932
0.003641256161347122
0.003587260714621998
0.003528264449092789
0.003465016827511034
0.0033983988637658466
0.0033293464235248224
0.0032587801763103645
0.003187549800194604
0.003116393699355062
0.0030459120171376806
0.002976550723905403
0.0029085967874299154
0.002842184272028032
0.002777312639953338
0.002713874643520322
0.002651691407441413
0.0025905474899239117
0.002530224582776381
0.002470525365057473
0.002411288332700369
0.0023523933626142433
0.002293759366315789
0.002235337057715874
0.002177100408089131
0.0021190389171672074
0.0020611513036748108
0.00200344227113178
0.0019459198249761496
0.0018885942457126557
0.0018314812483905766
0.0017746030616420457
0.0017179416707114622
0.0016615570462494098
0.0016054575251860837
0.001549666798382686
0.0014942147523818233
0.0014391313392035096
0.0013844514543838603
0.0013302094725646232
0.0012764432711813453
0.00122319904873906
0.0011705218089711966
0.0011184614216618986
0.001067068289726166
0.0010164014769526988
0.0009665173964970045
0.0009174712691775363
0.0008693346912069034
0.0008221820400436247
0.0007760452864849017
0.0007310252102911166
0.0006871800048105078
0.0006445762247877467
0.0006032774605290647
0.0005633510906804225
0.000524842054096565
0.0004878348776369541
0.0004523721875420746
0.0004184754468403297
0.0003861456632245049
0.0003555009749388263
0.00032650940205298596
0.00029919451872697844
0.00027349111507095667
0.00024946570526680165
0.0002270458323391089
0.00020622215544408308
0.00018704976135053988
0.00016915377449940264
0.00015280233308396422
0.00013780411751559954
0.00012410474151311026
0.00011160587141763353
0.00010026545152277253
0.00008998791305790694
0.00008068570299828124
0.00007228482179143
0.00006468656980784291
0.00005786302022066081
0.00005176395894336041
0.00004630835962314331
0.00004134113421466764
0.00003692514536248045
0.00003300582760197926
0.000029445893302417267
0.000026218884481246126
0.000023450242828282243
0.000021017579237783056
0.00001872491691790493
0.00001670167175486401
0.000014864396078238048
0.000013274768657919988
0.000011866358587307195
0.000010591691180861608