0.013756538578403308
0.013650264775837815
0.01330290076105145
0.012709953003826232
0.011923559616409608
0.011031967314851399
0.010123504572414288
0.009261758813621925
0.008480638117323708
0.007791285027049635
0.007191290059890033
0.006671754208412968
0.0062215716675258145
0.005829667339891603
0.005486019354735954
0.0051820428382663075
0.004910663594175575
0.004666245395043328
0.004444442570065806
0.004242007412806611
0.00405656970754152
0.003886407323544042
0.0037302300896476953
0.003586997186577229
0.0034557804020139637
0.003335675335212318
0.0032257541829732823
0.003125049512569842
0.0030325580720460266
0.0029472559229649442
0.0028681192899056027
0.0027941478804019352
0.0027243892951293695
0.002657964431465404
0.0025940874354089447
0.0025320865662597876
0.0024714142938781825
0.0024116510704334736
0.0023524947595633203
0.0022937445271059152
0.002235277710630448
0.0021770297914681385
0.0021189705490143157
0.002061088578345551
0.002003386245014348
0.0019458693106963046
0.0018885503543452386
0.0018314401177254999
0.0017745546309084008
0.0017179113720568583
0.0016615302723259951
0.0016054339454838404
0.0015496461385087678
0.0014941981421405445
0.001439117119458629
0.0013844363471681575
0.001330194799994215
0.001276433900163979
0.0012231872488623842
0.0011705315733091342
0.001118456447395236
0.0010670537941493226
0.0010163938493063353
0.0009665103499609575
0.0009174678623122447
0.0008693283260473249
0.0008221679653547449
0.0007760356873176028
0.0007310240816573615
0.000687180026416862
0.0006445747317427744
0.0006032743193489795
0.0005633465533859988
0.000524852279044308
0.0004878549943232219
0.00045235704328884106
0.00041845265154015623
0.0003861230038858812
0.0003554990222620536
0.00032652692462992216
0.00029915087184913
0.00027346550132397205
0.00024944458451017857
0.00022702855181629824
0.00020624517811602546
0.0001869671433924197
0.00016914649770598052
0.00015279609425474655
0.0001377586598225068
0.00012410065127940634
0.0001116058734776517
0.00010026208680813973
0.00009000204587260683
0.00008067108786225258
0.00007223049431814
0.00006471024745385254
0.000057768237375706724
0.00005178146828851005
0.00004630061342622343
0.00004135761368785247
0.00003696496509277169
0.000033017170019545046
0.000029442458969817806
0.00002624778642130984
0.00002347220713952827
0.000021039224091889857
0.00001870380681789034
0.000016703266707040624
0.000014903102893330086
0.000013278159534149399
0.000011868669869234466
0.000010596090242868823