0.006620712732369218
0.006618533463521738
0.0066109406178992145
0.00659608214426145
0.0065717414549652
0.00653537181972534
0.006484201321306923
0.006415430206235995
0.0063265275073294824
0.0062156038910431526
0.006081798276321261
0.005925584060260887
0.005748899342539248
0.005555046705361941
0.005348375843917851
0.0051338257224249305
0.004916429835750954
0.004700877701229776
0.004491191323565971
0.004290539102964201
0.004101179060201605
0.003924504522967455
0.003761156246626935
0.0036111663446952557
0.0034741061695654175
0.003349220602520472
0.003235539617520176
0.0031319652059217467
0.0030373360488034715
0.002950475149913059
0.0028702266542523732
0.002795478690482778
0.002725193000135269
0.002658420359951643
0.002594322847639427
0.0025321898023037545
0.002471443230439884
0.002411641722300218
0.002352467689561374
0.0022937111752017363
0.002235244966816182
0.002176999260998858
0.0021189422211879746
0.002061063363182658
0.002003363486210005
0.001945850181140665
0.001888533511712673
0.0018314352057813889
0.0017765810572601363
0.001717899602277962
0.001661519402683846
0.0016054245454445778
0.0015496399551724698
0.001494191260391466
0.0014391105803708232
0.0013844338808709647
0.0013301872906202731
0.0012764282523611763
0.0012231860297106539
0.0011705171365829355
0.0011184519243032972
0.0010670691570278533
0.0010164014498646391
0.0009665072573586447
0.0009174668657571879
0.0008693300845800996
0.0008221662453898967
0.0007760416048414868
0.0007310185318791767
0.0006871714221402583
0.0006445770034925445
0.0006032730793862017
0.0005633429111343827
0.0005248494338024978
0.00048783104427348314
0.0004523656670650712
0.00041844454667157457
0.00038615651907627173
0.00035549671251272104
0.0003264728712463346
0.00029913127416999834
0.0002734069319557718
0.00024947031216334184
0.00022702769165520808
0.00020624690084243503
0.00018694175821908413
0.0001691521933582359
0.00015280730373678234
0.00013770207083885926
0.00012409801804775584
0.00011160175302042232
0.00010024835893163778
0.00009001945305695974
0.00008068391117459752
0.00007224868411570628
0.00006470538698725509
0.000057703522281850065
0.00005178894368853939
0.00004631897617539888
0.00004133318794721856
0.00003697964745224709
0.00003301096027043425
0.000029422670026636015
0.000026215971047279192
0.000023468999203004174
0.000021033642943063962
0.000018686977932774165
0.00001670583702485283
0.000014906417452471272
0.000013287337423949335
0.0000118918434489953
0.000010589700830503743