0.0034337677880424034
0.0034337339018219665
0.0034336154098130863
0.0034333815933646375
0.0034329929406820927
0.003432398918595293
0.0034315352686700618
0.0034303207735392654
0.00342865346441371
0.0034264062910850488
0.0034234223641263235
0.00341951002084198
0.003414438177074588
0.0034079327145570444
0.0033996750065798933
0.0033893040518903727
0.0033764239526987362
0.0033606184434404906
0.003341473600453517
0.003318608519965521
0.003291711633538868
0.0032605778424233157
0.0032251396858515697
0.0031854854189666934
0.003141858854907145
0.0030946397745864676
0.0030443082098029436
0.0029913992557299217
0.002936456299390021
0.0028799897984526012
0.002822446760570573
0.0027641935769701065
0.002705512146534991
0.002646606858157847
0.0025876182547946366
0.0025286389533456218
0.0024697281958398053
0.002410923196575523
0.002352247083499569
0.002293714172445745
0.0022353335348657497
0.0021771115490246116
0.002119053746589503
0.0020611660930805998
0.002003455837754339
0.0019459318892151463
0.0018886051312133642
0.0018314886902869474
0.0017745989971681413
0.0017179492473708802
0.001661563643484963
0.0016054633553509356
0.0015496743643085978
0.0014942206351164732
0.0014391366999712985
0.0013844516878922788
0.0013302113223878677
0.0012764457648816404
0.0012232027253084718
0.0011705285469288884
0.0011185599726522282
0.0010670679844915025
0.0010164015044029947
0.0009665138534504963
0.0009174727354232276
0.0008693346137633383
0.0008221722229500889
0.0007760454274083369
0.0007310257774692901
0.0006871811505265237
0.0006445751930072221
0.0006032773354060808
0.0005633483003592771
0.0005248476878464504
0.00048784062302458794
0.0004523598221427292
0.00041845042979992005
0.0003861535861283847
0.0003554999294208565
0.00032650484875437074
0.0002991806564743853
0.0002734906442592271
0.00024946441055530614
0.00022705489449178769
0.00020622576339713943
0.00018699203626586352
0.00016915800684423038
0.0001527999217875256
0.00013780873470931946
0.00012409863927570575
0.00011160450715849066
0.00010026199068839886
0.00008998965925157962
0.0000806859468562928
0.00007227724689089163
0.00006469973460294336
0.00005788028915316761
0.00005173174607441418
0.00004630684004623844
0.000041341527583146186
0.000036931462532349006
0.000033001142892051874
0.00002944480269923946
0.00002621749404202233
0.00002345956105802503
0.000021015163998261766
0.00001871859502774691
0.000016699654224231745
0.000014863058866374638
0.0000132764114373595
0.000011867356742576403
0.00001057340526978837