0.003140876435131168
0.003140865715032641
0.003140828223534163
0.0031407542159513375
0.0031406311208003294
0.0031404427902160044
0.0031401685652300564
0.00313978211561956
0.00313925000833627
0.0031385299531844373
0.003137568678661669
0.0031362993772573763
0.003134638702601507
0.0031324833011221677
0.0031297059321766726
0.003126151312847901
0.0031216319579273743
0.0031159244734656694
0.003108766997453498
0.0030998587664702853
0.003088863009037761
0.003075414510280051
0.0030591330237262257
0.0030396431296763906
0.0030166000454810243
0.0029897193834463754
0.0029588072765407035
0.002923786202449983
0.0028847117571998214
0.002841776759843334
0.0027953011294532732
0.0027457083696871263
0.0026934916460527457
0.00263917401527675
0.0025832682354419915
0.0025262416356414998
0.0024684906328593984
0.0024103276356337625
0.0023519805664034546
0.0022936027137916122
0.0022352888549230527
0.002177093109737672
0.0021190448435538783
0.0020611605872176007
0.002003387128856982
0.001945928447792577
0.0018886021833617894
0.0018314860919534277
0.0017745952772417874
0.0017179473141921513
0.0016615620458824208
0.0016054623144979648
0.001549673583132867
0.0014942196876550286
0.0014391357847480365
0.0013844536351849252
0.0013302105953131751
0.0012764451285528558
0.001223197390995368
0.0011705233585800558
0.001118461801730337
0.0010670704071427312
0.0010164058613632866
0.0009665151210490917
0.0009174720393740274
0.0008692903784814342
0.0008221713847556426
0.0007760460890871357
0.000731026295375554
0.0006871802715204158
0.0006445762688029123
0.0006032771789303045
0.0005633494031269367
0.0005248487203191271
0.0004878367552650583
0.00045235320090492357
0.00041845231549268903
0.0003861528345182448
0.0003555009317742377
0.0003265007482058802
0.00029917306188401914
0.0002734917902335615
0.00024945416643822385
0.00022705029259076373
0.00020622630555464935
0.00018696316676238442
0.00016915914313377344
0.0001528026373886103
0.00013780543331350643
0.00012410113176430945
0.00011160870990515711
0.00010025919920047269
0.00008998935893487918
0.00008068362822988111
0.00007227048286224621
0.00006470160966174454
0.00005788293253827425
0.000051732380403473484
0.000046297477751852064
0.00004135725682526178
0.00003693564121353392
0.000033005605672024734
0.000029442992520822406
0.000026234185418973273
0.00002346447757314135
0.00002101163231013824
0.0000187106557218674
0.000016699795046514877
0.000014865445505114444
0.000013277050459558056
0.0000118660937816094
0.000010582117226810647