0.0049212952032237
0.004920733325353404
0.004918771643539312
0.004914914661272899
0.00490854409608526
0.004898903613606742
0.0048850904097639085
0.004866059789461129
0.004840650528376454
0.00480763917635326
0.004765829052838014
0.004714173125733698
0.004651918488571349
0.004578747670578285
0.004494882158631458
0.004401116372380282
0.004298766803857605
0.0041895470583209575
0.004075401852275368
0.0039583400272061335
0.003840296393734755
0.003723033318453189
0.003608077566337309
0.003496681909635185
0.003389803651815475
0.003288097266179571
0.0031919214604479184
0.003101360827477277
0.003016260311425269
0.002936268952360699
0.0028608887925806246
0.002789525269270136
0.002721536269344358
0.0026562775675004076
0.002593142402572787
0.002531592956639622
0.0024711811724692115
0.002411558064491363
0.002352449495878396
0.0022937509750364142
0.002235296136444663
0.002177050714496495
0.002118990961607218
0.0020611068048111466
0.0020034025248799954
0.001945884598219137
0.0018885628089042768
0.0018314534798438574
0.0017745636424934684
0.0017179201763615822
0.0016615382465705948
0.0016054391128530274
0.0015496697412105587
0.0014942012066118861
0.0014391231301034409
0.0013844417651721974
0.0013301996763593186
0.0012764457857593647
0.0012231924223505416
0.0011705176193430814
0.0011184560181013356
0.0010670602041393247
0.001016405242218141
0.0009665112527271232
0.0009174689689171938
0.0008693332223599058
0.000822168873860669
0.0007760423065393287
0.0007310269090695764
0.0006871775544592571
0.0006445721095551665
0.0006032700364759649
0.0005633475843759819
0.0005248499261396594
0.0004878441164502203
0.0004524274871290159
0.0004184432431579249
0.0003861467760997852
0.0003555017753505784
0.0003265173463903006
0.00029915495977354996
0.00027347987161454224
0.00024945549830074495
0.00022704083554879673
0.00020623974991188806
0.00018724657790424105
0.00016914528981089237
0.00015279898971714713
0.0001377736718099704
0.00012410621884434075
0.00011160623634572075
0.00010025287297066703
0.00009000364605215653
0.00008068362754066712
0.00007229405856574841
0.00006470194361119636
0.00005781931171454629
0.000051776877581227604
0.000046288582620392965
0.00004135045442718057
0.000036944982743780204
0.000033032010633084275
0.000029445012723403453
0.00002624152780197773
0.00002346118936669469
0.000021023163590894017
0.000018712458828996688
0.000016702831737506783
0.000014904753214661586
0.000013277253046520271
0.000011868990256775689
0.000010588783372509096