0.0032491761835638745
0.003249159502340878
0.0032491011652570436
0.0032489860193840835
0.0032487945308237354
0.003248501635954806
0.0032480753184148028
0.0032474748585576627
0.0032466486990675872
0.0032455318724128467
0.003244042947001819
0.003242080475398947
0.003239518978438769
0.0032362045848739187
0.003231950580481724
0.0032265333155018145
0.003219689179653575
0.0032111136655953113
0.0032004638542280474
0.0031873658630579152
0.0031714287310423807
0.003152265655762461
0.003129522268966682
0.0031029097533338264
0.0030722383857123316
0.003037445357055832
0.0029986103795400097
0.0029559543916666538
0.0029098204049090087
0.0028606400490290315
0.002808892863413629
0.002755066437164376
0.0026996238190536617
0.002642981274862249
0.0025854960890267
0.0025274621677558676
0.0024691109262957056
0.002410615770026413
0.0023520993183048003
0.002293642713677371
0.0022352960280344327
0.002177088436859393
0.0021190368525431714
0.0020611522996627084
0.0020034439912748024
0.0019459216286670286
0.001888596055173332
0.0018314806448000856
0.0017745911941493737
0.0017179430261254243
0.0016615582296977496
0.0016054585617082545
0.0015496695783920543
0.0014942170422346508
0.0014391335699671715
0.0013844500902038613
0.0013302088483307778
0.0012764429797150732
0.0012232001379038576
0.0011705258415571516
0.0011185295113654758
0.0010670677309605652
0.0010164003481421314
0.0009665136304875668
0.0009174718964210267
0.0008693343650355277
0.0008221704274598709
0.0007760464189838853
0.0007310263748227828
0.0006871804923254707
0.0006445758719190727
0.0006032768336674013
0.0005633508723858864
0.0005248476321748945
0.00048783792763843755
0.00045235836433365903
0.00041844788809577695
0.00038615381136730096
0.00035550030699041575
0.0003264985640135762
0.0002991785223450301
0.000273488122731449
0.00024946815244004586
0.00022705435314264682
0.00020622531655907047
0.00018698367179553592
0.000169158717064867
0.00015280170130529443
0.0001378088122883239
0.0001240991982599222
0.00011160737290250685
0.00010026346822934624
0.00008999040349510661
0.00008068420428356229
0.00007227719977504153
0.00006470582723893569
0.00005787937895099732
0.00005176303712832097
0.00004630407209030688
0.00004134082912742069
0.00003693332991218442
0.00003300321769245789
0.000029444096820903333
0.00002621578601446468
0.00002345988491499345
0.00002101319588696851
0.00001871562581995805
0.00001669927798440698
0.000014863649870295455
0.000013277400406668161
0.000011867836924999481
0.000010571783995946697