0.003198228842770357
0.0031982152501346048
0.003198167713379098
0.003198073880708269
0.0031979178229245417
0.003197679089825829
0.0031973315372181487
0.003196841877134044
0.003196167898902667
0.0031952563065716787
0.0031940401215951055
0.0031924356129569716
0.0031903387463079773
0.0031876211980014224
0.0031841260702907288
0.0031796635828643884
0.003174007213832349
0.003166891021815595
0.0031580091806575404
0.003147019042649821
0.003133549203839817
0.003117213905998102
0.0030976344772335107
0.0030744672432256805
0.0030474355103530157
0.00301636122048409
0.0029811904824517672
0.0029420072399176747
0.0028990313043038393
0.0028526004730015345
0.002803140217412857
0.002751126944340757
0.0026970511987198507
0.002641385636187081
0.0025845602782726827
0.00252694572455454
0.0024688441047678654
0.0024104873203990916
0.002352041846614255
0.002293618705431864
0.0022352864357717906
0.002177084507865343
0.0021190349822227997
0.0020611511600749062
0.002003443138174851
0.0019459208821327604
0.0018885953585249886
0.001831480431792171
0.0017745903557577604
0.0017179426170773782
0.0016615584053867932
0.0016054576263033501
0.0015496689995897254
0.0014942173092725153
0.0014391329391937094
0.00138445064713611
0.0013302092103623247
0.001276443199866382
0.001223199678841032
0.0011705221342923513
0.0011184597672797357
0.0010670681307272626
0.001016399898680311
0.0009665138542780007
0.0009174717692854445
0.0008693347693148239
0.0008221706471644435
0.0007760460024055563
0.0007310261659093651
0.0006871794344096803
0.0006445755674998163
0.0006032770001368741
0.0005633500907175849
0.0005248479151337282
0.0004878377899390499
0.00045235415338421963
0.0004184493875957914
0.0003861567475356931
0.00035550160506961224
0.0003264973705000608
0.00029917663450745814
0.00027349304164880385
0.000249456281529811
0.00022705264202343696
0.00020622567399932503
0.0001869767239948004
0.00016915825870619927
0.00015280198164936806
0.000137807678084183
0.00012410046220393228
0.00011160776854486833
0.0001002620013787975
0.00008998953366357845
0.00008068374802277133
0.00007227524300697931
0.00006470308605752072
0.000057880222051801915
0.00005173113176626786
0.000046303990804929354
0.00004135398656358696
0.0000369304108209094
0.00003300312107111412
0.000029443211053714286
0.000026215207232039253
0.000023461156394541795
0.000021011228091111004
0.000018711817515621267
0.00001669951192462069
0.000014861770631337046
0.000013279117032416438
0.000011867511586613269
0.000010570215006345664