0.014660550544792266
0.014553567384647208
0.014203730342880899
0.013605936266793064
0.012811584585789626
0.011908058012109571
0.01098272116452992
0.010098155634815096
0.009287321465432707
0.008560615656746162
0.007915264581438623
0.007342568991310769
0.006832322887111582
0.006375083904544919
0.005963085940583101
0.005590370985417438
0.005252520843730953
0.004946236812011757
0.004668924705095553
0.004418368554479291
0.004192518580396563
0.003989379854450193
0.0038069752745210302
0.003643345916968409
0.003496574496490503
0.003364803089080212
0.003246261581274786
0.0031392703997916217
0.0030422515403927732
0.002953728092765183
0.002872338637792551
0.002796812646151436
0.0027260109517080323
0.002658899031090865
0.0025945868501872985
0.002532326977705959
0.0024715066746978814
0.002411666543700393
0.0023524712822797804
0.002293704979565827
0.0022352378482896453
0.0021769918135788988
0.002118934709448411
0.0020610559067958593
0.00200335849945226
0.0019458491079372693
0.0018885294750413733
0.001831422663599553
0.0017745390550987184
0.0017178970486628952
0.0016615153327735948
0.0016054218572789493
0.001549637460478364
0.0014942096648388286
0.0014391084851232583
0.0013844304238401673
0.0013301702872504661
0.0012764265390603777
0.001223184292294551
0.0011705298367321885
0.0011184513494352513
0.001066920612318322
0.0010163908783396864
0.0009665108752261401
0.0009174696610030717
0.0008693337718044413
0.0008221658186007606
0.0007760431082404969
0.0007310258966123764
0.0006871778700661181
0.0006445766063847703
0.000603273994633874
0.0005633381352707436
0.000524850121373758
0.0004878321578435199
0.0004523653137059718
0.00041844547732074015
0.00038603559123371055
0.0003554970241808476
0.00032647204703679987
0.00029917970108991583
0.0002734081611565822
0.0002494652334477321
0.00022704044928985353
0.00020625726676279393
0.00018697079933300648
0.00016914962820060246
0.00015279948615088584
0.00013779931325965655
0.00012410187654137437
0.00011160893475400843
0.00010024769771380405
0.00009002848704907902
0.00008068445831655244
0.00007225291060260408
0.00006468631804185155
0.00005786719930935528
0.000051791911217219754
0.000046328902402309915
0.00004135399594839545
0.00003698337526408912
0.000032994083710417934
0.00002941825387578565
0.000026228628486416627
0.000023472400981326734
0.000021038478190413605
0.00001867742860195607
0.00001672009717569111
0.000014909544680788852
0.000013292905494541455
0.000011898506073174668
0.000010579414324490879