0.003624587839310891
0.003624533895434658
0.003624345280356647
0.003623973155059174
0.003623354787742307
0.003622410110290823
0.0036210375967107096
0.0036191094284535093
0.0036164659792110535
0.0036129097707799872
0.003608199243148952
0.0036020429673420183
0.0035940953210332367
0.003583955130204983
0.0035711692865888944
0.0035552437240046536
0.0035356641108560153
0.003511927840295398
0.0034835870592535944
0.0034502995314724216
0.0034118805916424706
0.003368346498175909
0.0033199386574035523
0.0032671205555226705
0.0032105446148827134
0.0031509929886138076
0.0030893022456399484
0.003026285009460561
0.0029626613906353298
0.002899010527744764
0.0028357464476275514
0.002773119178688862
0.00271123558010607
0.002650093845398431
0.0025896213008509156
0.002529711998180512
0.0024702545229444125
0.0024111505704566744
0.0023523241942568058
0.002293723244255755
0.002235315957485006
0.002177085987156673
0.0021190276556317697
0.0020611418243104804
0.0020034340400254982
0.00194591260387471
0.0018885878931175087
0.0018314756572461435
0.0017745981418322465
0.001717937343885539
0.00166155324364078
0.0016054541861950343
0.0015496638694728832
0.001494212186170285
0.0014391290936957293
0.0013844494923228893
0.001330207760871358
0.0012764417804714179
0.001223197752901143
0.0011705206847987875
0.0011184604485304475
0.0010670674493070218
0.0010164007529640565
0.0009665167744805868
0.000917470736300423
0.0008693342360925173
0.0008221816526130333
0.0007760449578079231
0.0007310249324857907
0.0006871797709181609
0.0006445760286769096
0.0006032772968140072
0.0005633509547561049
0.0005248419415762971
0.0004878347850707678
0.00045237211331095495
0.00041847539394694323
0.0003861456131928016
0.0003555009345921539
0.0003265093710258119
0.00029916567919448884
0.0002734910960462371
0.00024946569615077167
0.0002270458202170426
0.00020622214057657468
0.00018704992749888074
0.0001691537681304756
0.00015280236742644051
0.0001378041198521646
0.00012410473957139974
0.00011160586667089191
0.00010026545014591157
0.00008998810569159315
0.0000806858026660317
0.00007228488513153056
0.00006468652048534029
0.000057862999852439554
0.00005176395641698991
0.000046304538011063735
0.00004134085268954391
0.00003692512526614886
0.000033005937508073316
0.000029445678642513828
0.000026218443341530905
0.000023450094738228324
0.000021018003347742583
0.00001872489339018708
0.00001670163457385609
0.0000148645435100827
0.000013272098184991
0.000011866307304292737
0.000010592951807946669