0.0033129205582036535
0.00331289943834008
0.003312825580588716
0.0033126798091864477
0.003312437417145624
0.0033120667271936237
0.0033115273174391347
0.003310767852411589
0.00330972346109556
0.0033083126135049655
0.0033064334724268556
0.003303959746102162
0.003300736152641051
0.003296573742058149
0.003291245520856211
0.003284483094548869
0.003275975374810704
0.003265370743476174
0.0032522843211823358
0.0032363119778540585
0.003217052212377661
0.00319413580459151
0.003167261158060114
0.0031362308189581876
0.0031009825461461925
0.0030616075906115883
0.0030183503948578577
0.002971587801534227
0.0029217909901103583
0.002869477862578899
0.0028151656852967418
0.0027593327297582484
0.0027023939426496723
0.002644691147351425
0.0025864945095288496
0.002528010544165098
0.0024693923570565887
0.0024107496528094526
0.00235215775543395
0.002293665758095673
0.0022353039848808033
0.002177090613088228
0.0021190370678531864
0.002061151939564688
0.0020034435147369624
0.0019459210690722822
0.0018885956093876329
0.001831480308340403
0.001774591620768031
0.0017179427594450924
0.001661557941196306
0.001605458348007268
0.0015496699717602988
0.001494216786367767
0.0014391333321113462
0.0013844487446064086
0.0013302087550489427
0.001276443528959005
0.0012232007816538974
0.0011705268670348901
0.001118558616038587
0.001067066723886051
0.0010164004184454716
0.0009665129204427993
0.0009174719361232293
0.0008693339310764871
0.0008221716418109468
0.0007760449342321212
0.0007310253607449815
0.0006871807996585793
0.000644574898828189
0.0006032770898444712
0.0005633480970483315
0.0005248475189882555
0.0004878404905475224
0.00045235971353172545
0.0004184503388826645
0.00038615351563426416
0.0003554998683401964
0.0003265048037198573
0.0002991807348431934
0.00027349061671290545
0.00024946440662263635
0.0002270549047885347
0.00020622573970288058
0.00018699235161417015
0.00016915799782798055
0.00015279998227236545
0.00013780875880614946
0.00012409863544242706
0.00011160447719315752
0.00010026199219954493
0.00008999021118545442
0.00008068619291238287
0.00007227737898328639
0.00006469971921896888
0.00005788026310300276
0.00005176354424842617
0.00004630705433834118
0.0000413412115038959
0.000036931392558211465
0.00003300130726388114
0.00002944364858134791
0.000026216820079765192
0.000023458417357293055
0.00002101581778515085
0.000018718637335848752
0.000016698786337040385
0.000014861835899917856
0.000013276857341423166
0.000011871470970118979
0.000010573622413696943