0.0034941729095955528
0.003494135182601328
0.0034940032600738564
0.0034937429404740816
0.003493310230571891
0.003492648862816814
0.0034916872818006174
0.0034903350387926416
0.003488478560985474
0.0034859763179534496
0.0034826535064027895
0.0034782965333649118
0.0034726478157940483
0.0034654017426108646
0.003456203071984047
0.003444649334260135
0.0034302996461755397
0.0034126913924517567
0.0033913668898481533
0.0033659097079276334
0.003335988380222378
0.003301402043837747
0.0032621198131542917
0.0032183045651582943
0.0031703134098455704
0.003118671578835855
0.0030640226146597437
0.0030070635052824863
0.0029484768652768673
0.0028888724395316496
0.0028287468997778174
0.0027684663863156286
0.0027082702593181707
0.002648291096396536
0.0025885826774884662
0.0025291495284587074
0.002469971380495328
0.0024110204968213617
0.0023522717160075323
0.0022937066349353065
0.002235314164003416
0.002177089446915298
0.002119032475450204
0.0020611467129213316
0.0020034385331497697
0.0019459165665637055
0.0018885915642893917
0.0018314774432787282
0.001774593192434681
0.001717939831261628
0.0016615555449669508
0.001605456077082265
0.0015496662424897927
0.0014942146138524392
0.0014391313396852324
0.001384449781263049
0.0013302114248550671
0.0012764422895289965
0.0012231986862325716
0.0011705216511134812
0.001118460833612462
0.0010670678095719551
0.001016400796323507
0.0009665142687009856
0.0009174716348911081
0.0008693348842488579
0.0008221764707240943
0.0007760448809535584
0.0007310241341485045
0.0006871840994529197
0.0006445759606606725
0.0006032772012853229
0.0005633449837933915
0.0005248442648259855
0.00048783391135572316
0.0004523664759680513
0.0004184477231162356
0.0003861495391883872
0.0003555008600024594
0.00032650650951323017
0.000299188896774965
0.0002734902371130532
0.0002494626249059315
0.00022704907191002907
0.0002062237907067305
0.00018702515453571428
0.0001691563708604182
0.0001528014782507105
0.00013780194332713416
0.00012409812060736074
0.00011162574655522575
0.0001002649478680786
0.00008998672251793581
0.00008068848521522004
0.00007228902891226172
0.0000646852842760266
0.00005786973097175688
0.00005176460936766131
0.00004631586325209461
0.000041336470627838626
0.00003693052657541102
0.00003300357813253379
0.000029446411523147914
0.000026215696547242447
0.000023454787090775097
0.00002101581908217394
0.00001872549912841794
0.00001670005640399819
0.000014855873150725214
0.000013277589233949624
0.000011869712064316186
0.000010570936935283019