0.008763487463096634
0.008749855849864676
0.008702993779445063
0.008614020854544612
0.00847552519425652
0.00828356580718112
0.008039383612955434
0.007749963917758655
0.0074269642951850946
0.007084340284752264
0.0067356554618594015
0.006392060231185303
0.006061385734146798
0.00574822472789701
0.005454592978835007
0.0051807751332990475
0.004926096449403473
0.004689499919489634
0.004469902790535088
0.0042663602465895095
0.004078090048451742
0.0039044185928149315
0.003744700994594662
0.003598250968424975
0.0034642974346542877
0.003341969834474516
0.003230305681240042
0.0031282714340041227
0.003034789156833936
0.002948763984585702
0.0028691106191101757
0.002794778153282761
0.0027247728613253547
0.0026581865406373173
0.002594206893902887
0.002532143587029155
0.0024714344183115054
0.0024116522707768777
0.002352488832207054
0.0022937352914059825
0.0022352662637817565
0.002177018621987505
0.002118961457342923
0.0020610804608975123
0.0020033794367721415
0.0019458641941497942
0.0018885452254901209
0.00183143567248452
0.0017745503196252533
0.0017179078386692806
0.0016615269986423233
0.0016054310951424584
0.0015496409389788215
0.0014941935154908915
0.001439114569397266
0.0013844361947504254
0.0013301941408680174
0.001276430803733703
0.001223188284216623
0.0011705511339087024
0.0011184555260206328
0.0010670456099155271
0.0010163930308389544
0.0009665079845869148
0.0009174682690504003
0.0008693435998730532
0.0008221659893195447
0.0007760393071058995
0.0007310236284809248
0.0006871805298492414
0.000644574090596498
0.000603272513093441
0.0005633485285519769
0.0005248563682481535
0.00048783050410479846
0.00045236018433487046
0.0004184487797590172
0.0003861112334182215
0.00035549762261314504
0.0003261396398105651
0.0002991418458643632
0.000273454068272407
0.00024943768538132253
0.00022703086434120698
0.00020624587819540274
0.00018695259926593773
0.00016913881750513717
0.00015279587533869706
0.00013774286433620246
0.00012409782596069306
0.00011160919123814687
0.00010026112042683336
0.00009000457908314512
0.00008068115478142483
0.00007222945606363739
0.00006471424688478648
0.000057751897008844396
0.000051789419640632846
0.000046297540473013025
0.00004133808820669722
0.00003696617007180078
0.000033033563850279306
0.00002944173196513071
0.000026245212734698367
0.000023460721219981088
0.00002103973151509381
0.00001868190798331333
0.000016684412534911188
0.00001490189270718265
0.00001328344427810868
0.000011872560126742507
0.000010589361325688938