0.0031258964638903874
0.003125886615104146
0.0031258521705197
0.0031257841759672242
0.003125671077667977
0.0031254980310199305
0.0031252460372850283
0.0031248908697895554
0.0031244017451609834
0.00312373968965855
0.0031228555471328337
0.003121687575769909
0.0031201585890084332
0.003118172617076618
0.00311561110689098
0.003112328749405067
0.003108149136598867
0.0031028606154288266
0.003096212941141514
0.0030879155853309466
0.0030776388864813937
0.003065019444448966
0.0030496711837406775
0.0030312032071824722
0.0030092446584746193
0.0029834753455633516
0.0029536589999769164
0.002919674286675022
0.0028815377626266237
0.0028394135340674073
0.002793606500218939
0.0027445392425565957
0.0026927158350212254
0.002638678206413799
0.002582961732654887
0.002526056483081202
0.0024683791743303303
0.0024102586615256695
0.0023519350542308966
0.002293569905659619
0.0022352631056024724
0.0021770716442301745
0.0021190263439294812
0.002061144402649532
0.0020034374357116532
0.0019459159065445628
0.0018885911120641887
0.0018314763745878755
0.0017745867418774712
0.001717939835636832
0.0016615554677542302
0.0016054567152755858
0.0015496667806850133
0.0014942152587566811
0.0014391318036905659
0.001384450044434424
0.0013302076656738018
0.0012764424747132312
0.0012231990679127897
0.0011705214075107325
0.0011184599247427685
0.0010670679168113726
0.0010163996269333723
0.000966513616843023
0.000917471197473105
0.000869339412912994
0.000822170648383878
0.0007760457165140465
0.0007310256516154744
0.0006871797562368074
0.0006445752232041372
0.0006032769321036123
0.0005633494834681185
0.0005248480058360668
0.00048783759960122677
0.00045235318518266603
0.00041845345206526234
0.0003861522657543599
0.0003555010962925615
0.0003264984672394642
0.0002991730246729618
0.0002734926702391159
0.0002494532860587088
0.00022705200428460744
0.00020622631728806412
0.0001869652823538768
0.00016915941185979749
0.00015280279139222715
0.000137805054168801
0.00012410118589627298
0.00011160801084103629
0.00010025832284194514
0.00008998940766091854
0.00008068226464280514
0.00007227221157984527
0.00006470136202630081
0.00005788154241190192
0.00005173320041740337
0.000046297319982701015
0.00004135618125509947
0.000036934657557273865
0.00003300545052672503
0.000029441541462198122
0.00002623430540606742
0.000023463504531971708
0.000021011651900762433
0.000018711721303571536
0.000016698804308022824
0.000014863144206173898
0.000013279472125997124
0.000011866220061272645
0.000010581142871882782