0.003237593219443448
0.0032375776573249646
0.003237523233264554
0.0032374158078411416
0.0032372371493882934
0.0032369638571572994
0.0032365660245994086
0.003236005590371593
0.003235234320184851
0.0032341913620023985
0.0032328003238502223
0.003230965842982545
0.003228569655153948
0.0032254662439541062
0.0032214782658780655
0.003216392121300926
0.00320995428540233
0.0032018693238888896
0.0031918008648056796
0.003179377098263588
0.0031642024786048806
0.003145876985371156
0.0031240233155298298
0.00309832059221473
0.0030685407575840556
0.0030345814225647325
0.0029964877208635177
0.0029544566885640893
0.0029088214070025413
0.0028600174268189837
0.0028085388478636584
0.002754893623947073
0.002699566258505878
0.002642992243521599
0.0025855442606109525
0.002527527604860673
0.0024691816347681317
0.0024106850453297136
0.0023521638250106336
0.002293701140332288
0.0022353481806407184
0.0021771346594576953
0.002119077694801997
0.002061188342713642
0.002003475798809625
0.001945949601006704
0.001888620791967033
0.001831502517060026
0.0017746111952344696
0.0017179599906627595
0.0016615730979602698
0.0016054716663443183
0.0015496816641064055
0.0014942270321426838
0.001439142300566508
0.0013844565741146177
0.0013302155953462246
0.0012764494869026571
0.0012232059652985312
0.0011705313868934576
0.0011185629684298652
0.0010670700794654085
0.0010164033141959168
0.0009665154048596322
0.0009174740686961983
0.0008693357476934764
0.0008221731928337009
0.0007760462470847658
0.0007310264703359817
0.0006871817365504973
0.0006445756818413796
0.0006032777447404717
0.000563348642271953
0.0005248479653027682
0.00048784089143953354
0.00045236004602140686
0.0004184505951997882
0.00038615371712817355
0.00035550002428603626
0.0003265049447964601
0.00029918105283383587
0.00027349070393699543
0.0002494647341082735
0.0002270550149042059
0.00020622575966234153
0.00018699296817237764
0.0001691580185480751
0.00015280008991103622
0.00013780883087311503
0.0001240986407606621
0.00011160441599799531
0.00010026192430284339
0.00008999119422149932
0.00008068656643999616
0.00007227828564963807
0.00006469970276969003
0.00005788020484459503
0.00005176351032331601
0.000046307361852482625
0.00004134287052357147
0.000036931236011595225
0.000033001532042703274
0.000029443184233326734
0.00002621597972287986
0.000023457793598819814
0.000021014107542241418
0.00001871875248990456
0.000016698502357199545
0.000014860098676813331
0.00001328186160507131
0.00001187158942621848
0.000010573952346641823