0.003469171458262322
0.0034691382156028052
0.003469021969229986
0.0034687925623928355
0.0034684111759411248
0.0034678281066552147
0.0034669800515888757
0.003465786827614586
0.0034641474702885346
0.003461935691933611
0.003458994747695871
0.003455131876609129
0.003450112672051268
0.0034436560117571424
0.0034354305521201584
0.003425054249475951
0.003412098844782244
0.0033961015848238867
0.0033765863909224598
0.0033530958731477142
0.0033252336934508917
0.0032927137327918516
0.0032554088149133447
0.0032133886412756634
0.0031669358661184414
0.0031165323272969126
0.003062814309593708
0.0030065041171346697
0.002948331940517964
0.002888964744404589
0.002828954551127565
0.0027687137879908556
0.002708515901045586
0.0026485160815821846
0.0025887808219471177
0.0025293213271657317
0.002470119931165926
0.002411149302059825
0.0023523839028279933
0.0022938048268620194
0.0022354004305312303
0.002177165397608512
0.0021190994431218757
0.002061205723684337
0.0020034905961108782
0.0019459625587295217
0.0018886319755125893
0.0018315145362553132
0.0017746324321663964
0.0017179675020089068
0.001661579770678206
0.0016054774949557234
0.00154968432343268
0.0014942301137191446
0.0014391447855955969
0.0013844632109313198
0.0013302197345104777
0.0012764522075674484
0.0012232068180553256
0.0011705285498728707
0.001118467259130139
0.001067073329945637
0.0010164058232917323
0.0009665211365047264
0.0009174744658168591
0.0008693374201819979
0.0008221843929086411
0.0007760472581039582
0.0007310268752708836
0.0006871814076216579
0.0006445774035773572
0.0006032784438675615
0.0005633519145114372
0.0005248427114104596
0.00048783543611183295
0.00045237269789073775
0.00041847591362098656
0.00038614593719605433
0.0003555018475705019
0.00032650961628892674
0.0002991658561320518
0.00027349124237182796
0.0002494658357065371
0.00022704589709992738
0.00020622218587732047
0.00018705050282536692
0.00016915379418133648
0.00015280246015997198
0.00013780415094578514
0.00012410476959526668
0.00011160585634644875
0.00010026546289692464
0.00008998838167967663
0.00008068599184803002
0.00007228569530163571
0.00006468797017984386
0.000057862905892863215
0.00005176394283728898
0.00004630471892660639
0.000041340602543937434
0.000036926877209587716
0.00003300653315650083
0.000029445367063585012
0.000026218003025314017
0.00002345075441580624
0.000021018630848152756
0.000018725315541844973
0.00001670160443928583
0.000014863639244262724
0.00001327233732809026
0.000011865696141182206
0.000010592584405399911