0.003078093521014492
0.0030780857795145483
0.0030780587043162493
0.0030780052547734913
0.003077916342882579
0.00307778028600139
0.0030775821211750103
0.0030773027487430694
0.0030769178667658013
0.0030763966513751894
0.0030757001320709646
0.00307477920639917
0.0030735722373434653
0.0030720021822982263
0.0030699732195474676
0.0030673668738605167
0.0030640377075708686
0.0030598087438792514
0.0030544669628499873
0.0030477594125561617
0.0030393907958819826
0.0030290237191973406
0.003016283118139147
0.0030007665583815053
0.0029820619588101964
0.0029597735665969844
0.0029335555439308713
0.0029031503309435436
0.0028684264345288342
0.002829408308284726
0.0027862906097450408
0.0027394311415866353
0.002689321133378734
0.002636537026406426
0.0025816826893881833
0.0025253332663232263
0.0024679908402513574
0.0024100583182711756
0.0023518328489829654
0.0022935154403633806
0.002235230573484662
0.0021770490182766184
0.0021190085176804024
0.002061129355072094
0.002003353575889169
0.0019459044383308684
0.0018885810445767295
0.0018314674803130353
0.001774578896383241
0.0017179329053980206
0.0016615493809815425
0.0016054512219228622
0.001549663915535843
0.0014942111387308138
0.0014391283004285308
0.0013844470746079277
0.0013302048929568356
0.0012764401584215693
0.0012231927877123675
0.0011705196121412583
0.00111845853848785
0.0010670676523750154
0.0010164038426051258
0.0009665130698272544
0.0009174702655934487
0.0008693383741367036
0.0008221700872971171
0.0007760450062961002
0.0007310252405204893
0.0006871794788006544
0.0006445756694137283
0.0006032766289201003
0.0005633490318328377
0.0005248475674064953
0.0004878367154895482
0.00045235302131665256
0.0004184525483003928
0.00038615240231479824
0.00035550078558485354
0.0003265010367201881
0.00029917382733379323
0.00027349246080448074
0.00024945344364431986
0.00022705036598491944
0.00020622619184872647
0.00018696852644062084
0.00016915921419135825
0.00015280302056057334
0.0001378050524346323
0.0001241010716365709
0.00011160823479010398
0.00010025880676958059
0.00008999015909164586
0.00008068512768416968
0.00007227264043874417
0.00006470255779490975
0.000057882392233557705
0.00005176331736484097
0.000046297517909260455
0.00004135627957190956
0.00003693468712163934
0.000033006227836723055
0.00002944053957454965
0.000026212192665425063
0.0000234627242415525
0.00002101190627290354
0.000018709611067659936
0.00001669635898873145
0.000014859531204115949
0.000013288929657478144
0.000011866828011371756
0.000010581775544850324