0.00306688741808528
0.003066880110542057
0.0030668545529660704
0.003066804098916988
0.003066720168577996
0.0030665917313693206
0.0030664046573078392
0.003066140906172041
0.003065777517465975
0.003065285357674685
0.0030646275748824146
0.003063757705455455
0.0030626173748607498
0.0030611335381835365
0.003059215214228949
0.003056749709417707
0.003053598359610868
0.0030495919325502423
0.00304452596339294
0.003038156509602207
0.0030301970930155793
0.0030203179417063065
0.003008149005218263
0.002993288489225962
0.002975318659706601
0.002953830155397315
0.0029284547757823763
0.00289890458131268
0.00286501241550189
0.002826766410189911
0.002784329876863742
0.0027380393257879763
0.0026883777813765963
0.002635926460633827
0.0025813041393511846
0.002525106500895868
0.002467857233352736
0.0024099784748881077
0.0023517824144895674
0.002293480566082355
0.00223520400777916
0.0021770272367876505
0.002118989888245941
0.0020611131096166316
0.002003410093152954
0.0019458918653898485
0.0018885699742036983
0.001831457704321252
0.0017745702867561267
0.001717925316651537
0.001661542709552496
0.0016054452851492805
0.0015496583107487056
0.0014942066268664668
0.001439124395638274
0.001384443709364327
0.00133020187122006
0.001276437570205884
0.0012231910287129864
0.0011705176388152288
0.0011184569097973758
0.0010670659436201875
0.0010164017803077892
0.00096651190429285
0.0009174692930630901
0.0008693373944650149
0.0008221643473017009
0.0007760443439341997
0.0007310248850800817
0.000687179526940601
0.000644575229334263
0.000603276358600159
0.0005633486724212393
0.0005248481035401673
0.0004878361822464548
0.0004523528597141335
0.0004184520270713274
0.00038615251864732215
0.00035550049491141125
0.00032650040723930887
0.0002991735064380583
0.0002734916913965471
0.00024945324403134495
0.0002270503976937106
0.0002062262318075736
0.00018696814580567258
0.00016915908595618978
0.00015280303838150703
0.0001378055852687035
0.00012410105431084038
0.00011160846236576756
0.00010026638296258571
0.00008999040507607876
0.00008068511803129885
0.00007226486490218173
0.00006470218376407071
0.00005788295390833394
0.000051763772671576886
0.000046297709750065415
0.00004135627606364617
0.00003693477108350602
0.00003300659457814355
0.000029440224455410302
0.000026211501921626762
0.000023463021493436885
0.000021012526884894358
0.000018709475988882044
0.00001669553482750405
0.000014859888352442126
0.000013288715287325297
0.00001186646546213463
0.000010581860086748429