0.003298443881959619
0.003298424459187259
0.003298356535090695
0.003298222469331682
0.003297999525607728
0.003297658539098629
0.0032971622602400493
0.0032964633649557743
0.00329550194659037
0.0032942025978104188
0.0032924709198275735
0.0032901895057255866
0.003287213454557734
0.00328336559299688
0.0032784317534259293
0.0032721567031287757
0.0032642416411534816
0.0032543445534162873
0.003242085069512364
0.003227055649779052
0.0032088407183377427
0.003187044469375362
0.0031613263027668974
0.003131440265871184
0.0030972720761902606
0.0030588654233760287
0.0030164296539854627
0.00297032439778352
0.0029210225868928205
0.002869059501589326
0.0028149791960881895
0.0027592894584169752
0.0027024322363978907
0.0026447710284054405
0.002586591648319248
0.0025281110600107273
0.0024694889019057933
0.0024108387631282023
0.0023522381889911053
0.0022937374744096653
0.0022353675311100056
0.0021771467551909857
0.002119086618617549
0.002061195644148079
0.002003482094819836
0.0019459551076454638
0.0018886256040752906
0.0018315069397160893
0.0017746165055280512
0.0017179634196373746
0.0016615759860075599
0.0016054743047945342
0.0015496850690303037
0.0014942288303316932
0.0014391438445957331
0.0013844608527645672
0.0013302169957372936
0.0012764505361012157
0.0012232055867315657
0.001170527601594496
0.0011184659602396097
0.001067068835421593
0.0010164041300726957
0.0009665173321146634
0.0009174752327027139
0.000869337380062806
0.0008221758296481661
0.0007760461113494113
0.0007310264519243907
0.0006871824545718275
0.0006445761668134878
0.0006032777610522886
0.0005633458013414568
0.0005248469725969595
0.00048783410960834235
0.0004523636196042183
0.0004184480731847464
0.00038614959442665836
0.0003554990666878601
0.0003265069058000145
0.00029918578765610087
0.0002734904486698493
0.0002494662028955993
0.0002270575314270369
0.00020622513625529113
0.00018700708856038897
0.00016915626762546476
0.0001528006315465122
0.00013780898901514832
0.00012409659463325455
0.00011160197653021287
0.00010026432051924149
0.00008998899262225523
0.00008068878220256021
0.00007228110970772322
0.00006469765775059816
0.00005787503734782569
0.000051765927606404134
0.00004631322626670797
0.00004134237142596899
0.000036930874623973974
0.00003300158966580074
0.000029444337080550973
0.000026219583825225646
0.0000234553941831403
0.000021017139364598267
0.00001872207629437442
0.00001669754070570543
0.00001485731713894873
0.000013275408023498827
0.000011867996668291477
0.000010573270721606559