0.0033742029074442744
0.003374177922054546
0.003374090547224399
0.003373918101832035
0.003373631368506228
0.0033731928984875904
0.003372554925575943
0.0033716568228489576
0.003370422039387748
0.003368754469696242
0.0033665342438039076
0.0033636129924721724
0.0033598087543236796
0.003354900867482108
0.003348625461356305
0.0033406723650052134
0.0033306851513161817
0.003318265458441777
0.0033029842258098974
0.003284401369928935
0.0032620950941905673
0.003235700092493502
0.003204951152926908
0.003169725441768028
0.003130074250867214
0.003086234783141464
0.003038615752173795
0.002987756868372484
0.0029342696491137413
0.0028787724282989895
0.0028218332098646757
0.00276393092523631
0.0027054386654728102
0.002646626867028338
0.0025876790999339963
0.0025287137307848373
0.0024698041240393768
0.002410994690907618
0.0023523120726715516
0.0022937722489308563
0.0022353850207575457
0.002177157018798207
0.002119093869792472
0.002061201451426329
0.002003487004058564
0.0019459593847161295
0.0018886293500627186
0.0018315107660047637
0.001774622569794282
0.0017179656814548159
0.0016615782829814028
0.0016054760561161766
0.0015496837759159299
0.0014942299823015295
0.0014391447918253148
0.001384461537955314
0.001330221695483565
0.0012764512261640973
0.0012232064568431593
0.0011705283934093438
0.0011184666710287424
0.0010670728497516413
0.0010164051418930693
0.0009665180014440602
0.0009174748331579639
0.0008693376142862345
0.0008221788096742996
0.0007760468519144969
0.0007310257966660633
0.0006871855131243121
0.0006445771390110364
0.0006032781841404674
0.0005633457919822667
0.0005248449281148815
0.0004878344674412746
0.0004523669716226828
0.00041844809266872374
0.0003861498234084205
0.0003555011000765307
0.0003265067160862189
0.0002991892240144534
0.0002734903616641602
0.0002494627443246301
0.0002270491450487223
0.00020622382820930965
0.0001870257175173235
0.00016915639780161799
0.00015280157484761226
0.0001378019660555399
0.00012409813077517536
0.00011162584584876586
0.00010026495745948183
0.0000899870267837405
0.00008068877418476508
0.00007228923462085992
0.00006468516343520197
0.00005786884768135469
0.00005176459583103529
0.00004631521780873557
0.00004133681944941831
0.00003693047634104031
0.00003300376042781606
0.000029446062693895135
0.000026219803196478292
0.000023454867486681958
0.000021016601388059994
0.000018725423095572203
0.000016700095753011632
0.000014855100648998754
0.000013277248666819798
0.00001187028604662544
0.000010572828871902597