0.003095215406402968
0.003095206972943522
0.003095177477858142
0.0030951192519979207
0.0030950223972318293
0.003094874191620161
0.0030946583449055765
0.0030943540698553326
0.0030939349287744536
0.00309336740825375
0.0030926091697583294
0.0030916069204759283
0.003090293850365933
0.0030885865914078384
0.003086381679374957
0.0030835515451867056
0.0030799401427708197
0.003075358445005983
0.003069580232094258
0.0030623388222843937
0.003053325737095587
0.003042192597496939
0.0030285577886052517
0.003012019489774656
0.002992176245683841
0.002968655233828242
0.002941146653936265
0.0029094404585859584
0.0028734594845336433
0.0028332821919746414
0.0027891485072149493
0.0027414456506145934
0.0026906746267223764
0.002637402682211789
0.0025822101195388664
0.0025256408442741298
0.002468173449743319
0.0024101559204574665
0.0023518896899251585
0.0022935515386277097
0.002235256298564692
0.002177069308279515
0.0021190255685656343
0.0020611441250707446
0.002003437312022287
0.0019459158362195076
0.00188859106581192
0.0018314763433430878
0.0017745867204960867
0.0017179398212040374
0.0016615554579255906
0.0016054567227473478
0.0015496667761143214
0.0014942152560466833
0.0014391318002150398
0.0013844500319502198
0.0013302076654669345
0.0012764424728052709
0.0012231990778596696
0.0011705214072659637
0.0011184599148277275
0.0010670679181490218
0.0010163996262561386
0.0009665136161975764
0.0009174711986721168
0.0008693396248315148
0.0008221706454076923
0.0007760457227823682
0.0007310256499333323
0.0006871797498514522
0.0006445752215377301
0.0006032769313023878
0.0005633495231170712
0.0005248479875353747
0.0004878377303831595
0.00045235322068447505
0.0004184505432892278
0.00038615214361279154
0.0003555010960090459
0.0003264982815261044
0.00029917444501371244
0.0002734927947469235
0.0002494529372873153
0.00022705213121236364
0.00020622628433338672
0.00018696962866716273
0.00016915944684514349
0.00015280298670120106
0.00013780513253864384
0.0001241012619522536
0.00011160777726798225
0.00010025800274464635
0.00008999008801843568
0.0000806828188275553
0.00007227286287057674
0.00006470163336287815
0.000057882082482621094
0.000051765221072864655
0.00004629755272216806
0.00004135599287061373
0.00003693341191243277
0.00003300463537817288
0.000029440385045765572
0.000026213657052965592
0.00002346404546527825
0.00002101398302987218
0.000018710090867585658
0.000016697965783301893
0.000014860051981134134
0.000013284095522591324
0.000011867216337403441
0.00001058153409495715