0.016028722539180994
0.01591862564813768
0.015557997925096118
0.014939344952713457
0.014111542819985976
0.01315964236852742
0.012169341877465462
0.011202781858007244
0.010294199772645196
0.009457205927253725
0.008693945173628608
0.008001644097092298
0.007376047954470411
0.006812735800559676
0.006307387537112711
0.005855711707747732
0.0054533665785330915
0.005095967076329489
0.004779159291857333
0.00449871717017552
0.0042506295637392034
0.004031161409266825
0.0038368859686912283
0.003664691943121743
0.0035117724607126
0.0033756079643619662
0.003253933719037401
0.003144713731773303
0.003046111942028069
0.002956470370997439
0.002874287093158771
0.002798206976928741
0.002727014857915391
0.002659636594142047
0.002595142906852208
0.002532759171394628
0.002471849676417388
0.002411955287356795
0.00235270325701277
0.002293913246217108
0.0022354179257203523
0.002177151768840657
0.0021190746363139905
0.002061180586551486
0.0020034605674365126
0.0019459319592470645
0.0018886127472460272
0.0018314926266143946
0.0017746037498788374
0.0017179863220926628
0.0016615597727914408
0.0016054673928891366
0.0015496749121259995
0.0014942245591543762
0.0014391396199025825
0.001384455925355359
0.0013302345399472495
0.0012764483193472601
0.0012232006073265018
0.0011705214980635955
0.0011184663182840272
0.0010670794293628652
0.0010164047069221652
0.0009665304882350703
0.0009174692324717117
0.0008693288659880077
0.0008221652003388636
0.0007760605252487851
0.0007310414568928253
0.0006871827022344268
0.0006445683790951947
0.0006032765698738515
0.0005633463729041006
0.0005248445441713252
0.0004878395196835795
0.00045235559003113787
0.0004184415774865652
0.0003861640536686711
0.00035550105229455024
0.00032643251232937845
0.0002992299073026664
0.0002734785218208963
0.0002495692110838723
0.00022699972981613515
0.00020631620737777279
0.00018691895307750144
0.00016916681754259775
0.00015273977064365595
0.00013783191761930648
0.00012413506020432632
0.00011163250196363466
0.00010026942487694928
0.00009006093663926974
0.00008068867094611224
0.00007228645573393105
0.00006474915768874055
0.00005785171129546314
0.000051785270844152905
0.00004633135302358199
0.000041368774039663224
0.000036973675167010374
0.00003299162962689305
0.000029436388780891585
0.000026218558501072594
0.000023492195324513435
0.00002103492168081029
0.00001868170930593685
0.000016694996016879362
0.000014903941409041008
0.000013270871392365035
0.000011897411026518763
0.000010498596071614171