0.003061264211281691
0.0030612571142833674
0.0030612322930226093
0.0030611832923314493
0.003061101778989263
0.003060977038863238
0.0030607953462769132
0.003060539175349831
0.0030601862170286463
0.003059708159006452
0.0030590691791617663
0.003058224097424069
0.0030571161283556923
0.0030556741733211053
0.003053809617102066
0.003051412593873583
0.0030483477631909777
0.0030444497064164248
0.0030395181948811236
0.003033313780938953
0.0030255544387304675
0.0030159143267405814
0.003004026120738861
0.0029894886788469008
0.0029718818781896156
0.0029507900544624354
0.002925834318682562
0.002896711870410141
0.002863237869229095
0.0028253820995525203
0.002783291743737186
0.002737292049882798
0.0026878612959605327
0.0026355825750260862
0.0025810817984472222
0.002524964795924086
0.0024677660779914555
0.002409917496452297
0.0023517388833899284
0.002293447121069156
0.0022351766800780782
0.0021770039926234347
0.002118969691100511
0.002061095392113986
0.0020033944949140498
0.0019458781176821193
0.001888557858217904
0.0018314470245719566
0.0017745608819341723
0.0017179170381328708
0.001661535430862999
0.0016054388943588485
0.0015496526630327007
0.0014942017095349697
0.0014391200989231764
0.0013844399514041645
0.0013301985879959034
0.0012764347170618937
0.0012231884916528678
0.00117051548370618
0.001118455047873783
0.0010670643141445046
0.0010164004535545904
0.0009665107101163889
0.0009174682655448838
0.0008693366761721355
0.0008221634826500755
0.0007760437046627609
0.0007310243552860554
0.0006871790834774575
0.0006445748635973571
0.0006032760454631708
0.0005633484324123663
0.0005248478693173821
0.0004878360712189353
0.0004523527446080535
0.0004184471348413921
0.000386152337054752
0.00035550041206079463
0.0003265002409699578
0.0002991737548162521
0.0002734917328332967
0.0002494529453993344
0.00022705042717737986
0.00020622619186006289
0.00018696885652223948
0.00016915909356997352
0.00015280316185963127
0.0001378050774350231
0.0001241011007485402
0.00011160829461249032
0.00010026644402883516
0.00008999010524480865
0.00008068620912519574
0.00007226491298438751
0.00006470197504955476
0.00005788233267569518
0.000051763412676647234
0.00004629790619019521
0.00004135693893453476
0.00003693437298597868
0.00003300693751763863
0.000029440454241611938
0.00002621120980992467
0.00002346216457271022
0.000021012891865169958
0.000018709684266312337
0.00001669498857834982
0.000014857047034682368
0.000013288518625045752
0.000011865701569223581
0.000010582971254272324