0.010042822946840602
0.010027724358277618
0.00997575643475011
0.009876815383185245
0.009722058950575001
0.009505962276677216
0.009228147206712639
0.008894138650032732
0.00851456025411201
0.008103067602024486
0.007673934100386706
0.007240177814603675
0.006812590982865059
0.0063995168638727494
0.006007023956225538
0.005639204405619747
0.005298477643774271
0.00498587826215737
0.00470133604045294
0.004443947757700109
0.00421222719901628
0.00400432186038831
0.0038181851466788253
0.00365170435839127
0.0035027886376391153
0.003369424243810288
0.003249705351766024
0.003141847804373304
0.0030441925346843955
0.002955204416494662
0.0028734693658729097
0.0027976927703848714
0.002726702861841175
0.0026594555823337275
0.0025950443390924606
0.002532706965469758
0.0024718287478158307
0.002411943476913415
0.002352712493965259
0.0022939211337830254
0.0022354247952657766
0.0021771561960974746
0.0021190797402903245
0.0020611846597826796
0.002003469908942222
0.0019459445680470385
0.0018886168214392223
0.0018315084501548478
0.0017746084125032995
0.0017179646822604333
0.0016615926391923674
0.0016054668305631066
0.001549677953705855
0.0014942256478330898
0.0014391404085359136
0.001384457771536709
0.001330215633564861
0.0012764508173469516
0.0012232036009982364
0.00117059220067872
0.0011184654058572444
0.001067076874899661
0.001016398798713571
0.0009665228864325134
0.0009174837567132788
0.000869338800841952
0.00082217444966776
0.0007760488995198564
0.0007310355556215586
0.0006871819790213894
0.0006445933029140424
0.0006032810062338726
0.0005633367225300239
0.0005248511083704685
0.00048783769754613503
0.0004523512557228521
0.00041844664039218866
0.00038597140145364055
0.00035550043229256976
0.00032646763521545813
0.0002991978426638149
0.0002734877085347334
0.0002495331671576164
0.00022700472225017787
0.00020629187684223036
0.00018696850376016035
0.00016914893918926365
0.00015281252636494891
0.00013779493003522546
0.00012411321462888739
0.00011162918662284428
0.00010024855953962733
0.00009006581821023326
0.00008069444129190257
0.00007224840779278071
0.00006474587197197538
0.000057874858499968626
0.000051785620649948746
0.000046291320722151136
0.00004135548235280712
0.00003696755540638702
0.00003298650319942426
0.000029408586510492497
0.000026227389342166906
0.000023459538785754747
0.000021029962032137795
0.000018677727320612985
0.000016715689803922646
0.00001490499633013875
0.00001328360458395497
0.000011896665095734569
0.00001056876130348271