0.006625011550524787
0.0066228310012685695
0.006615233686105851
0.0066003664280191495
0.006576011239350922
0.006539619685979027
0.006488417832483251
0.006419603616932077
0.00633064355145946
0.0062196457213701695
0.006085746642207549
0.005929417804736121
0.005752596264172525
0.005558584761268079
0.005351734575314749
0.005136987698623376
0.004919381872026897
0.004703611641031285
0.0044937042751140065
0.00429283314887768
0.004103260563358333
0.003926383203060999
0.0037628441972098405
0.0036126771184794614
0.0034754540066977355
0.003350419830433894
0.0032366042174257446
0.00313290852279552
0.0030381706145959793
0.002951212591369291
0.0028708776631734645
0.0027960530191127714
0.0027256994943080956
0.002658866988627164
0.0025947167463229418
0.0025325373218518334
0.002471749981095199
0.0024119126334867912
0.002352707068561044
0.0022939227768955846
0.0022354320622514716
0.0021771647013415136
0.0021190885002585853
0.0020611926695722313
0.0020034777466699724
0.001945951098677099
0.0018886225926137861
0.0018315138078493398
0.0017766555832157303
0.0017179605883824007
0.0016615730528208974
0.0016054716928366646
0.0015496813409265034
0.0014942275386189074
0.0014391423367359172
0.0013844616429609794
0.0013302115017771565
0.0012764493508244273
0.0012232043731634928
0.0011705323005556302
0.0011184657053463843
0.0010670810815731368
0.0010164117252269905
0.0009665160654705341
0.0009174744154809453
0.0008693365293652244
0.0008221717308964923
0.0007760462592098658
0.000731022455214968
0.0006871747187159116
0.0006445797907629115
0.0006032753925151127
0.000563344827906195
0.0005248510320774991
0.00048783235116772397
0.0004523667764488377
0.00041844763968088255
0.0003861572306433121
0.0003554972713062095
0.00032647325089681025
0.0002991315586213095
0.00027340700365324137
0.00024947056559587293
0.00022702780931829885
0.0002062470873861749
0.0001869418472540352
0.00016915225680509802
0.00015280738460745063
0.0001377018536704941
0.00012409804677640217
0.00011160286928581556
0.0001002483371219523
0.0000900195623976897
0.00008068395674001623
0.00007224865447628529
0.00006469574191567149
0.000057703051410074975
0.000051789244443408936
0.00004631905226965166
0.0000413338515958794
0.000036979603258244044
0.000033010998422659094
0.000029423152391627674
0.00002621585381322246
0.000023468165312634383
0.00002103361845312493
0.000018686931218377844
0.00001670586544092202
0.000014908548363744414
0.00001328672887630768
0.000011891630069050688
0.000010588479594975974