0.004665098866008441
0.00466477995395017
0.004663665612754552
0.0046614704426701245
0.004657832489422588
0.004652298269098763
0.004644307680748234
0.004633180804281354
0.004618109812218427
0.004598160710006139
0.0045722910749823814
0.004539390772689364
0.004498351757737262
0.004448169699847196
0.004388071795043526
0.004317656859224179
0.004237020527602598
0.004146834650052777
0.004048352781235307
0.0039433291489418595
0.0038338607411504914
0.003722182862154092
0.0036104591080245154
0.0035006036919379064
0.0033941603800690164
0.0032922448984289677
0.0031955432300238102
0.0031043503118818945
0.0030186322369996316
0.0029380979757593897
0.0028622712789259626
0.002790557651314903
0.0027223042510529844
0.002656852093738411
0.0025935787584830993
0.0025319324271188236
0.0024714527252961255
0.002411781916558873
0.0023526602125499723
0.002293914270368327
0.0022354384156098154
0.0021771759323449226
0.002119100692737174
0.002061204474811873
0.0020034884217862577
0.0019459599909743559
0.001888626935353932
0.0018315104075519904
0.0017746163284012321
0.0017179659095118566
0.0016615783894197423
0.0016054732259856098
0.001549683802894025
0.0014942310113193395
0.0014391454054027066
0.0013844618151933543
0.001330217440227376
0.0012764949858006967
0.001223204892447626
0.0011705350674888358
0.0011184675229426154
0.0010670743366762092
0.001016428764691454
0.0009665160951950957
0.0009174746491020288
0.0008693371927779092
0.0008221723251267774
0.0007760427987489933
0.000731027635275368
0.0006871822219242775
0.0006445780986825914
0.0006032636126478042
0.0005633485994192724
0.0005248555186244848
0.0004878516901099391
0.00045246002155572185
0.0004184402559555869
0.000386132008001991
0.00035550351493510786
0.00032652549299774726
0.0002991527761320546
0.0002734708315564749
0.00024945322457615857
0.00022703464866530808
0.0002062396131413096
0.0001869608643266918
0.00016915599380244246
0.00015279635782385019
0.00013779153572731587
0.00012410147868798072
0.00011159991578031364
0.00010025714880695215
0.00009000599103319293
0.00008067245990173824
0.00007229331047230903
0.00006470351698556107
0.00005779139956380416
0.000051773202366163534
0.00004628740640696581
0.00004134117708715618
0.00003695891301589267
0.00003303944235030986
0.000029438225414016356
0.000026251515980402204
0.000023468768642905902
0.000021024131864109727
0.00001871092448060061
0.000016697107658231135
0.000014903806869184283
0.000013281190427081317
0.000011864019655665242
0.000010596352529326292