0.003953773009381395
0.003953670360086231
0.003953311492623629
0.0039526036819421545
0.003951428120434967
0.003949633712529729
0.003947029841440942
0.003943378206236317
0.003938384040085784
0.003931687358100483
0.003922855382504804
0.003911377940807742
0.0038966685029126497
0.00387807421336234
0.0038548988669060815
0.0038264423888016747
0.0037920586166830987
0.003751229359585121
0.0037036474399476087
0.0036492944350759444
0.0035884953276151786
0.003521932108829575
0.003450605458295718
0.0033757467578895495
0.003298695256530647
0.0032207648592060194
0.0031431255380032154
0.0030667178423435153
0.0029922085442598946
0.002919985636751574
0.0028501845144199966
0.002782734715267907
0.002717416987849864
0.002653922141154715
0.0025919050467544235
0.0025310289663458547
0.0024709971011561767
0.0024115703636179457
0.0023525668256907093
0.0022938835285231294
0.0022354318837078876
0.0021771781638802597
0.002119105473199794
0.002061209718073739
0.0020034926991091386
0.0019459640425290364
0.0018886289408341732
0.00183151429011223
0.0017746192382851226
0.0017179678846226778
0.0016615808088794397
0.0016054779911462602
0.0015496902614759974
0.0014942022173627153
0.001439147401343189
0.00138446315372466
0.0013302213295610706
0.001276454918681501
0.0012232070894291583
0.0011705284376387407
0.0011184669249730845
0.001067069835155624
0.0010164131671873658
0.0009665185751971106
0.0009174776773512371
0.0008693362114498885
0.0008223374329057941
0.0007760475002146159
0.0007310283396747632
0.0006871798599164245
0.0006445765642751365
0.0006032749448229683
0.0005633477460436902
0.0005248499050299307
0.00048784129456081365
0.0004524060304593309
0.00041844550810091755
0.00038615202394999445
0.0003555003316845771
0.0003265135072699584
0.00029916145169682897
0.00027348983697375807
0.00024945584260303833
0.00022704651135705239
0.0002062301323976083
0.00018721463664341214
0.00016914843975310577
0.00015279979471563817
0.00013778609987149891
0.00012410799811116727
0.00011160278152232496
0.00010025386778037858
0.00008999947143079148
0.00008068251070437657
0.00007228825996876546
0.00006470120557208232
0.00005784446494486155
0.00005177509553884679
0.000046292368692165736
0.000041357429592196435
0.000036905733078016856
0.00003302589704810308
0.000029444818508409584
0.000026230636695077464
0.000023467693816626877
0.000021026519662051297
0.000018721465489130872
0.00001670232944449805
0.000014900114345561065
0.000013278485232192204
0.000011863619971415974
0.000010581498122358327