0.003745878957414733
0.003745812263693407
0.0037455790720643555
0.003745119015448529
0.0037443545761113545
0.003743186853807259
0.0037414905155605006
0.0037391078971364114
0.003735842318424203
0.0037314508309650558
0.0037256368804575034
0.0037180437284112405
0.0037082500103126316
0.0036957694332232383
0.003680057279326765
0.003660526851689131
0.0036365789082292406
0.003607645981603667
0.0035732508191832777
0.0035330738614472996
0.0034870196754653434
0.0034352677374129264
0.0033782926709948814
0.0033168427823460165
0.003251875884922938
0.003184462372966768
0.0031156745632334695
0.0030464839432996693
0.0029776839237888307
0.002909847238051954
0.00284331954361548
0.002778239724449202
0.0027145828813341863
0.002652211624172213
0.002590920433051184
0.0025304915986539703
0.002470723798368811
0.0024114395981472084
0.0023525142090502793
0.0022938611212292106
0.0022354240350991603
0.0021771767097704007
0.002119106314980908
0.0020612097882293837
0.0020034936460504456
0.00194596631188017
0.001888633039586277
0.001831513943777939
0.0017746189488100513
0.0017179688445469238
0.0016615808858240371
0.0016054790617615474
0.001549687137771888
0.0014942213549763103
0.001439146326497499
0.0013844648282614143
0.0013302269600362524
0.0012764532299183577
0.0012232072713549342
0.001170528563000884
0.0011184660689018426
0.0010670724555948458
0.0010164080232489094
0.0009665175330107704
0.0009174756800624622
0.0008693402963895395
0.0008221723363926008
0.000776047248200935
0.0007310278974469488
0.0006871818106744686
0.0006445761500868987
0.0006032765917195613
0.0005633465063180186
0.0005248483938106645
0.0004878379764719029
0.00045238767217181344
0.0004184450638754262
0.00038615091636038176
0.00035549905166118624
0.00032651775952467933
0.00029917617770939647
0.0002734919335035197
0.00024945458711057167
0.00022704657864861048
0.00020622695444703803
0.00018713347952290473
0.00016915297682546724
0.0001527997275996042
0.0001377949747296834
0.00012410407616863728
0.00011160194649381172
0.00010026216199816797
0.00008999385848023562
0.00008069671152388105
0.00007229023987909807
0.00006469908954942725
0.00005785279141522933
0.00005177787914256063
0.00004629389693678312
0.0000413490900714147
0.00003691199159311276
0.000033129533499747676
0.000029447172232644018
0.000026230622600123767
0.000023469854141581877
0.00002102764402915467
0.00001871914338214456
0.00001670056306069481
0.000014891719273413682
0.000013277423313336783
0.000011863013034696814
0.000010580887285776223