0.0035897538961116426
0.0035897079066627255
0.0035895470944487962
0.003589229777540451
0.003588702354719255
0.003587896295874243
0.00358672449826579
0.003585076943081555
0.003582815625717001
0.003579768809371188
0.0035757247836303587
0.003570425520571934
0.0035635609336143624
0.003554764872378078
0.003543614515160011
0.0035296353750365775
0.0035123145439256414
0.003491124761201406
0.0034655610001512018
0.0034351891220080013
0.003399702646490269
0.003358979379095686
0.00331312595679886
0.003262497370719269
0.0032076818535376078
0.0031494492455589763
0.0030886709673178317
0.003026227395013642
0.002962920513378425
0.00289940998635207
0.0028361776029013205
0.0027735239783989504
0.002711589600845106
0.0026503930503078647
0.0025898701102314353
0.0025299190726219543
0.002470428715618263
0.0024112989311068827
0.0023524519830442005
0.002293834525205444
0.002235413529863027
0.0021771718846106637
0.0021191034486385115
0.0020612084525529805
0.0020034928388040904
0.001945964717498403
0.0018886333871048295
0.001831519688110327
0.00177461930037445
0.0017179685834928687
0.0016615807193277234
0.0016054784430711028
0.0015496863921721147
0.0014942281941112618
0.0014391429096150983
0.0013844639129390942
0.0013302220224600382
0.0012764527329372766
0.0012232071326113009
0.0011705287452689055
0.0011184677048860527
0.001067072697314358
0.0010164053565345646
0.0009665172946837776
0.0009174749672031194
0.0008693375322870038
0.0008221739435333998
0.0007760474047008737
0.0007310277336292746
0.0006871825051683909
0.0006445767515124789
0.0006032788142418317
0.0005633498070757302
0.0005248490846987289
0.00048783648157924914
0.00045238207444491516
0.0004184839008762359
0.0003861392859855478
0.00035550355690530986
0.00032651319386961167
0.00029917341922082187
0.00027349444688585086
0.0002494671086792195
0.0002270444524501367
0.00020622366005488318
0.00018708081403182605
0.0001691569099851878
0.00015294279414038582
0.00013780221496456806
0.0001241044087127344
0.00011160610206328915
0.00010026717673303465
0.00008998860961968173
0.00008069178044592359
0.00007228731153869005
0.00006469984355901628
0.00005785900145602053
0.00005176725233092187
0.000046304569411229514
0.000041339088428264926
0.000036919036143627875
0.00003312422037713851
0.000029446551034676647
0.000026218470256306587
0.000023470364335851033
0.000021029465245113236
0.00001871706094802195
0.00001670062866627079
0.000014864252271373457
0.000013277782704365285
0.000011864077120917285
0.00001058638525245577