0.003118450780255994
0.003118441344514147
0.003118408344330147
0.0031183432003447174
0.0031182348414042264
0.0031180690411297127
0.00311782758865877
0.0031174872561326424
0.003117018519264084
0.0031163839814527714
0.0031155364475693313
0.0031144165926625593
0.003112950176595575
0.0031110447727842354
0.0031085860147615114
0.003105433427722879
0.0031014160153694783
0.0030963279280035
0.0030899247556713076
0.003081921269001328
0.0030719917428029906
0.003059774298348541
0.003044880766046257
0.003026913479320066
0.0030054894998370264
0.002980271470320729
0.0029510022432339537
0.002917538376444478
0.0028798762278827456
0.002838164577045335
0.002792699805496488
0.00274390320195367
0.0026922837439779155
0.002638392522477122
0.0025827761567975343
0.0025259361469876646
0.0024682994794147685
0.0024102033678092224
0.002351894141534633
0.0022935375920941437
0.002235236248581378
0.002177048597953922
0.002119006238306332
0.002061126732706694
0.002003421864154966
0.0019459021914766254
0.0018885789849731245
0.0018314657908483007
0.0017745774440900016
0.001717931724687363
0.0016615483246604538
0.0016054507141945802
0.0015496612627322942
0.0014942104598373543
0.0014391273864480347
0.0013844460142585517
0.0013302045203729663
0.001276439526984676
0.001223196168746096
0.0011705192867551282
0.0011184577552448222
0.0010670661880048948
0.0010163981655202825
0.0009665123545528064
0.0009174702057285095
0.0008693396345018395
0.0008221698057262762
0.000776045464221434
0.000731025063533829
0.0006871791275796037
0.0006445748258033343
0.0006032766027012637
0.0005633496661018486
0.000524847913958698
0.0004878360306311742
0.00045235247766760723
0.0004184484075238719
0.0003861542057470782
0.00035550110482626603
0.0003264974485042155
0.00029917542907901634
0.00027349252663173027
0.0002494529187761891
0.00022705261662027328
0.000206224918145855
0.0001869722486817976
0.0001691589165467676
0.0001528026026728689
0.00013780602517259188
0.0001241010730441056
0.00011160840072240545
0.00010026708918476115
0.00008998940332280404
0.00008068303771490157
0.00007227428437899096
0.00006470223433230858
0.00005787736055043659
0.00005176433945259688
0.00004630207255666141
0.00004135266166184877
0.000036933072069896004
0.00003300193078896218
0.000029439821257777787
0.000026213226003451093
0.00002346082830366172
0.000021013102340190525
0.000018711324130830728
0.000016698480693215418
0.0000148616579141826
0.000013283908346178139
0.00001186625610785287
0.000010582114946105097