0.005342330260352621
0.005341621260511905
0.005339145709772882
0.005334277601046223
0.005326233677440286
0.005314054094891906
0.005296588638669636
0.005272499524208893
0.005240289391977526
0.0051983658244102475
0.005145151593280876
0.005079242930508971
0.004999605191927599
0.004905778226906417
0.004798048525386373
0.004677540413521388
0.004546190714451984
0.004406599198446147
0.004261780642377167
0.00411486952777154
0.0039688358489807125
0.003826259682906944
0.0036891901669904494
0.0035590910192163584
0.0034368572741739654
0.0033228796934371306
0.003217133291888646
0.0031192715206455742
0.003028714523915614
0.0029447258477368608
0.0028664769466213236
0.0027931005928674697
0.0027237347085497642
0.0026575658789503333
0.0025938504251269354
0.002531947808162577
0.0024713317514390635
0.002411600558464895
0.00235246325988831
0.002293722246447499
0.002235258865442876
0.0021770136945716673
0.0021189576667790568
0.0020610772900220013
0.002003376689175647
0.001945861785265503
0.001888543106834566
0.0018314338080136323
0.0017745486791644156
0.0017179063960277411
0.0016615257308491356
0.0016054299819646708
0.0015496399625481582
0.0014941926599971404
0.0014391138208311607
0.0013844355406851514
0.0013301935702718373
0.001276430306807923
0.0012231878522547493
0.0011705507591733145
0.001118455201635399
0.0010670453297701764
0.0010163927895054199
0.0009665077772452571
0.0009174680914227204
0.000869343448166876
0.0008221658601737314
0.0007760391975461952
0.0007310235358786544
0.0006871804518847508
0.0006445740252264162
0.0006032724585217606
0.0005633484832037525
0.0005248563307484813
0.0004878304732475047
0.0004523601590792324
0.00041844875920175683
0.0003861112167810883
0.0003554976092279724
0.00032613962887959546
0.0002991418373595705
0.0002734540615577602
0.00024943768011329715
0.0002270308602365859
0.00020624587502958257
0.00018695259769129535
0.0001691388156391144
0.00015279587385738603
0.00013774286496254391
0.00012409782515013712
0.0001116091903687043
0.00010026111997862677
0.00009000464437332709
0.0000806811707954859
0.00007222941162126378
0.00006471423815067998
0.00005775189545896476
0.00005178942359659687
0.000046297585126649526
0.00004133804197482385
0.0000369661796315125
0.00003303360079595624
0.000029441667118918607
0.0000262450614346884
0.000023460685735052935
0.00002103987477711585
0.000018681877043279638
0.000016684380865226542
0.000014901880751480476
0.00001328340148918952
0.000011872557636699308
0.000010589338032462939