0.0030668067125871165
0.0030667994063708066
0.00306677385343547
0.0030667234085470373
0.003066639493445003
0.003066511079548867
0.003066324039433702
0.0030660603361391354
0.003065697013311227
0.0030652049426760867
0.0030645472789232408
0.003063677566706779
0.0030625374418399463
0.0030610538722458127
0.003059135892550031
0.0030566708284876765
0.003053520039245808
0.0030495143203407116
0.003044449239405347
0.003038080890982926
0.0030301228379197485
0.003020245351687212
0.003008078424900586
0.002993220301824057
0.0029752532768742472
0.0029537680002003513
0.002928396266236882
0.002898850069105355
0.0028649621996829594
0.0028267206757036346
0.002784288680666242
0.002738002589352128
0.0026883452999773307
0.002635897927898444
0.002581279181827488
0.0025250847153285095
0.0024678382197650074
0.002409961860872921
0.0023517678691681084
0.0022934678048155237
0.0022351927902538745
0.002177017361451161
0.0021189811855888757
0.0020611054358631634
0.0020034033250922105
0.001945885896413579
0.0018885647114065141
0.0018314530661750156
0.0017745662016173803
0.0017179217212301518
0.0016615395479129846
0.001605442507352965
0.001549655872016206
0.0014942044908448954
0.0014391225262325453
0.0013844420758663569
0.0013302004456446474
0.0012764363286358806
0.001223189951997775
0.001170516702310189
0.0011184560993618706
0.0010670652426360424
0.0010164011731249136
0.0009665113857235267
0.0009174688489649263
0.0008693370129479126
0.0008221640286070244
0.0007760440697932242
0.0007310246535411239
0.0006871793318432539
0.0006445750654068852
0.0006032762222369603
0.000563348558324461
0.0005248480099340741
0.00048783610286805127
0.0004523527961441769
0.0004184519726562003
0.0003861524787699094
0.00035550046174121814
0.0003265003808323828
0.00029917348229284234
0.00027349167286551347
0.0002494532327449568
0.00022705038713378024
0.0002062262243090104
0.00018696813118098776
0.00016915908072692894
0.00015280303369011954
0.0001378055817038176
0.0001241010518926408
0.00011160846306751981
0.0001002663802606072
0.00008999040371554777
0.00008068511254161846
0.00007226486575829364
0.00006470218165051312
0.00005788295553168072
0.0000517637749057585
0.00004629770826983653
0.00004135627728591899
0.00003693477520404726
0.00003300659157643841
0.000029440227746346426
0.00002621150590926917
0.000023463024137576858
0.00002101252423759792
0.000018709473538691803
0.00001669553527470659
0.000014859894997094038
0.000013288713535096584
0.000011866464165012491
0.000010581857522007178