0.003236964222184049
0.0032369486741905063
0.0032368942995275912
0.003236786971605829
0.0032366084753012664
0.003236335431092502
0.003235937959550018
0.003235378033827826
0.0032346074633249158
0.0032335654510708424
0.003232175674135567
0.0032303428558208653
0.0032279488383553418
0.003224848235941845
0.003220863863598369
0.003215782311541226
0.0032093502784710003
0.0032012725875813996
0.0031912131551605195
0.0031788004818265655
0.003163639338965635
0.0031453300050619977
0.0031234954237558798
0.0030978148703466714
0.003068060298884713
0.0030341291506365315
0.002996066181838995
0.002954067842643729
0.0029084664516412584
0.002859696683373928
0.0028082517344452497
0.00275463872139218
0.0026993414584445072
0.0026427949523126597
0.002585371624783795
0.002527376723550974
0.0024690497321846637
0.0024105695882306617
0.0023520625831205226
0.0022936121983578124
0.0022352699166823396
0.002177065705719913
0.0021190168937229785
0.002061134706826862
0.0020034284778297305
0.0019459078567294714
0.0018885839792267753
0.0018314700689043854
0.0017745826087751705
0.001717934832267652
0.0016615509734947864
0.0016054522291610426
0.0015496646039933782
0.0014942120829588969
0.0014391292162742422
0.001384445146846448
0.0013302056174085714
0.001276440796267803
0.0012231984061925054
0.0011705248197295566
0.0011185570451707177
0.0010670651831519058
0.0010163990911926466
0.0009665117801137047
0.000917470959222207
0.0008693330966402852
0.0008221709315455868
0.0007760443312689028
0.0007310248513817455
0.0006871803707706605
0.0006445745392521013
0.0006032767897300135
0.0005633478493307649
0.0005248473124389054
0.00048784033418705424
0.00045235958555803977
0.0004184502293577255
0.00038615343070436386
0.0003554997929841102
0.000326504751155281
0.0002991808709940564
0.00027349058448481535
0.0002494644128160408
0.00022705493026877732
0.00020622570713369197
0.00018699282279283942
0.00016915798687922948
0.00015280006620455855
0.00013780880001816324
0.00012409863022651505
0.00011160442568020575
0.00010026192227294617
0.00008999117914377842
0.00008068653260494197
0.00007227758814560372
0.00006469969590027455
0.000057880220373926425
0.000051763519593859934
0.000046307329233558556
0.00004134282296288946
0.00003693126606948513
0.00003300152451386144
0.000029443200290940564
0.00002621601186591026
0.000023457824851723392
0.000021014078398238743
0.000018718718844004052
0.000016698495499027773
0.00001486014075730113
0.000013281869468759257
0.000011871569671208123
0.00001057380612755568