0.016019990341234705
0.01590990368209084
0.015549311466815301
0.014930727351662102
0.014103036264055204
0.013151297823993668
0.012161217760860212
0.011194941134215635
0.010286705537674024
0.009450116060548623
0.008687307108924033
0.00799549087961744
0.007370396400333979
0.006807586913716709
0.006302728713441999
0.005851519928667732
0.005449611816897526
0.005092615363423361
0.0047761751699527035
0.004496065475708005
0.004248276609400365
0.004029075686781734
0.003835038500565161
0.0036630563955609543
0.0035103251045349193
0.0033743275329843137
0.0032528012311130853
0.0031437122859644304
0.003045226512519874
0.002955687606202088
0.002873595138063949
0.002797595305855723
0.00272647412980276
0.0026591585250081294
0.0025947201608204637
0.0025323852541796997
0.0024715188856136838
0.0024116625613550303
0.0023524442274948354
0.0022936839670220756
0.002235215001595456
0.0021769721929334926
0.002118915772636978
0.002061040093517285
0.0020033363968998486
0.0019458222705678351
0.0018885158861825773
0.001831407180284359
0.0017745284220634931
0.0017179198999783742
0.001661501428268248
0.0016054160978425604
0.0015496298903112133
0.0014941850850333249
0.0014391050650341233
0.0013844257250240379
0.001330208128319521
0.0012764253580776464
0.0012231806514214178
0.0011705041875957195
0.0011184513168643615
0.001067066456303899
0.0010163935425809689
0.0009665208635584267
0.0009174610285757054
0.0008693218707495318
0.0008221592460871347
0.0007760554221549797
0.0007310371363725155
0.0006871790919030018
0.0006445654470657038
0.0006032740484864921
0.0005633442816084742
0.0005248428215874607
0.00048783807826467034
0.0004523544144950287
0.0004184406398102174
0.0003861632619444309
0.0003555004334871046
0.00032643219742181027
0.0002992293502605963
0.000273478240509009
0.00024956986832571477
0.00022699966856960303
0.00020631583079755287
0.00018691891383306732
0.00016916670954931402
0.00015273760392775284
0.00013783148970553178
0.0001241349380693665
0.00011163259640642448
0.00010026939062668715
0.00009006071875228249
0.00008068861214743278
0.00007228709564441372
0.00006474901165380245
0.000057851798682620066
0.00005178522206960322
0.00004633124562824109
0.000041369677560614646
0.00003697442742138648
0.00003299225924922604
0.000029436940870749706
0.000026218700359639466
0.000023490592278554506
0.00002103562759976972
0.000018681789544607156
0.0000166947353778052
0.000014901313303041122
0.000013271448687775511
0.000011897453178049692
0.000010499423443795831