0.003094969177014364
0.003094960747809646
0.003094931267604349
0.003094873071117052
0.003094776265205985
0.0030946281343397757
0.0030944123964591567
0.003094108274779036
0.0030936893448687353
0.003093122110093937
0.003092364253045897
0.003091362507394968
0.0030900500961203083
0.0030883436921114783
0.003086139881439178
0.0030833111562770282
0.0030797015442675436
0.0030751221056705405
0.0030693467222441214
0.0030621088273017436
0.0030531000683072687
0.0030419721975850147
0.0030283437278799284
0.0030118129489332076
0.0029919784807644753
0.0029684675203865193
0.00294097021055587
0.00290927635470856
0.002873308543711413
0.002833144906096929
0.002789024980008582
0.0027413355841356527
0.0026905773563492704
0.0026373172539420615
0.0025821353934584236
0.002525575603332984
0.002468116476132823
0.0024101061390548522
0.0023518460954668565
0.0022935132827160303
0.002235222664613131
0.002177039694749001
0.0021189994690300287
0.002061121109576833
0.0020034170118183557
0.0019458979320378291
0.001888575279375406
0.0018314624301952733
0.0017745744659238194
0.0017179290354380947
0.0016615459733386518
0.0016054483893002942
0.001549659464668081
0.0014942088480236443
0.0014391261922437899
0.0013844451318138465
0.0013302033886567048
0.001276438748238269
0.0012231958383480924
0.0011705185977358564
0.001118457483850739
0.0010670658179044352
0.0010163978167893912
0.0009665120615534498
0.0009174698661773928
0.0008693384795240216
0.000822169677292638
0.0007760448999522089
0.000731024955677718
0.0006871791658776246
0.0006445747314146133
0.0006032765220980832
0.0005633491803881954
0.0005248477079737796
0.00048783749079483
0.0004523530299095258
0.000418450383748545
0.0003861520243655587
0.00035550099531322254
0.000326498207412289
0.00029917437058929485
0.0002734927379849976
0.0002494529044890272
0.00022705209635241514
0.00020622626166657987
0.0001869695831408413
0.00016915943072031686
0.00015280297265263314
0.00013780512272747736
0.00012410125434773392
0.0001116077802642925
0.00010025800283951375
0.00008999008330415048
0.00008068280666395506
0.00007227285187074449
0.00006470162789101554
0.00005788208868720244
0.0000517652245003597
0.00004629754826534972
0.000041355997325200045
0.000036933426008044054
0.00003300462872438284
0.00002944039599382239
0.0000262136685924137
0.00002346399972424316
0.00002101397447523697
0.000018710082884293144
0.000016697963356040342
0.000014860072579732224
0.000013284095104883582
0.000011867212428883129
0.000010581526729670864