0.003188149730123049
0.0031881369162904197
0.003188092102799824
0.003188003643752325
0.0031878565177550396
0.003187631435336632
0.0031873037277388113
0.0031868419707723997
0.0031862062917779425
0.003185346304187782
0.0031841986151178703
0.0031826838605769525
0.003180703245931887
0.003178134614305048
0.0031748281433916286
0.0031706018947389673
0.0031652376217323986
0.0031584774911081076
0.0031500226768044004
0.0031395351143066142
0.003126643941861669
0.003110958177821557
0.003092086739129127
0.003069665809189439
0.0030433917472124272
0.003013055460352857
0.0029785721933385865
0.00294000001986644
0.0028975418407855237
0.0028515293458229083
0.002802391963331895
0.0027506173690567746
0.0026967111457529822
0.0026411615576236525
0.0025844128192846795
0.0025268472356952975
0.002468776020354269
0.0024104377513748444
0.002352003559130485
0.0022935875219906097
0.0022352600461372062
0.002177061659898209
0.002119014967589106
0.0020611335394511068
0.0020034276022878822
0.0019459072228071618
0.0018885833724855995
0.0018314694777440711
0.0017745813651580508
0.0017179343798678485
0.0016615506296789296
0.0016054518873808987
0.0015496637232313116
0.0014942119116301729
0.0014391290802364901
0.0013844461648469058
0.001330205425587263
0.0012764399986565146
0.0012231975465709563
0.0011705236131688138
0.001118527871633073
0.0010670660501703121
0.0010163989002487568
0.0009665123865052894
0.000917470830767492
0.0008693334546201801
0.000822169652106861
0.0007760457614465039
0.0007310258195151943
0.0006871800243991603
0.0006445754797283118
0.0006032765060379777
0.0005633506065581334
0.0005248469891497812
0.0004878377611978713
0.0004523582296149301
0.00041844776293758557
0.0003861537165009229
0.00035550022419049925
0.00032649842649437973
0.000299178699383248
0.00027348802207410763
0.00024946818903861146
0.00022705439061974206
0.00020622527519062445
0.00018698424864992637
0.000169158706561249
0.00015280180740835116
0.0001378088649254866
0.00012409920775983304
0.00011160730928935437
0.00010026347510615708
0.00008999032308251358
0.00008068473346161561
0.00007227748995992788
0.00006470600455142304
0.00005788431188948446
0.00005176276918426401
0.00004630499071474984
0.00004135293353683173
0.000036932374988584704
0.00003300408609003708
0.00002944361721686902
0.000026216756737505345
0.00002345944074639947
0.000021011940264409243
0.00001871574823370231
0.000016695436887843796
0.000014861081881225425
0.00001328318647878167
0.000011867760329358965
0.000010571431042859642