0.010036300781950072
0.010021206513145194
0.0099692536317732
0.009870341978341614
0.009715633596035982
0.009499608465503297
0.009221893537352484
0.008888018607719778
0.008508611307824283
0.008097329494426236
0.00766844638119683
0.007234976904132483
0.006807707262581341
0.006394972361975029
0.006002831067162821
0.005635365801856114
0.005294987229998327
0.004982722819605716
0.004698497156130689
0.004441403702363015
0.004209954546196626
0.004002296752624195
0.0038163842085669267
0.0036501053006517503
0.0035013706157835073
0.0033681680354338654
0.0032485934077665342
0.0031408642183142032
0.003043322962776909
0.002954435969960001
0.0028727904932893166
0.002797093141636787
0.0027261732560807097
0.002658987788644825
0.002594631063815673
0.002532341750875815
0.0024715058993421022
0.0024116579824968957
0.002352459967189689
0.0022936977146812976
0.0022352271271239557
0.002176981321392502
0.002118925063083487
0.002061047890643112
0.0020033490291800978
0.0019458377848725658
0.0018885225503315567
0.0018314252617949098
0.0017745351022027142
0.0017179001055443153
0.001661535786053632
0.001605416923201114
0.0015496341416482353
0.0014941872388539094
0.0014391067869131149
0.0013844283842238522
0.0013301899844809077
0.0012764284715740316
0.0012231841782027954
0.0011705751773011745
0.0011184508131426801
0.0010670642594268695
0.0010163879520326846
0.0009665135412066559
0.0009174757377914238
0.0008693319700156523
0.0008221686334758001
0.0007760439637423151
0.0007310313664098878
0.0006871784683048482
0.0006445903169545109
0.0006032785418377535
0.0005633347130313572
0.0005248494158929929
0.0004878362993353313
0.0004523501230269312
0.0004184457192262984
0.00038597112712147023
0.0003554998317894506
0.0003264672432058723
0.00029919737892796666
0.00027348741198057974
0.0002495323662781041
0.0002270046532212777
0.00020629144056185078
0.00018696584737423283
0.0001691488797568941
0.00015281242967599663
0.00013779575969995132
0.00012411314455162495
0.00011162911717564944
0.0001002481887852535
0.0000900655880851604
0.00008069436860896756
0.00007224843823461163
0.00006474576861160298
0.0000578748863455019
0.0000517862045562372
0.00004629070832282146
0.00004135557809728026
0.000036967745168534225
0.000032986527341740695
0.000029408221364844915
0.000026227546903518185
0.00002345958392802826
0.000021029370055631606
0.000018677798199697403
0.000016714622529871575
0.00001490498383889496
0.000013283507835076222
0.000011892192221852922
0.000010569615943711274