0.003952093731747194
0.003951991182618998
0.0039516326653710795
0.003950925545550544
0.003949751131795545
0.003947958476670618
0.003945357150809313
0.003941709088506485
0.0039367198154527
0.003930029706561939
0.00392120642073638
0.003909740306763255
0.003895045443812906
0.0038764696695720927
0.003853317539846504
0.003824889776380895
0.0037905409956700458
0.0037497536930115507
0.003702221190365778
0.0036479252762385596
0.00358719076412101
0.0035206990364854743
0.003449449719182202
0.0033746727533369085
0.003297705676471071
0.00321986056377316
0.003142305596980608
0.003065979709517938
0.0029915483257477995
0.0029193984077861474
0.0028496646452776846
0.0027822761785208485
0.0027170136307070386
0.0026535679150872355
0.0025915941911369804
0.002530756144519023
0.002470757488316104
0.0024113596875655827
0.002352381379245983
0.0022937200791257393
0.0022352876994804973
0.0021770508929276847
0.00211899309203982
0.0020611104755140688
0.0020034050736519758
0.001945886696707158
0.001888560711519693
0.0018314541160958195
0.0017745662193121004
0.0017179212078363756
0.0016615397512585856
0.0016054419164567293
0.0015496585896868295
0.0014941745425365643
0.0014391231079112225
0.0013844419234633515
0.0013302027972067632
0.0012764387752657203
0.001223193059931491
0.001170516266303953
0.0011184563869774805
0.0010670607434870851
0.0010164053038358434
0.0009665118362926357
0.0009174718975713411
0.0008693312864199817
0.0008223328076188598
0.0007760439396829687
0.0007310253284630894
0.0006871773308258137
0.00064457443995141
0.000603273179352333
0.0005633462758959947
0.0005248486852433163
0.0004878402736477748
0.00045240507285874065
0.00041844484727125144
0.0003861514924266423
0.00035549931102538227
0.0003265131310728032
0.0002991611882514498
0.0002734896190556626
0.0002494556798230316
0.0002270463860163294
0.0002062300212647648
0.0001872138740242171
0.0001691484048320992
0.0001527997475851236
0.00013778611095674494
0.0001241079516172794
0.00011160213632037218
0.00010025387976585936
0.00008999942103172945
0.00008068247213081313
0.00007228819396626804
0.00006470119217585649
0.00005784457216980748
0.000051775591489860825
0.000046292517121757345
0.00004135742033661316
0.00003690563237392912
0.00003302582293342793
0.00002944484221668409
0.00002623065619319171
0.000023467713551627277
0.000021026437222649322
0.000018721421811633456
0.000016702312173768637
0.000014900114449045911
0.000013278497630621786
0.000011863947694288499
0.000010581495397063718