0.00329769790993482
0.0032976785057640323
0.0032976106467194812
0.003297476709356345
0.0032972539791442223
0.003296913319188039
0.0032964175155974808
0.0032957192895670243
0.0032947587917780156
0.0032934606870248157
0.0032917306667629752
0.003289451436229883
0.0032864782327473485
0.003282634051792325
0.0032777049293441947
0.003271435874523371
0.003263528368090433
0.003253640715939101
0.003241392899170469
0.0032263777471076113
0.00320818004686774
0.0031864043154494156
0.0031607101910018274
0.0031308518237151456
0.003096714848416695
0.0030583426481065553
0.0030159440237536752
0.0029698778385019967
0.0029206160903499858
0.0028686930410220155
0.002814651740535492
0.0027589990834302924
0.0027021763120639967
0.0026445464535581626
0.0025863950957785865
0.0025279391995906364
0.0024693385769898016
0.0024107071079740704
0.0023521226862506053
0.002293635962637148
0.002235278177861668
0.0021770680123231155
0.0021190171733223395
0.0020611343745572785
0.002003428033387626
0.0019459074135704392
0.001888583541968105
0.001831469862380223
0.0017745838364935046
0.0017179346701337189
0.0016615507032035257
0.0016054520922430108
0.00154966557031863
0.0014942117466912822
0.001439128892043825
0.001384447785098429
0.0013302055924080127
0.0012764406043199589
0.001223196951902553
0.0011705201097614983
0.0011184594741294991
0.0010670632438245327
0.0010163993032080456
0.000966513185374115
0.0009174716772782361
0.0008693343464800108
0.0008221732394925466
0.0007760439226527013
0.0007310246020713096
0.0006871808924978949
0.0006445748599399837
0.0006032766698940247
0.0005633449025972843
0.0005248462287588093
0.0004878334926158544
0.0004523630868731479
0.00041844766250453063
0.00038614927691583934
0.00035549880447719454
0.00032650668037295823
0.0002991855713108206
0.00027349031310193434
0.0002494660635511773
0.00022705742984571812
0.00020622507742992528
0.00018700689836163997
0.0001691562358136673
0.00015280060250065283
0.00013780895778764873
0.0001240965873656952
0.00011160199129348538
0.00010026431128834138
0.00008998898047088245
0.00008068874051416743
0.00007228106620132637
0.00006469765501617922
0.00005787506579261172
0.00005176593076861926
0.00004631267631601874
0.00004134239738208987
0.00003693090778060418
0.00003300157933584493
0.000029444352683598422
0.0000262196094071805
0.000023455435021538874
0.000021017098225997562
0.000018722033742235586
0.000016697420202538376
0.00001485736880430694
0.000013275357407799592
0.000011868334362111929
0.000010573269709400574