0.00314914872800367
0.003149137877968659
0.0031490999318999004
0.0031490250263539903
0.0031489004357341923
0.003148709812539225
0.0031484322393830525
0.003148041051437301
0.0031475023818357665
0.003146773377499336
0.003145800030426601
0.0031445145724292517
0.003142832393743922
0.003140648474105318
0.0031378333673620093
0.0031342288687371328
0.003129643630186696
0.003123849185469063
0.0031165771061941907
0.003107518317621243
0.0030963259063337694
0.0030826229455804574
0.0030660167736808143
0.0030461205868099295
0.0030225819662620308
0.002995116089823658
0.0029635392419906353
0.002927796614527169
0.0028879782082570768
0.002844318471371237
0.0027971788055701006
0.002747015965888402
0.0026943421328284086
0.0026396832151173847
0.0025835410183382536
0.0025263632832774677
0.0024685239701393628
0.002410314731474159
0.0023519469945524124
0.0022935624853616795
0.0022352487626736773
0.002177055936698153
0.0021190114107912817
0.002061130880672865
0.0020034254005779134
0.0019459052846524402
0.0018885816245031624
0.0018314683379921082
0.001774579710381733
0.0017179332521484246
0.0016615501735185016
0.0016054503964683968
0.001549662657217047
0.0014942117517859552
0.0014391280755263237
0.001384446393693815
0.0013302055027665529
0.0012764399704186657
0.001223196871667812
0.0011705196988882423
0.0011184576560347027
0.001067066309783433
0.0010163983300261355
0.0009665125066261871
0.0009174706150891799
0.0008693337828780063
0.0008221698068817428
0.0007760452900913809
0.0007310255644631832
0.0006871789256320331
0.0006445751423108609
0.000603276645141523
0.0005633498056213798
0.0005248476691673021
0.00048783762283462103
0.0004523540097700717
0.00041844925821714454
0.00038615665702216933
0.00035550152041025323
0.00032649719751675526
0.00029917686390012907
0.00027349302397820514
0.00024945606368412883
0.00022705267118927418
0.00020622562475791374
0.00018697742555750146
0.00016915824318334337
0.00015280210548057754
0.00013780774795143616
0.00012410049019480278
0.00011160767885154898
0.00010026197151539378
0.00008998989600059437
0.0000806842228035273
0.00007227546057417439
0.00006470238802355052
0.000057879469913688954
0.00005176367640839675
0.00004630210816343481
0.000041352852490561493
0.00003693004020345496
0.00003300337533102615
0.000029442654213607763
0.00002621404062672325
0.000023460656502942414
0.000021011944726223746
0.00001871262531670308
0.000016699076257409886
0.000014860652002827168
0.000013283935518809038
0.000011867785184822207
0.000010570333592135076