0.003468143947896654
0.0034681107387524207
0.0034679946095806696
0.0034677654340405863
0.0034673844321359564
0.003466801950795048
0.0034659547509693386
0.0034647627305169184
0.0034631250270517715
0.003460915480688789
0.0034579775054066056
0.003454118535915082
0.003449104404076901
0.003442654274432035
0.0034344371425430883
0.003424071357326699
0.003411129101671425
0.0033951481018286924
0.00337565277369259
0.0033521862015754595
0.0033243524521338382
0.003291865680847477
0.003254598790428521
0.0032126213070495556
0.003166215417695689
0.003115862197654011
0.003062196912137211
0.003005940666386919
0.0029478223776540045
0.002888507774941351
0.002828547785294808
0.0027683539574703433
0.0027081991213863594
0.0026482381256735955
0.0025885373791951233
0.0025291082192798174
0.0024699332747140598
0.0024109856094437277
0.002352240123626692
0.0022936783410914497
0.0022352890101248555
0.002177067151752245
0.002119012760586718
0.0020611292219482906
0.0020034230784115553
0.0019459029821289136
0.0018885794269047087
0.001831468205026929
0.0017745915839190948
0.001717931576064593
0.0016615481743945412
0.0016054497348392135
0.0015496599647054456
0.001494208764869426
0.0014391260999075664
0.0013844468763987026
0.0013302054787248038
0.001276439792936814
0.0012231960251729002
0.0011705191859416207
0.0011184591510506674
0.0010670663287678788
0.0010163997876598857
0.0009665159451354602
0.0009174700258045991
0.0008693336292782312
0.0008221811360504034
0.00077604451957455
0.0007310245620803992
0.0006871794590614498
0.0006445757671948487
0.0006032770785296662
0.0005633507736281241
0.0005248417915189171
0.0004878346616577989
0.0004523720156050938
0.0004184753289106396
0.0003861455463370504
0.00035550088067327163
0.00032650933039989966
0.0002991656451018436
0.00027349107120403827
0.00024946568693020677
0.00022704580412156772
0.00020622211892739627
0.00018705018492420748
0.0001691537594223723
0.00015280241863771535
0.0001378041236198328
0.00012410473730034707
0.0001116058587883467
0.00010026544829282184
0.00008998836624986017
0.00008068595019709191
0.00007228499141729567
0.00006468799084613726
0.000057862965533863476
0.00005176395088414098
0.00004630468683176851
0.000041340636173479084
0.00003692699408938062
0.00003300651075260935
0.0000294453845948537
0.00002621786389476547
0.00002345105370036555
0.00002101857922704743
0.000018725281633456957
0.00001670158865761595
0.000014864027012638884
0.000013272366639904801
0.000011865813219360394
0.000010592549489231636