0.0031580300315640387
0.0031580186194375944
0.0031579787078125734
0.0031578999234386806
0.0031577688846220874
0.0031575684040915423
0.003157276495433222
0.0031568651406620354
0.0031562987707208015
0.0031555324063684115
0.0031545094059239305
0.003153158771711022
0.0031513919834338846
0.0031490993608329102
0.0031461460189411124
0.003142367578390536
0.0031375659424655485
0.0031315056606694195
0.0031239116631345022
0.00311446944526659
0.003102829039137648
0.0030886142302084755
0.003071438188527155
0.0030509260784890345
0.003026743706799951
0.0029986295786982213
0.002966425832200204
0.00293010242975182
0.0028897693239100714
0.0028456733452775734
0.002798179747530385
0.00274774153546443
0.0026948617253554916
0.002640054274672515
0.0025838084348490634
0.0025265603359432096
0.002468674106920214
0.0024104336652990953
0.0023520447625677145
0.0022936452482738854
0.002235320227235043
0.002177118361745409
0.0021190662622015384
0.00206117920363301
0.002003468009057806
0.0019459428475939167
0.001888614815306036
0.0018314973598960007
0.00177460524365201
0.0017179561880232871
0.0016615698338510415
0.0016054696021278922
0.001549677840555615
0.0014942249881358801
0.001439140100923314
0.0013844571296498533
0.001330214215382712
0.0012764479707606559
0.0012232035096517472
0.0011705256554280547
0.0011184632714879611
0.001067070949283693
0.0010164022673921204
0.0009665158787062241
0.0009174732250266567
0.0008693420724014885
0.0008221720018687112
0.0007760473260700392
0.0007310266381869285
0.0006871804550364841
0.0006445759378265406
0.0006032775307438676
0.0005633504171429258
0.0005248485538277921
0.0004878365152278402
0.0004523528911211026
0.0004184487549402645
0.000386154518098278
0.00035550133399983884
0.00032649775970891684
0.000299175265624161
0.00027349259476620007
0.0002494532741027583
0.00022705274826001655
0.00020622501208446818
0.00018697147631162818
0.0001691589407931716
0.00015280247422798225
0.00013780597216250595
0.00012410072979755874
0.00011160852297651225
0.00010025933131154436
0.00008998946215078614
0.00008068279017204074
0.00007227385242800013
0.00006470200487418172
0.000057878621053618184
0.00005173364302443973
0.000046302378221295915
0.000041355943571649945
0.00003693348339275832
0.00003300473546639095
0.000029440514516109713
0.00002623416855612427
0.000023461525028817383
0.000021010467430988176
0.000018713533892018403
0.00001669895960118793
0.000014861711914859245
0.000013278909608839399
0.000011866569527556014
0.000010581906981791856