0.0033936383793042187
0.003393610686076575
0.0033935138443322477
0.0033933227261573272
0.0033930049781134256
0.0033925191531122703
0.0033918124645029115
0.0033908179759510842
0.003389451336107662
0.0033876069065578015
0.003385153353531473
0.0033819288054561785
0.0033777358290453742
0.003372336688683079
0.0033654496453036603
0.003356747413145661
0.0033458592791363847
0.003332378691452599
0.003315878151808273
0.003295932742658947
0.003272152335981943
0.0032442203846144956
0.003211934492210934
0.0031752415061823015
0.0031342588535023053
0.0030892752591753937
0.0030407280283413648
0.002989159699973044
0.0029351621756243847
0.002879319443848542
0.0028221596513924624
0.0027641240089999013
0.0027055547781625576
0.00264669990590852
0.002587728310594301
0.0025287494878746446
0.002469831882522004
0.002411017353271482
0.0023523312239613287
0.0022937887771914073
0.0022353994559329913
0.002177169715625091
0.00211910505727802
0.002061211341242085
0.0020034957763407305
0.0019459671247017722
0.001888636180583151
0.0018315162507577536
0.0017746246999719973
0.0017179706273596639
0.0016615823211225719
0.0016054798679739368
0.0015496899492525372
0.0014942331064525256
0.0014391475864739681
0.0013844641224174336
0.001330219848241841
0.0012764530203931322
0.001223207746302426
0.0011705294751026124
0.0011184675820407506
0.001067070236088212
0.0010164053366799844
0.0009665183687800667
0.0009174761208011301
0.0008693381385734424
0.0008221764753173172
0.000776046659396017
0.0007310269149405883
0.0006871828444430413
0.0006445764936343177
0.000603278033904328
0.0005633460276027721
0.0005248471602813353
0.0004878342638538386
0.00045236373847766623
0.0004184481759251286
0.0003861496802514829
0.0003554991348292697
0.0003265069548710178
0.0002991856812612568
0.00027349047873511734
0.00024946620206535815
0.00022705751339094634
0.00020622516656833853
0.0001870067005373526
0.00016915627787351888
0.00015280055920315625
0.0001378088866424206
0.00012409659985364026
0.00011160201469463472
0.00010026431586609827
0.00008998866739910483
0.00008068848840401237
0.0000722809461971982
0.00006469770670504458
0.0000578750881110023
0.00005176593769489778
0.000046314675677599196
0.00004134269473894729
0.000036930916116391014
0.000033001446799865766
0.000029444730640916934
0.000026220303970330822
0.000023455730386721723
0.000021016436659825804
0.000018722029207830732
0.000016698920316670496
0.000014858127840441227
0.000013275443662798986
0.000011868279922204437
0.00001057394132993089