0.003084135093671659
0.0030841270918641893
0.003084099106340792
0.0030840438600635827
0.003083951960386422
0.0030838113339620526
0.0030836065190670506
0.0030833177822538263
0.003082920020096615
0.003082381400471457
0.0030816616920173786
0.0030807102264541063
0.003079463438434259
0.0030778419350108023
0.0030757470672720063
0.0030730570133413334
0.0030696224625856787
0.00306526208592972
0.003059758163485447
0.0030528529630950117
0.0030442467625865256
0.0030335987370900042
0.003020532222854801
0.00300464598753811
0.002985532891605193
0.002962806503901094
0.002936134701738133
0.0029052771371953765
0.002870121142801482
0.0028307090062051864
0.002787249507551196
0.0027401087880249866
0.0026897798074908426
0.0026368347283108047
0.0025818688433792425
0.0025254466283154186
0.002468059454943934
0.0024101009302044504
0.002351861026853765
0.002293535774899365
0.0022352465366363506
0.0021770623260354708
0.0021190199840847674
0.00206113938465592
0.0020034331881487568
0.0019459122077651785
0.0018885878998374625
0.0018314734942846966
0.0017745841892085727
0.0017179375485219769
0.0016615534633727164
0.0016054546964188847
0.0015496664860846893
0.0014942138886162796
0.0014391307557356254
0.0013844492906877157
0.0013302067156116357
0.0012764417950067648
0.0012231949948320027
0.0011705208225636216
0.0011184596899438707
0.0010670632758356428
0.0010164034133226126
0.0009665136407466892
0.0009174707987815311
0.0008693383154208706
0.0008221659358208498
0.0007760452580068648
0.0007310256655070483
0.000687180164358891
0.0006445757288673182
0.0006032763861025294
0.0005633489734460684
0.0005248484519230863
0.0004878359405882596
0.000452353007521905
0.0004184517958167945
0.00038615290208013505
0.00035549949773612505
0.0003265006495067192
0.0002991729704575376
0.00027349155028876367
0.0002494537003521337
0.00022705018419849138
0.0002062263255595522
0.0001869632382086569
0.00016915904025459924
0.00015280278468053274
0.00013780542802264612
0.00012410114540003242
0.00011160884933536569
0.00010025862392239337
0.00008999006817048938
0.00008068406868481188
0.00007226374134845463
0.0000647016646852781
0.00005788294482817621
0.000051764157238682694
0.00004629716124050459
0.00004135718875751607
0.00003693560325010588
0.00003300590771266988
0.000029442218500094517
0.000026211571700015074
0.000023463770534996826
0.000021013641745320266
0.00001871075231538828
0.000016698568378365117
0.000014862786315563855
0.000013285319132224645
0.00001186702501218642
0.00001058050038961456