0.0031261426932789917
0.0031261328402380217
0.003126098380773494
0.003126030356848092
0.003125917209693822
0.0031257440883003173
0.003125491985731448
0.0031251366648658526
0.003124647329066701
0.0031239849878183625
0.0031231004638452675
0.0031219319888508698
0.003120402343254059
0.0031184155163729767
0.00311585290482676
0.0031125691383147424
0.0031083877351021426
0.003103096954764269
0.0030964464509916512
0.003088145580313597
0.0030778645552697118
0.0030652398443608907
0.0030498852444660017
0.003031409748023921
0.0030094424233939854
0.002983663059005063
0.0029538354433573106
0.0029198383905231534
0.0028816887034488537
0.0028395508199451206
0.0027937300274253076
0.002744649309035537
0.0026928131053943305
0.002638763634683526
0.00258303645873533
0.002526121724022348
0.002468436129306263
0.0024103084429282842
0.0023519786486891994
0.002293608161571298
0.002235296739558882
0.0021771012577606885
0.0021190524434650864
0.002061167418143445
0.0020034577359155856
0.0019459338107262422
0.0018886068985007026
0.00183149028773569
0.0017745989964497383
0.0017179506214027756
0.0016615649523411694
0.0016054650487226387
0.0015496740921312534
0.00149422166677972
0.0014391374116618169
0.0013844549445707973
0.0013302119424840318
0.0012764461992802332
0.0012232023074243666
0.0011705242170408398
0.0011184623557197572
0.0010670700193990022
0.0010164014364001193
0.0009665151714670303
0.0009174725299678293
0.0008693405582204874
0.0008221716164989323
0.0007760465393442028
0.0007310263458710507
0.0006871803402107465
0.0006445757133272545
0.0006032773413079169
0.0005633498261971783
0.0005248487038120836
0.00048783783918955647
0.0004523533759575917
0.000418453616963218
0.0003861523849924021
0.00035550119698838446
0.0003264985413532797
0.00029917309718313607
0.0002734927270010418
0.00024945331885721023
0.0002270520391444301
0.00020622633995487108
0.00018696532413725679
0.00016915942798444102
0.0001528028053529368
0.00013780506397964145
0.00012410119349455027
0.0001116080078455377
0.00010025832274685492
0.00008998984982262012
0.00008068227705418656
0.00007227222242210337
0.00006470136736783662
0.0000578815352816871
0.000051733187010895384
0.00004629732443939136
0.000041356177009334804
0.000036934644394561266
0.00003300545886715587
0.000029441531122115318
0.000026234298984300232
0.000023463495831805175
0.000021011948418104342
0.00001871173032682026
0.000016698807394938554
0.000014863124188016302
0.00001327947156784167
0.000011866223961724901
0.000010581324758643494