0.0031017928987099822
0.0031017841462562066
0.0031017535356329335
0.0031016931081027303
0.003101592592474232
0.003101438788613045
0.00310121479626658
0.003100899053885651
0.0031004641459607407
0.0030998753313451447
0.0030990887400643005
0.0030980491838554533
0.003096687528821469
0.003094917591265172
0.003092632546108424
0.0030897008897872043
0.003085962087059701
0.00308122216672014
0.0030752497204648084
0.003067773027049201
0.0030584793037614563
0.003047017408831709
0.003033005502470818
0.0030160451184963657
0.0029957425873030205
0.0029717376319215567
0.0029437372285966742
0.00291155076389335
0.0028751207443835523
0.0028345426094472984
0.0027900681841573306
0.0027420900586936007
0.0026911080708774474
0.002637682990372319
0.0025823852991710633
0.002525747841812749
0.0024682298512043004
0.0024101968556972464
0.002351917103323767
0.002293571548609255
0.002235272131142715
0.002177082563679061
0.002119037012415449
0.0020611541429636777
0.0020033795279991245
0.001945923597986095
0.0018885979244835846
0.0018314823482786292
0.0017745919862376083
0.001717944422096363
0.0016615595056708812
0.0016054600935488733
0.0015496716531331342
0.001494217975417439
0.0014391342859682412
0.0013844523197463266
0.0013302094540717057
0.001276444133765842
0.0012231964367833046
0.0011705226089955925
0.0011184611471300925
0.001067069859650332
0.0010164055017210598
0.0009665147125766566
0.0009174716846258448
0.0008693393132024452
0.0008221711247518563
0.0007760458733702077
0.0007310261124153424
0.0006871801118312295
0.0006445761553316546
0.0006032770685414158
0.0005633493385438457
0.0005248490547345696
0.0004878367815366572
0.00045235317537761327
0.0004184524254871366
0.00038615270865297523
0.0003555009005648288
0.0003265006265460567
0.0002991733849204112
0.00027349184676051045
0.0002494538828732235
0.00022760553962791383
0.0002062262678418061
0.00018696387692679095
0.00016915918090446117
0.00015280280312393788
0.00013780551743250953
0.00012410099814035816
0.00011160853018995922
0.00010025893313912603
0.00008998921978569279
0.00008068425343015661
0.00007227086300992756
0.00006470177814912631
0.00005788235481788687
0.00005173222437251877
0.000046297412187274
0.000041357212857200863
0.000036935349920288815
0.00003300566287119653
0.000029441443074179473
0.00002623236367845484
0.000023463940151767206
0.000021013000376391677
0.000018711696880465688
0.00001669818301953512
0.00001486272204845198
0.00001328319659651058
0.000011865905558000963
0.000010580558959947836