0.0034950501372830226
0.0034950123855364322
0.0034948803764487685
0.003494619886010224
0.003494186892042696
0.003493525089889259
0.003492562876806871
0.003491209743976634
0.003489352042705898
0.0034868481472763242
0.0034835231355033755
0.003479163267211989
0.003473510778757216
0.003466259839981004
0.0034570549470622296
0.003445493322346718
0.003431133729204213
0.003413513158406093
0.003392173505081079
0.0033666979120403977
0.003336754515351774
0.003302142130325308
0.0032628296807183633
0.003218980041776534
0.0031709505596281664
0.0031192669671163435
0.0030645735671188832
0.0030075683225681787
0.002948934958394553
0.0028892843641726918
0.002829114285138507
0.0027687917724481675
0.002708556869358128
0.0026485425778347595
0.0025888028451923643
0.002529342139984835
0.00247013996282259
0.002411168234674427
0.00235240140073717
0.002293820663280916
0.002235414570742542
0.002177177954734589
0.0021191105485288014
0.00206121560494221
0.002003499327076015
0.001945970204858995
0.0018886388718884148
0.0018315191479513074
0.0017746299461943375
0.0017179721693796684
0.001661583985270061
0.0016054810634789538
0.001549688168475048
0.0014942338310502377
0.0014391481596852638
0.0013844644807627583
0.0013302242626952823
0.0012764534620868316
0.0012232084004994215
0.001170530079596742
0.00111846813067323
0.001067074110344919
0.0010164062278505053
0.000966518934450762
0.0009174756324577732
0.0008693382969493376
0.0008221793907953161
0.0007760473449260643
0.0007310262133772877
0.0006871858639519103
0.0006445774331589043
0.0006032784297091193
0.0005633459956762333
0.0005248450969763989
0.00048783460627208265
0.0004523670804099089
0.0004184481851461589
0.00038614989876596163
0.000355501160840421
0.00032650676118738266
0.000299189143730538
0.0002734903892318937
0.00024946275248328325
0.00022704916300885354
0.0002062238540184057
0.00018702540082328508
0.00016915640767696432
0.00015280151363259229
0.00013780196232879362
0.0001240981337974007
0.00011162579274423236
0.00010026496005373286
0.00008998673208145049
0.00008068852899317707
0.0000722890942250162
0.00006468525690601454
0.000057868890354109574
0.00005176460287203548
0.000046315260585331504
0.00004133642726953801
0.000036930491961378604
0.00003300359340412377
0.000029446397693448952
0.00002621565490439989
0.0000234547403954003
0.00002101586262757151
0.000018725550797575062
0.000016700066493078102
0.000014855811876814144
0.000013277330529727979
0.000011869729909184466
0.000010571061992808328