0.003198653801027275
0.0031986402002597996
0.003198592635065538
0.0031984987462589003
0.0031983425951110744
0.0031981037191819786
0.003197755958629321
0.003197266005556582
0.0031965916240136783
0.003195679486116758
0.0031944625731691583
0.003192857103928805
0.003190758981592424
0.003188039805409518
0.0031845425832731956
0.0031800774206413767
0.0031744176592196994
0.003167297197571477
0.003158410025940855
0.0031474132922405993
0.0031339353740990105
0.0031175902929939632
0.003097999173694525
0.0030748181813898936
0.0030477705365846612
0.003016678203881505
0.0029814874532482698
0.0029422825449577777
0.0028992837583890273
0.002852829479701595
0.002803345834186549
0.0027513098757890883
0.0026972127166664953
0.0026415274414495803
0.002584684330977637
0.0025270540739348816
0.0024689387449559584
0.002410570088396384
0.0023521143665099077
0.0022936823728316436
0.0022353424305728707
0.0021771338223083767
0.0021190784534177356
0.0020611895000738336
0.0020034769586412134
0.0019459507133192718
0.0018886216626853498
0.0018315036164551339
0.0017746107774814896
0.0017179605905436235
0.0016615742122337818
0.0016054715099378413
0.0015496811850585926
0.0014942279894169604
0.0014391422846487532
0.00138445881256955
0.001330216338999193
0.0012764494067992165
0.0012232050765435846
0.0011705268166609015
0.0011184638174652542
0.0010670716303964912
0.0010164029139894367
0.000966516444951414
0.0009174739903445294
0.0008693366641185754
0.0008221722602444835
0.0007760473732356066
0.0007310273239637985
0.0006871804068948696
0.0006445763849896627
0.0006032776820750309
0.0005633506619537676
0.0005248483815447667
0.00048783818559717054
0.000452354473041322
0.0004184496481930453
0.00038615695892616907
0.00035550177387257576
0.000326497493695831
0.00029917676091089534
0.00027349313433732423
0.00024945634486511477
0.00022705270028402483
0.00020622571075175128
0.00018697681099446193
0.00016915828177661613
0.0001528020022703856
0.00013780770015720876
0.0001241004727154551
0.00011160776506894662
0.00010026200198509157
0.00008998954211689785
0.00008068377022489742
0.00007227526633388
0.00006470309688918086
0.00005788020958749515
0.00005173110734050848
0.000046304010677619415
0.00004135397621993317
0.000036930383567982505
0.00003300313072713869
0.000029443198699785594
0.000026215185371807716
0.000023461136488399
0.000021011240588019948
0.000018711832539694764
0.00001669950227794541
0.000014861736403794206
0.000013279116528002712
0.000011867519876653616
0.000010570212801828287