0.003072592946719302
0.0030725854136720325
0.0030725590674717967
0.003072507056843
0.003072420537924571
0.003072288141369784
0.003072095304498395
0.003071823436852276
0.0030714488814093
0.003070941627256359
0.003070263723291409
0.0030693673381423595
0.003068192405769659
0.0030666638123759853
0.003064688075372943
0.00306214951772795
0.0030589059884223373
0.003054784282465572
0.0030495755650895512
0.0030430313221623526
0.0030348606462050442
0.0030247300083785637
0.003012267006423522
0.002997069802470667
0.002978723887514391
0.0029568271940062277
0.002931023219860306
0.00290103962237068
0.002866727339523886
0.002828092643968007
0.0027853142576393787
0.0027387389237706907
0.002688853309425209
0.002636235878911228
0.0025814977313933034
0.0025252241971023396
0.002467928173483289
0.002410022238274803
0.0023518111203495065
0.0022935011267947157
0.0022352200634509585
0.002177040582565795
0.0021190013716057355
0.0020611231469050946
0.002003418919637204
0.0019458996401775384
0.0018885768282369813
0.0018314637344032812
0.0017745755950850652
0.0017179299829798633
0.0016615468118812407
0.0016054488357077781
0.0015496612394249078
0.0014942093947279077
0.0014391268346443285
0.0013844458748645363
0.0013302037140175847
0.0012764391924885092
0.0012231928276065771
0.0011705188539850129
0.0011184580057707462
0.001067061949579348
0.0010164019809265434
0.0009665125332282607
0.0009174698556017291
0.000869337542535002
0.0008221653726030462
0.0007760446595271553
0.0007310251791049932
0.0006871797488015336
0.000644575366843676
0.0006032761206193709
0.0005633487138336172
0.0005248482456314688
0.0004878357358785069
0.0004523528797570011
0.00041845164796713066
0.00038615282504228906
0.0003554994466240114
0.00032650050022763543
0.0002991881009252017
0.00027349148897152766
0.00024945349156934877
0.00022705020394724209
0.00020622631136883764
0.00018696345853420952
0.00016915901662782807
0.0001528028614259092
0.00013780545061296753
0.00012410117407999965
0.0001116087934961289
0.0001002584161647189
0.00008999029907566935
0.00008068435298946505
0.00007226386626908452
0.00006470173493936927
0.000057882774252826626
0.000051764646515098064
0.00004629753356879237
0.00004135711750806956
0.00003693541494308881
0.00003300617175820588
0.000029439699043361862
0.00002621170895089375
0.00002346347551494482
0.000021011672181454262
0.00001870859374527002
0.00001669771670901214
0.000014860670737650043
0.000013288162471996384
0.0000118671560755617
0.000010579909610930375