0.014082454539646107
0.013976014683723744
0.013628071014675716
0.013033983963847516
0.012245709998267584
0.01135127477223919
0.010438745081315851
0.009571409711290522
0.008782852621179473
0.008083889435408501
0.007471817509160822
0.006937529714277926
0.006469858578062539
0.0060578747963089055
0.005691952545892238
0.005364157497713519
0.005068271531011454
0.004799618959312918
0.004554786670863522
0.004331303110745614
0.004127328042038941
0.003941391620337941
0.0037722026402836313
0.0036185274608543775
0.003479127784136869
0.003352739806782409
0.003238077807536001
0.003133849259445831
0.003038773466439869
0.0029516000285745476
0.002871126109498091
0.0027962126332267525
0.0027257965051598527
0.002658932558088479
0.0025947597784961762
0.002532567766684897
0.0024717701546374815
0.0024119275071285773
0.0023527189973660723
0.002293933902656211
0.0022354405207426972
0.0021771721017870733
0.0021190951164331622
0.002061198614314443
0.0020034832242232232
0.001945955802915572
0.0018886264074674944
0.001831509241701816
0.001774613738927995
0.0017179650533151638
0.0016615758237644928
0.0016054147079841619
0.0015496759369887628
0.0014942275174416723
0.0014391449930873925
0.0013844601343929006
0.001330214725794407
0.0012764493784075154
0.001223205511559544
0.0011705293943243594
0.001118466812761401
0.0010670432642057152
0.0010163991346168477
0.0009665169181751053
0.0009174765883105313
0.000869338116466573
0.0008221721106046995
0.000776046739756718
0.0007310258968938011
0.0006871860833792899
0.0006445770935935704
0.0006032761360995425
0.000563347146563963
0.0005248519892684132
0.0004878343017464134
0.000452361558317076
0.0004184543514932636
0.00038615705641342974
0.0003554993802535542
0.00032648135425649127
0.0002991358286468044
0.0002734408985661147
0.00024942974513173405
0.0002270310092737046
0.0002062401919514575
0.00018694694777813796
0.00016915620174199697
0.00015280067527851805
0.0001377259210477994
0.00012410255716459987
0.00011160420308289064
0.00010025545476926285
0.00009000681029853986
0.00008067715072967217
0.00007224599613565763
0.00006470990884838942
0.000057730120663367615
0.000051780852131009366
0.00004631251837064696
0.000041333387384244554
0.000036977929015667694
0.00003302504737512138
0.0000294247789896569
0.000026250817057686196
0.000023474201059145518
0.000021029557647322936
0.000018686391840311802
0.000016710999053912865
0.000014898303331606498
0.00001330418994541226
0.000011870886242988985
0.000010580495698821952