0.0030668067125871165
0.0030667994063708066
0.0030667738534354695
0.003066723408547038
0.003066639493445004
0.003066511079548867
0.003066324039433702
0.0030660603361391354
0.003065697013311227
0.0030652049426760867
0.0030645472789232408
0.003063677566706779
0.0030625374418399463
0.0030610538722458127
0.003059135892550031
0.0030566708284876765
0.0030535200392458085
0.0030495143203407124
0.003044449239405347
0.003038080890982926
0.003030122837919749
0.003020245351687212
0.003008078424900586
0.002993220301824057
0.002975253276874247
0.0029537680002003517
0.002928396266236883
0.002898850069105355
0.0028649621996829594
0.002826720675703634
0.002784288680666242
0.0027380025893521277
0.0026883452999773307
0.0026358979278984437
0.0025812791818274877
0.0025250847153285095
0.0024678382197650074
0.002409961860872921
0.0023517678691681084
0.0022934678048155237
0.0022351927902538745
0.002177017361451161
0.002118981185588876
0.0020611054358631634
0.0020034033250922105
0.001945885896413579
0.0018885647114065141
0.0018314530661750156
0.0017745662016173803
0.0017179217212301518
0.0016615395479129846
0.0016054425073529649
0.0015496558720162062
0.0014942044908448954
0.0014391225262325453
0.0013844420758663573
0.0013302004456446476
0.0012764363286358806
0.001223189951997775
0.001170516702310189
0.0011184560993618706
0.0010670652426360422
0.0010164011731249136
0.0009665113857235267
0.0009174688489649262
0.0008693370129479126
0.0008221640286070244
0.0007760440697932244
0.0007310246535411239
0.0006871793318432539
0.0006445750654068852
0.0006032762222369603
0.0005633485583244611
0.000524848009934074
0.00048783610286805127
0.0004523527961441769
0.0004184519726562003
0.0003861524787699094
0.00035550046174121814
0.0003265003808323828
0.00029917348229284234
0.0002734916728655135
0.0002494532327449568
0.00022705038713378024
0.00020622622430901036
0.00018696813118098776
0.00016915908072692894
0.00015280303369011954
0.0001378055817038176
0.0001241010518926408
0.0001116084630675198
0.0001002663802606072
0.00008999040371554777
0.00008068511254161848
0.00007226486575829364
0.0000647021816505131
0.00005788295553168072
0.0000517637749057585
0.000046297708269836546
0.00004135627728591899
0.00003693477520404726
0.00003300659157643841
0.000029440227746346426
0.000026211505909269162
0.000023463024137576864
0.000021012524237597924
0.000018709473538691806
0.000016695535274706594
0.000014859894997094036
0.000013288713535096584
0.000011866464165012491
0.000010581857522007178