0.008766661141788257
0.008753028988531034
0.008706165031418871
0.008617188391654299
0.008478686577389684
0.008286717836896277
0.008042522155371865
0.007753083713830645
0.007430058764238969
0.007087401342593166
0.006738673384746157
0.006395023608377245
0.006064281559823907
0.0057510386822534395
0.005457309931529833
0.005183379866374309
0.004928574544792485
0.004691838702257279
0.004472092184385888
0.004268393401620652
0.004079963646486518
0.003906132807405944
0.003746259153933451
0.003599659016338722
0.0034655632982961353
0.0033431027928506793
0.0032313157994153774
0.0031291690965329026
0.0030355847087506584
0.0029494674711967065
0.0028697316081891964
0.0027953256198611645
0.0027252551149214033
0.002658611197994638
0.002594580846646774
0.0025324730104115878
0.002471724785703015
0.0024119083995221037
0.0023527149259194896
0.0022939349902514608
0.0022354427192860134
0.002177174578939154
0.0021190993063744507
0.0020612022819335124
0.002003487062267112
0.0019459592358537375
0.001888629107441382
0.001831509655742609
0.0017746155209851643
0.0017179652520669594
0.0016615775041088916
0.001605475476942738
0.0015496798836869535
0.001494227656587476
0.0014391444595400317
0.0013844623221918554
0.0013302169377699044
0.0012764506612253752
0.0012232055486832295
0.0011705662130593907
0.0011184685013450745
0.001067056769625292
0.0010164026779060386
0.0009665162734110124
0.0009174753758820533
0.0008693496981956225
0.0008221711494751252
0.0007760436800760463
0.0007310273337261642
0.0006871836539220687
0.0006445767059663366
0.0006032746874891681
0.0005633503458473598
0.0005248578901315397
0.0004878317319959611
0.00045236121604046875
0.00041844960546785434
0.00038611178612857366
0.0003554981500977062
0.00032613913211031046
0.00029914132447435895
0.00027345424488373635
0.0002494378413043829
0.00022703098046282565
0.00020624605411707426
0.0001869527101665268
0.000169138841695937
0.00015279592311864303
0.0001377427496088839
0.00012409785046165267
0.00011160920630130893
0.00010026113048030753
0.0000900046484924691
0.00008068087540820455
0.00007222937674048943
0.0000647142943947393
0.00005775155573745023
0.000051789477902337856
0.00004629789888312587
0.000041338044075882134
0.00003696648010964957
0.00003303176358730034
0.0000294413220386147
0.000026245216807299768
0.00002346067346085825
0.000021039809338691023
0.000018682263030592836
0.000016684382356500717
0.000014901898124373663
0.00001328287001071645
0.000011872255615261958
0.000010589777951150957