0.00492331610600572
0.004922754068567041
0.004920791828924954
0.004916933746573247
0.004910561354741246
0.00490091808504331
0.004887100838845278
0.0048680645539575665
0.004842647553931646
0.00480962583968169
0.004767802075940392
0.004716128467312281
0.004653851242652279
0.004580651988900262
0.004496751218214284
0.004402942414884044
0.004300541273801568
0.0041912608608304005
0.004077045735116236
0.003959905066955107
0.0038417745372289302
0.0037244179074531233
0.003609363766578502
0.00349786697968974
0.0033908870198215797
0.003289080421480714
0.0031928076993815104
0.0031021549091793444
0.0030169680795100315
0.0029368969666057868
0.002861443998386597
0.0027900147174820737
0.002721966888423231
0.002656655984678583
0.0025934748094411397
0.0025318850162136587
0.0024714379654418484
0.002411784073867888
0.002352648569715689
0.0022939265922683407
0.002235451137404365
0.0021771875884165777
0.0021191118608921327
0.0020612135917889127
0.002003496830853785
0.0019459678527731018
0.0018886362694399777
0.001831518265524961
0.0017746207234902779
0.0017179704351781317
0.0016615824551722378
0.0016054779536187186
0.0015497038767044642
0.001494231085229424
0.0014391492927514594
0.0013844646289913956
0.001330219626640014
0.001276463189550741
0.0012232075303258714
0.0011705307313912838
0.0011184673665658828
0.0010670699952658785
0.0010164137092291722
0.0009665185089393151
0.0009174751856243581
0.0008693385320439812
0.0008221733929036309
0.0007760461370305671
0.000731030156134182
0.0006871802792655403
0.0006445743914757432
0.0006032719304185197
0.0005633491714134113
0.0005248512430037446
0.000487845224531831
0.00045242856587371507
0.00041844395130020246
0.00038614733708185184
0.0003555022463307549
0.00032651776027673433
0.00029915522844029246
0.00027348008117255055
0.0002494556737811377
0.00022704095682044017
0.0002062398940306889
0.00018724736561556902
0.0001691457267930265
0.00015279903843251467
0.00013777363128988126
0.00012410678353874194
0.00011160624075630289
0.00010025285948953804
0.00009000370957211028
0.0000806824189600793
0.0000722941397065937
0.00006470226564316766
0.00005781913945007937
0.00005177690315134616
0.000046288539862130275
0.000041349528830651395
0.000036944985940227813
0.00003303107424033393
0.00002944498793299569
0.000026241530802631522
0.000023461152111643195
0.00002102323797665846
0.00001871276856636269
0.000016702979320363038
0.00001490621155000683
0.000013277239514039746
0.00001186883267943755
0.000010589281808258718