0.004377695497898049
0.004377444774070825
0.004376568710412814
0.004374842995022388
0.004371983235844069
0.004367633280625468
0.004361353499133375
0.00435261060212435
0.0043407715096019026
0.004325104878175272
0.004304794904186822
0.004278972399559063
0.004246767232856742
0.004207382949104912
0.004160188757380361
0.004104816612943462
0.004041244684861769
0.003969846664580261
0.0038913923382896624
0.0038069961786799797
0.003718025026707644
0.0036259838282120746
0.003532398971721317
0.003438714092892678
0.0033462057062460765
0.0032559222286369675
0.00316864738264532
0.0030848877198915944
0.003004882371017812
0.002928631321222918
0.002855937195784033
0.0027864551326202643
0.002719745654225325
0.002655326064374862
0.0025927164434527603
0.0025314768590827003
0.002471233138632215
0.002411690005765454
0.002352626570806623
0.0022939144708084974
0.002235449772842808
0.0021771902822729445
0.0021191148886487167
0.0020612176268951254
0.0020034995616728377
0.0019459700616961608
0.0018886342356275068
0.001831518950048472
0.0017746233385773167
0.0017179714906255601
0.0016615839779407341
0.0016054807737941128
0.0015496927023436254
0.0014942043559495802
0.0014391492726542469
0.001384464788814053
0.0013302227559994155
0.0012764561609590846
0.001223208169307753
0.0011705293744539464
0.0011184677359231112
0.001067070535509762
0.0010164137705146654
0.0009665190935466175
0.0009174781214171889
0.000869336590713045
0.0008223378283391442
0.000776047774112737
0.0007310285711796486
0.0006871800548270711
0.0006445767276999409
0.0006032750812519072
0.0005633478594140698
0.0005248499987856583
0.0004878413717006288
0.0004524060926109385
0.0004184455594940567
0.0003861520655427225
0.0003555003651475446
0.0003265135333329816
0.00029916147295938985
0.00027348985297055993
0.0002494558557758799
0.00022704652161925043
0.00020623014411459256
0.0001872145061441109
0.0001691484444887826
0.00015279979854991587
0.00013778609809061778
0.00012410799940456338
0.00011160278414598307
0.00010025386893867536
0.00008999930890780529
0.00008068246638454662
0.00007228821243201132
0.00006470123410962776
0.000057844469347613865
0.000051775082730421084
0.00004629227538751129
0.000041357548340108675
0.00003690573216884381
0.00003302579297776048
0.000029444990124939755
0.000026231016406962113
0.000023467785932095226
0.000021026176081420473
0.00001872152702161425
0.000016702387212317762
0.000014900151009360864
0.000013278549447588275
0.00001186403032347453
0.000010581556855855637