0.004034498431610473
0.004034363284688944
0.004033890889610473
0.004032959554062011
0.00403141389714849
0.004029057307774161
0.0040256435145114185
0.0040208676523578
0.004014357613958679
0.004005667012740941
0.003994271796689869
0.0039795733370608325
0.003960911469772438
0.003937591100791186
0.003908925055690469
0.0038742933254011925
0.0038332145926397174
0.003785420652553662
0.003730919921276806
0.0036700350445968764
0.003603403532915662
0.0035319380667480503
0.003456752877357175
0.003379068650367774
0.003300111446351865
0.0032210191845870473
0.0031427660169485836
0.003066110950976789
0.0029915732570589037
0.002919433497735455
0.0028497573680159594
0.0027824331857136783
0.0027172219447484385
0.0026538091862151948
0.0025918466221241817
0.00253100418324984
0.002470994640481871
0.002411577360388633
0.002352583377407717
0.0022938972432892443
0.00223544513533086
0.0021771911307028836
0.0021191175765163457
0.0020612192675937163
0.002003501877156706
0.0019459735329815635
0.0018886393921814244
0.0018315195349223722
0.0017746238686206664
0.001717973171372847
0.001661584688432667
0.001605482400754445
0.0015496900666816895
0.001494223921187849
0.0014391485720052792
0.0013844667903223857
0.0013302286717295176
0.0012764547206282862
0.0012232085671928495
0.0011705296871674555
0.0011184670420336666
0.0010670732960139909
0.0010164087472375625
0.000966518155027266
0.0009174762129395607
0.0008693407515038325
0.000822172723827084
0.0007760475768779501
0.000731028175252292
0.0006871820445668804
0.0006445763461978098
0.000603276755434147
0.0005633466423597285
0.0005248485063174509
0.00048783806903808985
0.00045238774648041747
0.0004184451255471663
0.0003861509662734171
0.0003554990920044003
0.00032651779055158244
0.00029917620322073956
0.00027349195252916953
0.0002494546028639761
0.00022704659096419791
0.00020622696892209092
0.0001871333131990474
0.00016915298257310033
0.00015279973223496365
0.00013779497239159045
0.00012410407811445253
0.00011160195016198054
0.00010026216309338358
0.000089993662006822
0.00008069661088731528
0.00007229017604280269
0.000064699124829295
0.00005785280234531418
0.00005177786327314545
0.00004629378497094914
0.00004134923644599394
0.00003691200120734752
0.000033125159745728166
0.000029447375769215926
0.000026231065034529276
0.00002346996294770659
0.000021027217514223356
0.000018720250167156352
0.000016700455215430634
0.000014855087314937372
0.000013276796278767027
0.00001186276672861334
0.000010578066650274319