0.0037980445780272415
0.0037979625827448305
0.0037976759190033664
0.003797110501575295
0.003796171381399514
0.0037947377595094443
0.003792657156946883
0.0037897388032944084
0.0037857464666292565
0.0037803912022917846
0.0037733248718487726
0.0037641357867121803
0.003752348432375957
0.0037374298206628333
0.003718805371382855
0.00369588697882018
0.0036681146356564087
0.0036350103530819046
0.0035962392724250333
0.0035516687250610286
0.0035014132275146236
0.0034458537603760087
0.003385623921843822
0.0033215626076146597
0.0032546402283609175
0.00318587068164713
0.003116223347580221
0.00304654772881592
0.002977519039205084
0.0029096117780397206
0.0028430976138210965
0.0027780669960385035
0.0027144659020556005
0.0026521421973330042
0.002590887780719602
0.002530483991842571
0.0024707281590697016
0.0024114518957153593
0.0023525293025924363
0.002293875318185553
0.002235437655883375
0.002177188546706701
0.0021191165374012523
0.002061219496665875
0.002003502436357967
0.0019459731395123617
0.001888640796873807
0.0018315262100390241
0.0017746250394093934
0.0017179736309361772
0.0016615851553393188
0.0016054823383037644
0.001549689809052484
0.0014942311878969332
0.0014391455292838947
0.0013844662019463975
0.001330224019390364
0.0012764544720669146
0.0012232086443995935
0.0011705300567873811
0.001118468840194455
0.001067073677795353
0.0010164062011823322
0.000966518020365727
0.0009174755888902524
0.0008693380632517376
0.0008221743955388381
0.0007760477881562908
0.0007310280577348143
0.000687182778042371
0.000644576980308776
0.0006032790052412839
0.0005633499656221513
0.0005248492159565313
0.0004878365895701521
0.0004523821605840387
0.00041848396051932633
0.0003861393444093659
0.0003555036040178129
0.0003265132297889038
0.0002991734489677645
0.00027349446888556936
0.0002494671183552167
0.00022704446657257824
0.00020622367759355855
0.00018708060660823885
0.00016915691560541143
0.00015294266649491803
0.00013780221200299488
0.00012410441082821673
0.0001116061063047328
0.00010026717762847082
0.00008998838372714978
0.00008069165761964748
0.00007228722822474877
0.00006469988371890242
0.00005785902028437297
0.000051767239210451503
0.000046304438576507274
0.00004133927543401517
0.00003691905208629835
0.00003312326895941464
0.000029446792954747666
0.000026218987559508418
0.000023470517604609988
0.000021028959051073226
0.000018717118414953
0.000016700678548716157
0.000014863685393385793
0.000013277287884297652
0.000011862370532188529
0.000010586461041048153