0.0030840543881734957
0.0030840463876929403
0.0030840184068101923
0.0030839631696936314
0.0030838712852534287
0.003083730682141599
0.003083525901192913
0.0030832372122209213
0.003082839515941867
0.00308230098547286
0.0030815813960582052
0.00308063008770543
0.0030793835054134565
0.0030777622690743634
0.0030756677455930892
0.0030729781324113042
0.00306954414222062
0.0030651844737201893
0.003059681439497855
0.0030527773444757305
0.0030441725074906957
0.0030335261470709105
0.0030204616425371245
0.003004577800136209
0.0029854675087728384
0.002962744348704131
0.002936076190984816
0.002905222624988051
0.002870070926982551
0.0028306632717189097
0.002787208311351834
0.0027400720515891384
0.002689747326091577
0.002636806195575421
0.0025818438858555464
0.0025254248427480606
0.0024680404413562076
0.002410084316189264
0.0023518464815323065
0.0022935230136325335
0.0022352353191095325
0.002177052450698981
0.002119011281427702
0.0020611317109024523
0.0020034264200880147
0.0019459062387889093
0.0018885826370402983
0.0018314688561384593
0.0017745801040698259
0.0017179339531005916
0.0016615503017332047
0.0016054519186225696
0.0015496640473521902
0.0014942117525947082
0.0014391288863298969
0.0013844476571897451
0.0013302052900362237
0.0012764405534367615
0.0012231939181167916
0.0011705198860585816
0.0011184588795083654
0.001067062579718634
0.0010164028061397374
0.0009665131221773655
0.0009174703546833672
0.0008693379339037651
0.0008221656171261731
0.0007760449838659173
0.0007310254339680904
0.0006871799692646771
0.0006445755649399399
0.000603276250163937
0.0005633488593492899
0.0005248483583169954
0.0004878358614827669
0.0004523529439519562
0.0004184517414016672
0.00038615286220272237
0.00035549947193788445
0.00032650062309979314
0.0002991729463123218
0.000273491531717721
0.0002494536891204352
0.00022705017377490434
0.00020622631806089463
0.0001869632249585883
0.00016915903501999366
0.00015280277998717089
0.00013780542445827136
0.00012410114287491483
0.00011160885003628639
0.00010025862338420365
0.00008999006680996529
0.00008068406319518201
0.0000722637427363379
0.00006470166264815635
0.00005788294656546953
0.000051764159507775946
0.00004629715989412704
0.00004135718966870662
0.00003693560737071288
0.00003300590465092768
0.000029442221294786688
0.000026211576431056198
0.000023463773170215845
0.00002101363886288985
0.000018710749837589923
0.000016698567848238485
0.000014862792649299578
0.000013285317131514541
0.000011866349624146735
0.000010580497947470533