0.0033448935372568794
0.0033448685748239085
0.0033447812824807226
0.003344609009951262
0.0033443225936001584
0.0033438846795471604
0.003343247669086442
0.003342351228605074
0.003341119314521201
0.00333945668612177
0.0033372449239618754
0.003334338049917061
0.0033305579705463356
0.003325690151435943
0.0033194801839006916
0.003311632216907589
0.0033018105521228124
0.003289645939650689
0.0032747481000065114
0.0032567255175774447
0.003235212411586541
0.0032099009753646292
0.003180574813937175
0.0031471377414632015
0.0031096316808587993
0.0030682389370853182
0.003023267432540796
0.0029751214513506962
0.002924263580458203
0.0028711748881270786
0.0028163197896597407
0.0027601200491683244
0.002702939670035334
0.0026450798364899934
0.0025867812076346046
0.002528230296889228
0.0024695672413388423
0.0024108935169982475
0.0023522792644422243
0.0022937703408995634
0.002235395095905975
0.0021771705405839404
0.0021191074335824836
0.0020612139889805954
0.002003498246471216
0.0019459694356740713
0.0018886381916981296
0.0018315177727808508
0.001774623892877828
0.0017179718002273603
0.001661583530152132
0.0016054807863137305
0.0015496890811935002
0.0014942341325808698
0.0014391485274466698
0.001384463157653406
0.001330220253453394
0.0012764529115322507
0.0012232087753800253
0.0011705333336241165
0.0011185360206063155
0.0010670733302301483
0.0010164051742443726
0.0009665177753608236
0.0009174754497826628
0.0008693373964803813
0.0008221730085937781
0.0007760486126057918
0.0007310282277492267
0.0006871820522353513
0.0006445771804139117
0.0006032779244930244
0.0005633517831481309
0.0005248479618146741
0.00048783854630077424
0.000452358876653042
0.00041844830005951844
0.0003861541362092674
0.0003555005741062028
0.00032649881536744315
0.0002991785724201001
0.0002734882997014404
0.00024946826856129547
0.00022705359111526935
0.00020622538967705049
0.00018698340014263538
0.00016915875502093437
0.00015280164916948828
0.00013780880893286975
0.00012409920208146394
0.00011160740684060033
0.00010026346822821659
0.00008999009348877363
0.00008068394202417259
0.00007227704268101913
0.0000647057533759064
0.000057879459118106725
0.00005173122639026805
0.00004630385810430433
0.0000413409967756748
0.00003693273664252171
0.00003300244566181515
0.0000294437444723108
0.000026216537246943227
0.000023460200942041448
0.000021012505521074733
0.0000187162579785611
0.000016699246032470574
0.000014864385993647195
0.0000132780043132637
0.000011867654197311166
0.000010571429880403922