0.003550082270706157
0.0035500338427465147
0.0035498645150959345
0.0035495304471636385
0.003548975333707524
0.003548127312608045
0.0035468953102442825
0.0035451646738876752
0.0035427922882669428
0.003539601196648999
0.0035353750912738187
0.003529853236883115
0.0035227267460017104
0.0035136375444560263
0.0035021817893494665
0.0034879197798236153
0.0034703942883209755
0.003449158429919306
0.003423812437369277
0.003394046072555909
0.003359680475490575
0.0033207012019429273
0.0032772743591859663
0.0032297407546554155
0.003178588050689331
0.003124406050135191
0.0030678333618441014
0.0030095040430466852
0.0029500011886057086
0.002889822196651955
0.0028293583137252065
0.002768889230218418
0.002708591236882269
0.0026485556256333554
0.0025888122322500922
0.002529353266793953
0.0024701531307523583
0.002411182314282881
0.002352415294591443
0.002293833680355712
0.002235426403293143
0.002177188551029519
0.0021191199523230633
0.0020612239436042746
0.002003506737954674
0.0019459767464475681
0.001888644646796029
0.0018315237029769681
0.0017746312578851842
0.0017179763951813665
0.0016615873903688086
0.0016054843193297513
0.0015496938540144874
0.0014942365277533839
0.001439150580262133
0.001384466738341632
0.0013302221303883646
0.0012764550079277402
0.0012232094740306568
0.001170530973959767
0.001118468879520546
0.001067071356633665
0.0010164063019841608
0.0009665191981254853
0.0009174768312942389
0.0008693387453881094
0.0008221769918799114
0.0007760470977341874
0.000731027285349521
0.0006871831563221552
0.0006445767551030144
0.000603278252188637
0.0005633462087633112
0.0005248473103492995
0.00048783438726378254
0.00045236383607532714
0.00041844825813453895
0.0003861497479778344
0.0003554991889632743
0.00032650699547528934
0.00029918562122337845
0.00027349050359832275
0.0002494662079552596
0.00022705750694142237
0.0002062251881062572
0.0001870064430793398
0.00016915628595607564
0.00015280050825920114
0.00013780881541059937
0.00012409660353922614
0.00011160203696939778
0.00010026431303776987
0.00008998840775579262
0.00008068827857237382
0.00007228084465465883
0.00006469774202420852
0.000057875118818471084
0.000051765942875877665
0.00004631444587786264
0.00004134293411722571
0.00003693093070948024
0.00003300142594545928
0.000029445035294172275
0.000026221353270443404
0.000023455985346653657
0.000021016996506849196
0.000018722043950260093
0.000016698777417023767
0.000014858747052584257
0.000013275670672186772
0.000011868515840766051
0.000010573685924387124