0.0032190564850537754
0.0032190412055369605
0.0032189877703186864
0.0032188822991193033
0.003218706897739601
0.0032184386047584604
0.0032180480861578467
0.0032174980284957735
0.0032167411780586936
0.0032157179746414
0.003214353737855341
0.003212555386579819
0.0032102077159866143
0.0032071693314462326
0.00320326845607359
0.0031982989991926523
0.003192017500386726
0.003184141835448812
0.0031743528408744825
0.003162300194361055
0.003147613828625167
0.0031299217081270083
0.0031088737183446002
0.0030841700222835776
0.003055590345299855
0.003023019475401198
0.0029864640184016264
0.0029460568015475664
0.0029020478880335565
0.002854784048483697
0.0028046806476121197
0.0027521905994299985
0.0026977744087651285
0.0026418739919072862
0.002584891704588373
0.002527175268003779
0.0024690090128616504
0.002410611683950665
0.00235214052174201
0.0022937004399726344
0.0022353562090759883
0.002177145138706617
0.0021189511810999206
0.0020611979638452244
0.002003484398044174
0.001945957253454136
0.0018886274980065316
0.0018315085269178237
0.0017746150726433323
0.0017179648341962624
0.0016615774337783115
0.0016054762735549062
0.0015496836957176953
0.001494230118632095
0.0014391445907096369
0.0013844610550068086
0.0013302176380185725
0.0012764509518194663
0.0012232061009852095
0.0011705279035258416
0.0011184652193860231
0.0010670726301114986
0.0010164037154002266
0.0009665171227302086
0.0009174742905658347
0.0008693428986329886
0.0008221727772197123
0.0007760479826311178
0.000731027194098492
0.000687180923998475
0.0006445763304267258
0.0006032778583481061
0.0005633506788946916
0.0005248487802422205
0.0004878366787078188
0.0004523530342194455
0.00041844887735323447
0.00038615463543032066
0.00035550141548147397
0.0003264979065663133
0.0002991751077376756
0.0002734926191212188
0.000249453485628048
0.00022705272132493036
0.00020622505649295876
0.00018697091784508255
0.00016915894822178308
0.0001528023674199694
0.00013780593022917184
0.00012410070416294763
0.00011160859381182583
0.000100259543740732
0.00008998914166888143
0.00008068308086027652
0.00007227378627964547
0.00006470104610197112
0.000057880366199861404
0.000051733865099780034
0.00004630294489963761
0.000041356127104391975
0.00003693375248444304
0.000032612915665759774
0.000029441834873941706
0.000026234838523645836
0.00002346239512083783
0.00002100995446887369
0.000018712691646383463
0.000016699419389702746
0.000014864144379919396
0.000013272567716776004
0.000011866221849583656
0.000010583679749678352