0.008766661141788257
0.008753028988531034
0.00870616503141887
0.008617188391654299
0.008478686577389684
0.008286717836896277
0.008042522155371865
0.007753083713830644
0.007430058764238969
0.007087401342593166
0.006738673384746157
0.006395023608377245
0.006064281559823906
0.0057510386822534395
0.005457309931529833
0.005183379866374308
0.004928574544792485
0.004691838702257279
0.004472092184385887
0.004268393401620651
0.004079963646486519
0.003906132807405944
0.003746259153933451
0.003599659016338721
0.0034655632982961357
0.0033431027928506793
0.003231315799415378
0.0031291690965329026
0.0030355847087506584
0.0029494674711967065
0.0028697316081891964
0.0027953256198611645
0.0027252551149214033
0.002658611197994638
0.0025945808466467735
0.0025324730104115878
0.002471724785703015
0.0024119083995221037
0.0023527149259194896
0.0022939349902514608
0.0022354427192860134
0.0021771745789391536
0.0021190993063744507
0.0020612022819335124
0.002003487062267112
0.0019459592358537375
0.0018886291074413821
0.001831509655742609
0.0017746155209851643
0.0017179652520669594
0.0016615775041088916
0.001605475476942738
0.0015496798836869535
0.0014942276565874761
0.0014391444595400317
0.0013844623221918554
0.0013302169377699044
0.0012764506612253752
0.0012232055486832295
0.0011705662130593907
0.0011184685013450745
0.001067056769625292
0.0010164026779060386
0.0009665162734110124
0.0009174753758820533
0.0008693496981956228
0.0008221711494751251
0.0007760436800760464
0.0007310273337261643
0.0006871836539220685
0.0006445767059663366
0.0006032746874891681
0.0005633503458473598
0.0005248578901315397
0.0004878317319959613
0.00045236121604046875
0.00041844960546785434
0.00038611178612857366
0.0003554981500977062
0.0003261391321103105
0.00029914132447435895
0.00027345424488373635
0.0002494378413043829
0.00022703098046282565
0.00020624605411707426
0.0001869527101665268
0.000169138841695937
0.00015279592311864305
0.0001377427496088839
0.00012409785046165267
0.0001116092063013089
0.00010026113048030753
0.00009000464849246908
0.00008068087540820455
0.00007222937674048942
0.00006471429439473929
0.00005775155573745024
0.000051789477902337856
0.00004629789888312587
0.000041338044075882134
0.00003696648010964957
0.000033031763587300346
0.000029441322038614703
0.000026245216807299768
0.00002346067346085825
0.00002103980933869102
0.00001868226303059284
0.00001668438235650072
0.000014901898124373671
0.000013282870010716445
0.00001187225561526196
0.000010589777951150956