0.0030779310946144815
0.003077923355835054
0.0030778962901512616
0.003077842859390066
0.003077753978738366
0.0030776179696525236
0.003077419874421468
0.003077140600068864
0.0030767558531431373
0.0030762348205146403
0.0030755385452130414
0.003074617941754868
0.003073411394299814
0.0030718418865049815
0.003069813628985823
0.003067208185953275
0.0030638801673078687
0.0030596526528036956
0.0030543126884792302
0.0030476073975237512
0.003039241565580513
0.003028877886140838
0.003016141380644831
0.003000629690680167
0.0029819307896124924
0.0029596489438534546
0.002933438285399783
0.002903041163352244
0.0028683259281544315
0.002829316817506965
0.0027862082318000675
0.002739357703844747
0.0026892562137187837
0.002636480003278841
0.0025816328109225036
0.0025252897241330673
0.0024679528345408503
0.002410025105419202
0.002351803768729367
0.0022934899248099015
0.0022352081430946883
0.002177029270725775
0.0021189911144764008
0.0020611140090085263
0.0020033401441107556
0.0019458925010656589
0.0018885705194704957
0.0018314582043337593
0.001774570726319824
0.0017179257146851452
0.0016615430577892605
0.0016054456663194023
0.001549659037619558
0.0014942068667012345
0.0014391245616744927
0.0013844438076976735
0.0013302020417882837
0.00127643767531476
0.0012231906347667193
0.0011705177391285434
0.0011184569176944735
0.0010670662501611238
0.0010164026274851932
0.0009665120326143359
0.0009174693773508191
0.0008693376109155272
0.0008221694418409451
0.0007760444579208225
0.0007310247776580738
0.0006871790894057266
0.0006445753414662133
0.0006032763562101917
0.0005633488035317693
0.0005248481481376225
0.0004878365563834729
0.00045235289415776063
0.0004184524390670276
0.0003861523227549223
0.00035550071885138843
0.00032650098326088045
0.00029917377849918506
0.00027349191176554983
0.00024945342098306445
0.0002270503449084137
0.00020622617691755043
0.00018696849656558415
0.00016915920360122065
0.00015280301113219634
0.0001378050459539476
0.0001241010667477915
0.00011160823651406557
0.00010025880536444187
0.00008999015621715875
0.00008068511647157094
0.00007227263322593476
0.00006470255300992879
0.00005788239625904326
0.00005176332231583619
0.000046297515041556754
0.00004135628207500884
0.00003693469556056415
0.00003300622207013509
0.000029440546166983387
0.000026212201204300785
0.00002346273001927094
0.00002101190110718711
0.000018709606011915725
0.000016696359499503846
0.00001485954508256069
0.000013288925947921489
0.000011866825308503494
0.00001058177065065808