0.013554694262805164
0.013448486665373488
0.013101353924647542
0.012508861488543722
0.011723221887438545
0.01083277436588739
0.009925960409206366
0.009066502413349895
0.008288465037131798
0.007603165525361347
0.007008378950896755
0.006495385922817818
0.006053232926294301
0.00567093963610562
0.005338487200948268
0.0050471695875641265
0.004789647097389953
0.004559876406987554
0.004352995769514836
0.0041651929756139645
0.003993560695942826
0.003835938413291341
0.0036907442964878626
0.0035568075326511835
0.003433215348096779
0.0033191877690052726
0.0032139873019393617
0.003116863763807949
0.0030270291626536654
0.002943655103237782
0.0028658853299406064
0.002792857445662209
0.0027237294925664614
0.0026577081484233525
0.0025940752663058406
0.0025322101520030673
0.002471603560922926
0.002411862717561434
0.0023527036797185387
0.0022939406840531825
0.0022354559701500414
0.0021771884842855093
0.0021191128959400876
0.002061213141168857
0.0020034965118146657
0.0019459677497821186
0.0018886355003639762
0.0018315162434271292
0.001774621263577317
0.0017179702970481427
0.0016615824436270906
0.0016054786067042396
0.0015497209380574977
0.001494233797326355
0.001439147788339959
0.001384464906588117
0.001330219472734844
0.0012764739119571695
0.0012232075597876989
0.0011705324234853633
0.001118466894402786
0.0010670746804278793
0.0010164192646085765
0.0009665168686341306
0.0009174754599878864
0.0008693387652215583
0.0008221730858729238
0.0007760448765404564
0.0007310259742341895
0.0006871799926297145
0.0006445770835408048
0.0006032679615034687
0.000563349365850917
0.0005248532117244898
0.00048784674325496187
0.00045244249177699044
0.00041844264398992697
0.0003861401136605541
0.00035550215762552553
0.0003265219307066286
0.0002991508911963157
0.0002734770353187562
0.00024945236379020846
0.00022703782493805922
0.0002062393884673096
0.00018696207182445363
0.00016916030522729915
0.00015280107058762493
0.0001377918572292141
0.00012410930545882315
0.00011160155792996958
0.00010025811478263336
0.00009000701806059472
0.00008068397967778361
0.0000722919405210721
0.00006469759071713648
0.0000578061402847881
0.00005177510146849261
0.00004628843092275592
0.00004134723407187277
0.000036955943765308316
0.000033034186852397964
0.00002944285182661115
0.00002624739840803396
0.000023457547644580826
0.000021023369829401117
0.000018711489057119276
0.000016700075408704566
0.000014866963056616315
0.00001328201136803529
0.000011859508350511989
0.000010594005177378126