0.005658895955668512
0.005657173107734376
0.005651173277775501
0.0056394447266893055
0.005620267296383059
0.00559169581352741
0.0055516662305701
0.00549818032517628
0.005429568406036081
0.005344799514308152
0.005243772080094532
0.005127493512407422
0.004998067853158556
0.004858465038819933
0.004712123481872225
0.004562497555304141
0.004412670779309175
0.004265114805723284
0.004121613333071052
0.003983319101112457
0.003850888878241422
0.0037246405084189866
0.0036046900292236207
0.003491046544275126
0.0033836597064436052
0.0032824289119240653
0.0031871899446839678
0.0030976954279768724
0.003013601320191639
0.002934465814070436
0.0028597617875281704
0.002788900583202564
0.0027212632984533395
0.00265623527299624
0.0025932394372435484
0.002531764446910102
0.0024713841262263276
0.002411766168279544
0.0023526643191616233
0.0022939337949101374
0.002235460781988206
0.0021771976442650958
0.002119120565634085
0.002061222380547101
0.0020035036821412886
0.0019459736745861896
0.0018886374133468004
0.0018315217465774093
0.0017746257991456498
0.0017179736545019902
0.0016615858795702614
0.0016054824435184113
0.0015496941669597547
0.0014942056391691306
0.0014391503954885162
0.0013844657699013658
0.001330223611886242
0.001276456906342487
0.0012232088172468361
0.0011705299365515607
0.0011184682224990978
0.0010670709557264678
0.0010164141325140312
0.0009665194045584316
0.0009174783878582444
0.0008693368182719876
0.0008223380703146897
0.0007760479384521302
0.0007310287100829458
0.000687180171773721
0.0006445768257550015
0.0006032751631093902
0.0005633479274363857
0.0005248500550391549
0.000487841417985426
0.00045240613008369233
0.00041844559032995266
0.0003861520904983871
0.00035550038522541675
0.0003265135490714894
0.0002991614857167056
0.000273489862648223
0.00024945586367824344
0.0002270465277763545
0.00020623015086025363
0.00018721443457111266
0.00016914844732189216
0.0001527998008175857
0.00013778609715918932
0.00012410800020011127
0.00011160278558417289
0.00010025386961857554
0.00008999921251340309
0.00008068244095748165
0.00007228818821483197
0.00006470125057692767
0.00005784447151316854
0.00005177507567840803
0.00004629221892188678
0.0000413576178613484
0.000036905729669858
0.00003302573411361861
0.000029445091531864272
0.00002623124561050336
0.000023467840302239565
0.000021025971978221917
0.000018721564358943878
0.000016702422406354625
0.000014900171642651547
0.000013278864304162773
0.000011864076855146732
0.000010581592286182779