0.004715935976203905
0.004715409804940425
0.00471357292867577
0.004709961984511752
0.004703999693127597
0.004694981552222898
0.004682069585738305
0.004664299169748571
0.004640606473894545
0.004609884251922451
0.004571071078039657
0.004523272186348728
0.004465898624017109
0.0043987981542212605
0.004322342454088564
0.0042374381785656
0.004145447928249669
0.004048035673509446
0.00394697645239257
0.0038439791010763035
0.003740559918486706
0.0036379813821534983
0.0035372471417225776
0.003439129981154247
0.00334420862753857
0.003252896453032664
0.00316545634196683
0.003082005057955074
0.0030025148717938146
0.0029268198071382696
0.0028546320731358634
0.0027855661204354023
0.0027191736949198015
0.0026549817669316647
0.0025925225329930966
0.002531376487145555
0.002471190426100989
0.002411676326851218
0.0023526325867873534
0.0022939225612158753
0.0022354596516256167
0.002177200893072607
0.0021191251295042224
0.0020612256008812058
0.0020035073693969196
0.0019459783493559002
0.0018886436286482506
0.0018315232632966417
0.0017746271491491303
0.0017179760563811363
0.0016615872238262507
0.0016054846269754276
0.0015496920194474513
0.001494225632107912
0.0014391500690898499
0.0013844680984191567
0.0013302298128980575
0.0012764557144629926
0.001223209431104669
0.0011705304366259885
0.001118467690798166
0.0010670738563004604
0.0010164092299016416
0.0009665185697084479
0.0009174765681934341
0.000869341054915134
0.0008221729821179729
0.0007760477959968296
0.000731028360456465
0.0006871822004955922
0.0006445764769402081
0.0006032768645773987
0.0005633467330561316
0.0005248485813220765
0.0004878381307507344
0.0004523877963326565
0.000418445166661681
0.00038615099954816996
0.00035549911886579677
0.00032651781144141294
0.0002991762202293196
0.0002734919653658455
0.0002494546134034622
0.00022704659917388212
0.00020622697807668716
0.0001871332137972983
0.0001691529863551357
0.0001527997352695465
0.00013779497106530965
0.00012410407948800268
0.00011160195232309253
0.00010026216384135125
0.00008999353285858707
0.00008069654888545436
0.00007229014090358038
0.00006469914734832516
0.000057852808385124724
0.00005177785365833328
0.000046293709684916084
0.000041349331023847534
0.00003691200383759786
0.00003312463277928568
0.000029447841278152997
0.000026231362748709732
0.00002347003452060246
0.0000210269370773464
0.00001872029077847001
0.00001670101363856022
0.000014855338732771707
0.000013276846113113006
0.00001186282665267334
0.000010578123575579981