0.0037033408191986233
0.003703267061618537
0.003703009201003339
0.003702500610045068
0.0037016559187229557
0.0037003665535244594
0.003698495535487963
0.0036958716041894874
0.0036922828836181546
0.0036874705401969206
0.0036811232237217895
0.0036728735333522353
0.003662298277518811
0.0036489247882657595
0.003632245803280897
0.0036117449261303205
0.00358693382093498
0.0035573987502865905
0.00352285177735491
0.0034831775150934254
0.0034384650963761284
0.00338901651160563
0.0033353276457633255
0.0032780452786719243
0.0032179089344514756
0.0031556884032044965
0.0030921259473812705
0.0030278886563704574
0.0029635334842212113
0.002899486155862393
0.0028360342960582832
0.0027733347900877198
0.0027114331705686235
0.0026502917248599003
0.002589820515680531
0.0025299070586760775
0.002470439406274029
0.002411321199280443
0.0023524787202854063
0.002293861456261025
0.0022354386967619057
0.002177194616830628
0.0021191236372915417
0.002061226649055124
0.0020035089246299162
0.0019459786268729534
0.0018886462816574362
0.0018315256698800048
0.0017746356852276178
0.0017179772168229776
0.0016615884212816557
0.0016054849587216937
0.0015496915853554203
0.0014942368248359085
0.0014391507793540589
0.0013844667697700667
0.0013302262596600728
0.0012764552012164698
0.0012232099122877148
0.0011705313911152151
0.0011184692659816347
0.0010670750908259616
0.0010164070724982
0.0009665196601326879
0.0009174762541439824
0.0008693388279143586
0.0008221798427935971
0.0007760477283816849
0.0007310265374846432
0.000687186136822793
0.0006445776619473808
0.0006032786207085599
0.0005633461542227799
0.0005248452282688289
0.00048783471426303054
0.0004523671665442295
0.0004184482570835671
0.0003861499571885719
0.0003555012079583411
0.000326506797119314
0.0002991890993624255
0.00027349041123565684
0.0002494627620457281
0.00022704917710703802
0.0002062238721035084
0.00018702519281411283
0.0001691564151595909
0.00015280147141854457
0.00013780195982425583
0.00012409813623326935
0.00011162576182496286
0.00010026496186642315
0.00008998650611397995
0.00008068835610894863
0.00007228900905409277
0.00006468749456098295
0.00005786891585254348
0.000051764606241800034
0.000046315089689688036
0.00004133663212759423
0.000036930492192983155
0.00003300347329301412
0.000029446154895231274
0.000026216203654275008
0.0000234550619931348
0.000021015386730062634
0.000018725535921341838
0.000016700111762585517
0.000014856341554062168
0.00001327739779515913
0.000011872125163905579
0.00001057169995203905