0.0031016304723099717
0.003101621722576712
0.003101591121467946
0.0031015307127193054
0.0031014302283300186
0.0031012764722641775
0.0031010525495130383
0.003100736905211446
0.0031003021323380764
0.0030997135004845956
0.003098927153206377
0.0030978879192111513
0.0030965266857778187
0.003094757295471928
0.00309247295554678
0.0030895422018799626
0.003085804546799454
0.0030810660756445843
0.0030750954460940522
0.0030676210120167916
0.003058330073459987
0.0030468715757752058
0.0030328637649765025
0.003015908250795028
0.002995611418105323
0.002971613009178028
0.0029436199700655853
0.002911441596302051
0.0028750202380091495
0.0028344511186695373
0.002789985806212358
0.0027420166209517123
0.0026910431512174975
0.002637625967244733
0.002582335420705385
0.00252570429962259
0.0024681918454937937
0.0024101636428452734
0.002351888023070167
0.002293546033055777
0.002235249700749614
0.002177062816128218
0.002119019609211447
0.0020611387969001094
0.0020033660962207106
0.001945911660720885
0.0018885873993614208
0.001831473072299353
0.0017745838161741915
0.001717937231383488
0.0016615531824785991
0.001605454537945413
0.001549666775216849
0.0014942137033878598
0.001439130547214204
0.001384449052836072
0.0013302066029031532
0.0012764416506590328
0.0012231942838376569
0.001170520735982877
0.0011184595263367158
0.00106706845743644
0.0010164042866011274
0.0009665136753642447
0.0009174707963832153
0.0008693385499812612
0.0008221704792956842
0.000776045324994932
0.0007310256493340023
0.000687179722436302
0.0006445758273841397
0.0006032767958315074
0.0005633491102427778
0.0005248488674223025
0.00048783662243044893
0.0004523530482187368
0.00041845231625376014
0.00038615262909309946
0.00035550083383136373
0.0003265005740401878
0.000299173336085803
0.0002734918095034362
0.0002494538602120386
0.00022705030921253632
0.00020622625291055892
0.00018696384986110467
0.0001691591703143118
0.0001528027936955192
0.00013780551022634467
0.00012410099325239958
0.00011160853192004766
0.00010025893190404932
0.00008998921788305106
0.00008068424221766811
0.00007227085688798364
0.00006470177399269646
0.00005788235882434334
0.000051732234648147055
0.00004629740916218743
0.000041357214774109356
0.000036935358359351245
0.00003300565697750324
0.000029441449788788685
0.00002623236911542011
0.000023463945451232426
0.000021012994747491174
0.0000187116908573596
0.00001669818212089669
0.000014863504214194461
0.000013283193879919016
0.00001186590312555032
0.000010580554179094265