0.0031355382863999842
0.0031355277720335954
0.0031354910000186073
0.003135418412568051
0.003135297679150108
0.003135112961096543
0.003134843994469877
0.003134464951565421
0.0031339430357644475
0.003133236759926156
0.0031322938567400374
0.003131048773090802
0.003129419713555269
0.003127305226528467
0.0031245803786115705
0.003121092644690175
0.003116657779772202
0.003111056103127544
0.0031040298740638186
0.003095282691108886
0.003084482089662293
0.003071266632517777
0.0030552586495049164
0.00303608324146689
0.0030133931433846176
0.0029868976336010914
0.002956392210481001
0.0029217846614684197
0.002883113168569276
0.0028405525863043762
0.002794407155292585
0.0027450895896130698
0.002693088741754425
0.002638929890909137
0.002583133155912792
0.002526176108610772
0.0024684659718019852
0.002410324768489364
0.0023519879180235936
0.0022936139157763574
0.002235300776966292
0.0021771044215776916
0.0021190551006832134
0.002061169725100417
0.0020034597636083037
0.0019459355869044569
0.0018886084921799077
0.0018314916220229503
0.001774600146007029
0.0017179515824868694
0.0016615657999744008
0.0016054654838863409
0.0015496757849361147
0.0014942222156817014
0.0014391385667182203
0.0013844557023517882
0.0013302122675426108
0.001276446645726605
0.001223199583835226
0.0011705239983407828
0.0011184628898066103
0.0010670665761457745
0.0010164052145274225
0.0009665156220549872
0.0009174725175299146
0.0008693393901999766
0.0008221677933972611
0.0007760463037972897
0.0007310269969276063
0.0006871809046930314
0.0006445762940557151
0.0006032762998449929
0.0005633493142758211
0.0005248483494363318
0.00048783595305453643
0.00045235318509663833
0.00041844914614450594
0.0003861533368286389
0.0003554998134034802
0.0003265008910330605
0.00029918557859855214
0.00027349136524666646
0.0002494542438243714
0.0002270500401217708
0.00020622643966723516
0.00018696172923561867
0.00016915911734891986
0.0001528025125458757
0.00013780525705211021
0.0001241011128350072
0.00011160960404017844
0.0001002590840474903
0.00008998931640913209
0.00008068275392609557
0.0000722650335004405
0.00006470048553148768
0.00005788654290055679
0.00005173312305775413
0.000046296206919577825
0.000041357338311081566
0.00003693693958772767
0.00003300414980744739
0.000029441653112848134
0.000026233361043983346
0.00002346495598483509
0.00002101192797528796
0.000018709801243779387
0.000016698567677752118
0.000014865610655471155
0.000013276471829133535
0.00001186533273906296
0.000010581459469190367