0.0033954573669062633
0.0033954254279118918
0.00339531374537166
0.0033950933680383225
0.0033947270605124945
0.003394167206705333
0.0033933532677698835
0.0033922087452884766
0.003390637625122838
0.0033885203261512084
0.003385709263179995
0.0033820242689697752
0.0033772483203312284
0.003371124284043871
0.0033633537262733266
0.00335359916100839
0.0033414913334642877
0.003326643053446019
0.003308670471247348
0.0032872213303902806
0.0032620076686789923
0.0032328381304871086
0.0031996434357902145
0.003162488730009915
0.003121569093391514
0.0030771888278314403
0.0030297294812122177
0.0029796139580572523
0.002927273606141663
0.002873122594780268
0.0028175408603118715
0.0027608647313670143
0.002703383404756979
0.0026453393472941826
0.00258693096098848
0.002528316303729529
0.002469617208611099
0.0024109236967422435
0.002352298866888955
0.0022937843469301457
0.0022354060487562817
0.0021771796656133834
0.00211911530628426
0.0020612208863275716
0.0020035043185655872
0.0019459747458026085
0.0018886428146798204
0.0018315222378252976
0.0017746271658744602
0.0017179750056467112
0.0016615868821601828
0.001605482636200074
0.0015496909453750895
0.0014942365415052286
0.001439149768379469
0.0013844653536139594
0.0013302220439046538
0.0012764543754226097
0.0012232093956599135
0.0011705305636673287
0.0011184670625231051
0.00106707443173665
0.001016405327243027
0.0009665185182833279
0.0009174757664362307
0.0008693381812897083
0.0008221735520622004
0.0007760484690665802
0.0007310282497671462
0.0006871811874926838
0.000644577038894306
0.0006032782279392763
0.0005633511096815869
0.000524848757658438
0.00048783833614687405
0.0004523547110500695
0.0004184498519395962
0.0003861571097023648
0.000355501906686141
0.00032649770103077925
0.0002991765464175702
0.0002734932046273575
0.00024945660522920796
0.0002270526927335841
0.00020622577050940556
0.00018697602941135347
0.00016915830435264122
0.00015280184832778594
0.00013780763349752106
0.0001241004461200592
0.00011160784533788395
0.00010025410293734236
0.0000899885658425832
0.00008068338892368681
0.00007223598126800734
0.00006470293997928602
0.00005788131658511254
0.000051732262407960004
0.00004630287276623713
0.0000413535219078296
0.00003693064068245181
0.00003300599082944479
0.00002944138925135763
0.000026235841527477163
0.00002346177649432564
0.000021008673801497303
0.000018714484479383224
0.000016699634334041864
0.000014864801329061634
0.000013272598552591317
0.000011867093286568042
0.000010574047356135197