0.003251179144036
0.003251160976524255
0.0032510974432845233
0.003250972048753684
0.0032507635386992014
0.0032504446616586817
0.003249980641426254
0.0032493273091168838
0.0032484288438746774
0.0032472150792951333
0.0032455983532752013
0.00324346991962981
0.0032406960100734676
0.003237113746354667
0.0032325272649821454
0.0032267046354178945
0.003219376415055054
0.003210236948238701
0.003198949691324972
0.0031851578001372287
0.0031685007260347773
0.003148636604308047
0.0031252686823229326
0.0030981723530511887
0.003067218215530872
0.003032386629640552
0.0029937708968575615
0.0029515689748071373
0.0029060663379647167
0.002857614000780389
0.002806605390119555
0.0027534542958539614
0.0026985746555853933
0.0026423622507902667
0.002585178603284096
0.0025273379859135437
0.0024690988888066913
0.0024106610964319984
0.0023521686730644657
0.002293717941390824
0.002235368480855087
0.0021771547362958435
0.0021190961890311098
0.0020612049302849763
0.002003490510419118
0.0019459626205473673
0.001888632262668362
0.0018315126209284321
0.0017746186538186261
0.001717967913295736
0.0016615407478655871
0.0016054783905897771
0.001549685802270158
0.0014942319276200827
0.001439146391193461
0.0013844627957716304
0.0013302187876643055
0.001276452161416034
0.001223207485355227
0.0011705287132139453
0.0011184662519917283
0.001067073378763556
0.0010164043322942776
0.0009665176595439108
0.0009174746613079692
0.0008693422032146858
0.0008221731673503175
0.0007760478521327768
0.0007310274577968493
0.0006871812784608453
0.0006445764986099915
0.0006032779965563501
0.0005633503471370997
0.0005248487451469778
0.0004878381270266886
0.0004523536538193257
0.0004184537086655126
0.0003861526804880632
0.0003555013598863418
0.0003264988444250836
0.00029917280170469975
0.0002734927441620859
0.00024945375372015894
0.00022705198156288908
0.000206226029932873
0.00018696439829032387
0.0001691594286917965
0.00015280258503989249
0.00013780499067166005
0.0001241009461486982
0.00011160822010395563
0.00010025877399320797
0.0000899889106462886
0.0000806807530882645
0.00007223156599436282
0.00006470216870666648
0.00005788178502873494
0.00005173333466471005
0.00004629750469480195
0.00004135752933422556
0.00003693517258973323
0.00003300511336602455
0.00002944179471020542
0.00002623443241259348
0.00002346518901638046
0.000021011198724228807
0.000018711891875770544
0.000016698220708197695
0.000014865376632572109
0.000013273379593773076
0.000011866154957434789
0.000010582946830368854