0.005345503939044237
0.005344794399178257
0.005342316961746682
0.005337445138155903
0.0053293950605734445
0.005317206124607057
0.0052997271810860625
0.005275619320280877
0.005243383861031398
0.005201426882251147
0.00514816951616763
0.005082206307700912
0.005002501017604706
0.0049085921812628466
0.004800765478081199
0.004680145146596648
0.004548668809840996
0.0044089379812137924
0.004263970036227967
0.004116902682802683
0.003970709447015488
0.003827973897497956
0.0036907483263292394
0.0035604990671301044
0.003438123137815814
0.003324012651813295
0.0032181434100639825
0.0031201691831743545
0.0030295100758323365
0.0029454293343478643
0.002867097935700344
0.0027936480594458737
0.002724216962145811
0.002657990536307654
0.0025942243778708227
0.002532277231545009
0.0024716221188305727
0.00241185668721012
0.0023526893536007457
0.0022939219452929784
0.0022354353209471326
0.002177169651523316
0.0021190955158105844
0.002061199111058001
0.0020034843146706175
0.0019459568269694458
0.0018886269887858265
0.0018315077912717216
0.001774613880524326
0.0017179638094254202
0.0016615762363157039
0.0016054743637649515
0.0015496789072562897
0.0014942268010937254
0.0014391437109739268
0.001384461668126581
0.0013302163671737243
0.0012764501642995954
0.0012232051167213554
0.0011705658383240026
0.0011184681769598407
0.0010670564894799416
0.0010164024365725047
0.0009665160660693547
0.0009174751982543735
0.0008693495464894455
0.0008221710203293119
0.0007760435705163424
0.000731027241123894
0.0006871835759575779
0.0006445766405962549
0.0006032746329174876
0.0005633503004991357
0.0005248578526292002
0.00048783170113866724
0.00045236119078483067
0.00041844958491059364
0.0003861117694572638
0.00035549813671253386
0.0003261391211793408
0.00029914131596956616
0.00027345423816908945
0.0002494378360363574
0.00022703097635820463
0.0002062460509416737
0.00018695270859188446
0.00016913883982991432
0.00015279592163733205
0.0001377427502352254
0.00012409784965109675
0.00011160920540629028
0.00010026113003210097
0.00009000471376894091
0.00008068089142226565
0.00007222933229811577
0.00006471428566063282
0.00005775155418757062
0.00005178948187254667
0.00004629794353676243
0.000041337997844009366
0.000036966489669462826
0.00003303180051595707
0.000029441257192441133
0.000026245065507289822
0.000023460637975948057
0.00002103995260068336
0.00001868223209055913
0.000016684350686524197
0.000014901886168671492
0.000013282827220196365
0.000011872253125141592
0.000010589754657962992