0.003642687467217401
0.0036426175610385298
0.0036423731681046196
0.0036418911536347932
0.003641090641449379
0.00363986880829529
0.003638095992400545
0.003635610190295886
0.003632211162185902
0.0036276545949372008
0.0036216471020593935
0.0036138432741439053
0.00360384649263479
0.0035912156708540607
0.003575480265082433
0.0035561654654336756
0.003532828051360834
0.0035051007716284787
0.0034727395823725086
0.0034356647394555725
0.003393985354202468
0.003347999204012796
0.0032981655426704815
0.0032450563777301415
0.003189297688428524
0.0031315134826028217
0.0030722821290898542
0.003012108435452562
0.0029514097805779394
0.002890512333587358
0.002829653884908757
0.002768991497164551
0.002708613247806856
0.0026485532963919267
0.002588808560845991
0.0025293547538759384
0.002470159541874713
0.0024111916182827818
0.0023524256449379164
0.0022938439074104153
0.002235435924843475
0.0021771971648584325
0.002119127636431258
0.0020612307730803092
0.002003512756288084
0.0019459820555063373
0.0018886493537226643
0.0018315276603712847
0.0017746333226607376
0.0017179794532099012
0.0016615902039620416
0.0016054866877668714
0.0015496948412992153
0.0014942385780859304
0.0014391524039323615
0.0013844654043424609
0.0013302232972558243
0.0012764561945948218
0.0012232117962025185
0.0011705364227097006
0.0011185669815688792
0.0010670738612892166
0.0010164065720540093
0.0009665182038783089
0.0009174764665834051
0.0008693377957886932
0.0008221749362412048
0.0007760477267480062
0.0007310277205352774
0.0006871827891905
0.0006445765643945648
0.0006032784814134427
0.0005633492516846836
0.0005248484720017809
0.00048784128523728174
0.0004523603686717778
0.000418450866879652
0.0003861539280128445
0.00035550020798631043
0.00032650507830394026
0.00029918079497316804
0.0002734907857077499
0.0002494645234186658
0.00022705497647343257
0.00020622583282106305
0.00018699197467665244
0.00016915804551696838
0.00015279990361185265
0.00013780875172439343
0.0001240986527088367
0.00011160451486002341
0.0001002619916237066
0.00008998945374616555
0.00008068580750312001
0.00007227719912023499
0.0000646997538617425
0.00005788028922738538
0.000051732027884917335
0.00004630671151149245
0.000041341728572555615
0.00003693146879791843
0.00003300103100564843
0.000029445044350633175
0.000026217995522555108
0.000023459745698875428
0.000021014692907426195
0.000018718606042462518
0.000016698847822463946
0.000014865439938541976
0.000013276463722792866
0.000011866682504682393
0.00001057362495903698