0.005946299323778903
0.00594450828761372
0.0059382701801172395
0.005926072174337042
0.005906116549961576
0.005876360802000706
0.0058346204121849585
0.005778750527333284
0.005706906708652606
0.00561785534613902
0.005511268250890091
0.005387911885537725
0.005249652378039076
0.005099251789562218
0.004940006519542374
0.004775337801592156
0.004608446622057708
0.0044421027911958
0.004278573776017231
0.0041196520713735335
0.00396672459268427
0.003820839542361004
0.003682750165526819
0.003552936143320354
0.003431614380266545
0.003318751581716066
0.0032140857920624584
0.0031171580199671712
0.003027351186174206
0.0029439324686076082
0.0028660958706695472
0.002793003101897203
0.0027238218952809973
0.0026577613023597885
0.002594101752273887
0.0025322200149462248
0.0024716037128902375
0.0024118580790729637
0.0023526979609049723
0.0022939335944699665
0.002235449424755215
0.0021771832943872933
0.002119106369722543
0.002061209228463849
0.0020034925422547085
0.001945963603864385
0.0018886301130732247
0.0018315132040810354
0.0017746187889695648
0.0017179680733882866
0.00166158029104927
0.0016054748957099088
0.0015496852675101539
0.0014942322945388897
0.0014391465282369757
0.001384462796280741
0.0013302182961142022
0.0012764957311840997
0.0012232055403867096
0.0011705356295892808
0.0011184680095186
0.001067074756892915
0.0010164291266908235
0.0009665164062069238
0.0009174749155430849
0.0008693374203368495
0.0008221725188452662
0.0007760429630883901
0.0007310277741786587
0.000687182338870932
0.0006445781967376583
0.0006032636945052874
0.000563348667441581
0.0005248555748779822
0.00048785173639469823
0.00045246005901351073
0.00041844028679147643
0.0003861320329576834
0.000355503535012953
0.0003265255087362209
0.0002991527888892799
0.00027347084162845903
0.0002494532324785143
0.00022703465482220499
0.0002062396179040972
0.0001869608666215079
0.00016915599659690173
0.00015279636009636553
0.0001377915347402172
0.00012410147990531094
0.00011159991716004885
0.00010025714945644349
0.0000900058928580623
0.00008067243556808002
0.0000722932863693982
0.00006470353208191062
0.000057791402636941416
0.000051773200299447994
0.00004628735019586487
0.000041341247194258053
0.000036958897957825556
0.000033039386376176354
0.000029438321444889693
0.00002625174145411552
0.000023468822209147334
0.000021023927938135733
0.000018710967487064406
0.000016697148436855
0.000014903830588367398
0.000013281258754278697
0.000011864032260934408
0.000010596387790808943