0.008344473308749737
0.008330988657919813
0.008284639898597138
0.008196677000071637
0.008059852871557482
0.007870429797332525
0.0076298958131310775
0.007345528947507332
0.007029322457139215
0.0066956003000237085
0.0063583059445189195
0.006028945767988613
0.005715631784871479
0.005423098489890855
0.0051532956716629184
0.004906177134661704
0.004680447008753058
0.0044741615818738876
0.004285167883274517
0.0041113957857661565
0.00395102873669996
0.0038025768173611104
0.0036648745941827137
0.003537026928898357
0.0034183271803019015
0.003308170562518098
0.0032059800887329053
0.0031111548225378934
0.003023042712428352
0.002940935103454178
0.0028640776708757933
0.002791692277897364
0.0027230050411988223
0.002657276646365567
0.0025938312782170904
0.002532080795080237
0.0024715406323142903
0.002411835786166169
0.0023526741420344327
0.002293939637226824
0.0022354585357432463
0.002177192515832153
0.0021191156514560345
0.0020612167626644245
0.002003499578450279
0.0019459702616573928
0.0018886383880955017
0.0018315201299958482
0.0017746223639510895
0.0017179718778196715
0.001661583722965425
0.0016054790667965055
0.0015497048531351277
0.0014942319407231749
0.0014391500413175635
0.0013844652830566212
0.0013302201972361946
0.0012764636864765206
0.0012232079622877452
0.001170531106124796
0.0011184676909511177
0.0010670702754112295
0.0010164139505627076
0.0009665187162809684
0.0009174753632520382
0.0008693386837501617
0.0008221735220494448
0.000776046246590271
0.0007310302487364558
0.0006871803572300278
0.0006445744568458204
0.0006032719849902008
0.0005633492167616402
0.000524851280506089
0.0004878452553885223
0.00045242859087564
0.00041844397185746896
0.000386147353718973
0.00035550225971601595
0.0003265177707876853
0.00029915523694510487
0.00027348008788720835
0.00024945567906377417
0.00022704096092510063
0.0002062398972061565
0.00018724736591322786
0.00016914572865654232
0.00015279903993773689
0.00013777363069750529
0.00012410678430972282
0.00011160624165424113
0.00010025285992243557
0.00009000364441085923
0.00008068240297284154
0.00007229412426880459
0.0000647022768991703
0.000057819141325192695
0.00005177689857484053
0.000046288502303919854
0.000041349575329431984
0.00003694497338031385
0.0000330310376004394
0.000029445055615056018
0.000026241681720910546
0.000023461190135444845
0.000021023102252741646
0.000018712792695752
0.000016703001880111385
0.000014906220312261052
0.000013277286086434555
0.000011868854952595528
0.000010589305107958766