0.013312002513424726
0.013205843718115604
0.012858881536736975
0.012266725249724508
0.011481643198047942
0.010592044953272537
0.00968645956463864
0.008828716899220483
0.008053011195016837
0.007370812433266775
0.006780070460612546
0.006272258049391757
0.0058366212391305645
0.005462370139539898
0.005139642397359999
0.0048598228135341955
0.004615561188478241
0.004400669756281252
0.004209988797443897
0.004039258391701887
0.003885007485471248
0.003744457445143702
0.0036154316869953704
0.0034962626623651375
0.003385692196606921
0.003282767108997933
0.003186737552814407
0.0030969676386302224
0.0030128663874034005
0.0029338430977086847
0.002859286804256949
0.002788566146885608
0.0027210441581070085
0.002656101891114798
0.0025931649360579965
0.0025317274275102274
0.0024713691647282924
0.002411760906655034
0.002352669578251218
0.002293938644253586
0.0022354660056023053
0.0021772043318145566
0.0021191275658132293
0.002061226518507892
0.0020035078568918247
0.0019459774115185458
0.0018886428307780538
0.0018315242034583543
0.0017746264105923861
0.001717976136421243
0.0016615873256338126
0.0016054838924413355
0.001549693558304609
0.0014942184449888189
0.0014391496198233162
0.0013844669747611418
0.0013302232448813066
0.0012764564047096953
0.0012232094736955507
0.0011705295315364492
0.0011184669848279063
0.0010670732149120788
0.0010164113149999452
0.0009665194134298369
0.0009174785519499824
0.0008693379270901024
0.0008221723533626029
0.0007760682526627333
0.0007310291305618068
0.0006871823137847249
0.0006445770266353698
0.0006032763815211176
0.0005633450926991402
0.000524849793154127
0.00048783942117294385
0.0004523966548160053
0.0004184460543953128
0.0003861498066245282
0.00035549855125124614
0.0003265174232221857
0.0002991649795875891
0.00027349465868421117
0.00024945424065805596
0.00022704922868575358
0.00020622840190812658
0.00018716956671091455
0.0001691528186159009
0.00015279808738324563
0.00013779031005017357
0.00012410595903215217
0.00011160153809781089
0.00010025604904819706
0.00008999581593973323
0.00008069945324799932
0.00007228960675345545
0.00006470135695328502
0.000057850950856889025
0.000051773223404657194
0.00004629331738316075
0.00004135203777369581
0.000036906433328582396
0.0000331306550115793
0.000029446424343128848
0.000026232355383114086
0.000023468528913434053
0.000021025143424967493
0.00001871660576637208
0.000016700980863011075
0.000014892014617122675
0.000013281201326026566
0.000011866022745865692
0.000010583096316622907