0.008137093178947926
0.008123644394293202
0.008077420998347958
0.007989705238010146
0.007853291209943837
0.007664493264512117
0.007424864560024107
0.007141763563298338
0.006827281377102116
0.00649585871226447
0.0061615749466181835
0.005836089487025061
0.00552767916623631
0.005241244655211853
0.004978886907537198
0.004740672898343262
0.004525353663201159
0.004330936394552933
0.004155098600550492
0.003995469819893904
0.0038498141179573596
0.003716140292061099
0.00359275796932679
0.0034782899303628634
0.003371648788018892
0.003271986594070049
0.003178628731317748
0.0030910049713131324
0.003008589504711648
0.002930857943986661
0.0028572657456250594
0.0027872436808506935
0.002720211847695393
0.0026556024286186488
0.0025928790017690473
0.0025315722660121326
0.002471293092973431
0.002411728039149499
0.0023526581591060956
0.0022939356061743585
0.0022354670499644983
0.002177205820488185
0.0021191289200681246
0.002061228771756717
0.002003510116993414
0.001945980758240192
0.001888645747303806
0.0018315251277675297
0.0017746287896099426
0.0017179774990226688
0.0016615884916194377
0.001605485740153664
0.0015496929958781153
0.001494226487601663
0.0014391508176559548
0.001384468752484381
0.0013302303834942374
0.0012764562113887718
0.0012232098630665423
0.0011705308113595003
0.0011184680151834015
0.001067074136445807
0.0010164094712351746
0.0009665187770500945
0.000917476745821113
0.0008693412066213131
0.0008221731112637877
0.00077604790555653
0.000731028453058735
0.000687182278460079
0.0006445765423104503
0.0006032769191490851
0.0005633467784043735
0.0005248486188244197
0.00048783816160744063
0.0004523878213346008
0.0004184451872189466
0.0003861510161854394
0.00035549913228784784
0.00032651782193764443
0.00029917622873380144
0.00027349197182473424
0.0002494546186722132
0.0002270466032785844
0.00020622698251698953
0.00018713316743191788
0.00016915298822245197
0.00015279973677213664
0.00013779497047101022
0.0001241040801942924
0.00011160195332957813
0.00010026216422501084
0.00008999346884427912
0.00008069651934598061
0.00007229012547597975
0.00006469915831526972
0.00005785281107486078
0.00005177784924974234
0.00004629367182948055
0.00004134937752859221
0.000036912004137923634
0.00003312437144237476
0.000029447906445524446
0.00002623151247391349
0.000023470069797056383
0.000021026797924841646
0.000018720311303498706
0.000016701034197967766
0.000014855458032504963
0.000013276871102882113
0.000011862856934901773
0.000010578153461817665