0.005503167524314359
0.005501465330392976
0.005495537704155239
0.005483951546322445
0.005465010557347607
0.005436799860507125
0.00539729354607604
0.005344540922234371
0.005276930832579555
0.005193503358499453
0.0050942415694385
0.004980251358311861
0.004853747782621863
0.0047178206461204256
0.004576029986364524
0.004431942145338983
0.004288726798299876
0.004148895799220067
0.004014205165548477
0.003885693391096191
0.00376380677813941
0.003648562159963913
0.0035397084927701558
0.003436862393998593
0.0033396046782721467
0.0032475347343633477
0.0031602877542590414
0.003077525314447254
0.0029989118151368278
0.0029240919553585815
0.002852674886929271
0.00278423286397316
0.002718312212659075
0.002654455329174529
0.0025922221712087264
0.002531219472406818
0.0024711151851419476
0.002411647700379547
0.0023526267960633507
0.0022939255845725605
0.0022354665541841584
0.002177208027091537
0.0021191316298355438
0.0020612321591392158
0.0020035134193901174
0.0019459827715695617
0.0018886492693865494
0.001831533666504203
0.0017746316002699202
0.0017179794008154617
0.001661590226030141
0.0016054867906759157
0.0015496937145362416
0.0014942346097033482
0.0014391485234292217
0.001384468818123102
0.0013302263017155348
0.0012764564597279003
0.0012232103722172691
0.001170531555707833
0.0011184701377202303
0.0010670747983661808
0.0010164071665089973
0.0009665188497270324
0.0009174762993972572
0.0008693386700738441
0.0008221749121202369
0.000776048226393815
0.0007310284281429772
0.0006871830898996613
0.0006445772417897241
0.0006032792235274734
0.0005633501469031984
0.0005248493659657526
0.0004878367129948798
0.0004523822601269761
0.0004184840336897353
0.00038613941106138466
0.00035550365775091305
0.000326513271506339
0.00029917348298461575
0.0002734944945125512
0.0002494671321424792
0.0002270444828000643
0.0002062236960741209
0.00018708040518021374
0.00016915692240343944
0.00015294256007876206
0.0001378022092983571
0.00012410441355577688
0.0001116061103767601
0.00010026717889576031
0.00008998812967689004
0.00008069153263007641
0.00007228715568335303
0.00006469992724325712
0.00005785943688312926
0.000051767223964213705
0.000046304287355489354
0.00004133947664882717
0.000036919058588299485
0.000033015911733585854
0.00002944706211778081
0.00002621958673398339
0.00002347068801361165
0.000021028392674853
0.000018717187955559185
0.00001670073998291954
0.000014864185426021699
0.000013281592113230119
0.000011862485007916374
0.000010585307929556526