0.004595672368004256
0.0045951589130705005
0.004593366496155527
0.004589843252012222
0.004584026648100348
0.004575230964101821
0.0045626419670411825
0.004545324797693616
0.004522252577918157
0.004492363402982202
0.0044546506830203695
0.004408284765973555
0.004352752202712082
0.00428798558852811
0.004214447870927764
0.004133137943030375
0.004045502873987265
0.003953271015196374
0.003858246309692756
0.0037621144426736803
0.0036663020759808863
0.0035719081948608557
0.0034797031526016204
0.003390175088536577
0.003303597805918955
0.0032200971982822074
0.0031397014218298045
0.0030623695748637158
0.0029880019015042724
0.0029164400662444858
0.0028474657429806934
0.002780805405195575
0.002716143173350912
0.0026531419440664725
0.00259146684354482
0.00253080999455801
0.0024709078071284566
0.002411550991779047
0.00235258635119518
0.0022939111700129894
0.0022354629944164595
0.0021772084163151108
0.0021191331526902407
0.0020612341386983426
0.002003515281071332
0.0019459842179511161
0.0018886510307873623
0.0018315313079932303
0.001774647190417617
0.001717980481664065
0.0016615911779266585
0.0016054875115225577
0.0015496931098756825
0.0014942378121516051
0.001439151521976111
0.0013844690970132483
0.0013302248695188366
0.0012764566796466853
0.0012232107055333054
0.0011705319223647842
0.0011184701785057738
0.0010670758511903942
0.0010164079952486257
0.0009665230025474355
0.0009174760644436878
0.0008693387855220058
0.0008221855551916109
0.0007760482441332118
0.000731027708685763
0.000687182109299399
0.0006445779919107083
0.0006032789350101003
0.0005633523222069938
0.000524843048998171
0.0004878357138036324
0.00045237291964861164
0.00041847606836946155
0.0003861460874041135
0.0003555019686985977
0.0003265097088319533
0.00029919478596633734
0.0002734912990746767
0.00024946586100761935
0.000227045933436578
0.00020622223173738665
0.0001870499800771697
0.00016915381343284459
0.00015280235358054487
0.00013780414351479884
0.00012410477518391257
0.00011160587172521693
0.00010026546700476434
0.00008998780150415846
0.00008068961099668665
0.00007228484252068629
0.00006468657585240692
0.00005786297196994621
0.000051763951980459665
0.00004630831096001213
0.00004134108162359692
0.00003692503324326628
0.00003300577993197334
0.000029445520090291475
0.0000262191402956115
0.000023450034964595513
0.00002101564709183381
0.000018724987834596764
0.000016701712094549835
0.000014864595478473885
0.000013274784547120822
0.000011866406324350142
0.000010591767761729945