0.0038387017449053864
0.0038385848637455455
0.003838176332645558
0.0038373709857806504
0.003836034646137352
0.003833997766110141
0.003831048308728331
0.0038269244286393417
0.0038213075838014177
0.003813817378424884
0.0038040100075061854
0.0037913828455327083
0.003775388205461517
0.003755459212023974
0.00373104956571317
0.0037016862535356777
0.0036670299727314536
0.0036269331008693018
0.0035814815394628052
0.003531007255705486
0.003476064332940894
0.003417371531278052
0.00335573456554826
0.0032919666226575673
0.0032268236121169806
0.0031609628617159883
0.0030949248155592154
0.0030291310507238045
0.002963890521875783
0.002899408456337107
0.002835796138125686
0.0027730826914828944
0.0027112303002965205
0.0026501531876763377
0.002589738421323089
0.002529865851405281
0.002470423972865419
0.0024113200765298196
0.0023524844629488817
0.0022938698024157467
0.002235447503524009
0.0021772029719619767
0.002119131213858498
0.002061233422968605
0.002003514969060956
0.0019459839675490074
0.0018886509993912297
0.0018315292941214012
0.0017746361776949915
0.0017179807220077674
0.0016615911929774387
0.0016054876583208003
0.0015496967829228792
0.0014942390939649223
0.0014391528257699138
0.0013844687004026062
0.0013302238420816134
0.0012764564986376692
0.0012232107698685695
0.0011705320981321731
0.0011184698526520039
0.0010670721970544588
0.001016407025972818
0.0009665198201420242
0.0009174773641705877
0.0008693392005027126
0.0008221773793104768
0.0007760474264586078
0.0007310275631558747
0.0006871833902218574
0.000644576951208856
0.0006032784159028352
0.0005633463446982146
0.0005248474228762166
0.0004878344798303451
0.00045236391024787263
0.0004184483197977573
0.0003861497984156894
0.00035549922940654563
0.0003265070264950507
0.0002991855888689968
0.00027349052262544556
0.00024946621536577464
0.0002270575059478453
0.00020622520293198137
0.000187006276921979
0.00016915629195943317
0.00015280047397069174
0.00013780876796930678
0.00012409660612615038
0.00011160204979069782
0.00010026431138002584
0.00008998821572270712
0.00008068813458603453
0.00007228078424440748
0.00006469776627018861
0.00005787489936429966
0.00005176594539356715
0.000046314280408705544
0.00004134310309580447
0.000036930932268204116
0.00003300135242530653
0.000029445257785298858
0.000026221798686220854
0.000023456168324089185
0.000021019407294410475
0.000018722046178519573
0.000016698968520993943
0.000014862424249844071
0.000013276149573796167
0.00001186785943346656
0.000010575328488885638