0.003140876435131168
0.003140865715032641
0.003140828223534163
0.0031407542159513375
0.0031406311208003294
0.0031404427902160044
0.0031401685652300564
0.0031397821156195597
0.00313925000833627
0.0031385299531844373
0.0031375686786616684
0.0031362993772573763
0.003134638702601507
0.0031324833011221677
0.0031297059321766735
0.003126151312847902
0.0031216319579273743
0.0031159244734656694
0.003108766997453498
0.0030998587664702853
0.0030888630090377604
0.003075414510280051
0.0030591330237262257
0.0030396431296763906
0.0030166000454810247
0.0029897193834463754
0.002958807276540704
0.002923786202449983
0.0028847117571998214
0.002841776759843334
0.0027953011294532732
0.0027457083696871263
0.0026934916460527457
0.00263917401527675
0.0025832682354419924
0.0025262416356414998
0.0024684906328593984
0.0024103276356337625
0.0023519805664034546
0.002293602713791612
0.0022352888549230527
0.002177093109737672
0.0021190448435538783
0.0020611605872176007
0.0020033871288569816
0.0019459284477925775
0.0018886021833617894
0.0018314860919534277
0.0017745952772417874
0.0017179473141921513
0.0016615620458824208
0.001605462314497965
0.001549673583132867
0.0014942196876550286
0.0014391357847480365
0.0013844536351849252
0.0013302105953131751
0.0012764451285528558
0.001223197390995368
0.0011705233585800555
0.001118461801730337
0.0010670704071427312
0.0010164058613632866
0.0009665151210490917
0.0009174720393740274
0.0008692903784814342
0.0008221713847556426
0.0007760460890871357
0.000731026295375554
0.0006871802715204158
0.0006445762688029123
0.0006032771789303045
0.0005633494031269367
0.0005248487203191271
0.0004878367552650583
0.0004523532009049236
0.00041845231549268903
0.0003861528345182448
0.0003555009317742377
0.00032650074820588025
0.00029917306188401914
0.00027349179023356153
0.00024945416643822385
0.00022705029259076373
0.0002062263055546494
0.00018696316676238442
0.00016915914313377344
0.00015280263738861032
0.00013780543331350643
0.00012410113176430945
0.0001116087099051571
0.00010025919920047269
0.00008998935893487918
0.00008068362822988111
0.0000722704828622462
0.00006470160966174453
0.00005788293253827425
0.000051732380403473484
0.00004629747775185207
0.00004135725682526178
0.00003693564121353392
0.000033005605672024734
0.000029442992520822403
0.000026234185418973263
0.000023464477573141353
0.00002101163231013824
0.000018710655721867404
0.00001669979504651488
0.000014865445505114439
0.000013277050459558058
0.0000118660937816094
0.000010582117226810649