0.004665098866008441
0.00466477995395017
0.004663665612754552
0.0046614704426701245
0.004657832489422588
0.004652298269098763
0.004644307680748234
0.004633180804281355
0.004618109812218427
0.004598160710006139
0.0045722910749823814
0.004539390772689364
0.004498351757737262
0.004448169699847196
0.004388071795043527
0.004317656859224179
0.004237020527602597
0.004146834650052777
0.004048352781235307
0.0039433291489418595
0.0038338607411504914
0.003722182862154092
0.003610459108024515
0.0035006036919379064
0.0033941603800690164
0.0032922448984289672
0.0031955432300238102
0.0031043503118818945
0.0030186322369996316
0.0029380979757593897
0.0028622712789259626
0.002790557651314903
0.0027223042510529844
0.002656852093738411
0.002593578758483099
0.0025319324271188236
0.0024714527252961255
0.002411781916558873
0.0023526602125499723
0.002293914270368327
0.0022354384156098154
0.0021771759323449226
0.002119100692737174
0.002061204474811873
0.0020034884217862577
0.0019459599909743559
0.001888626935353932
0.0018315104075519904
0.0017746163284012321
0.0017179659095118566
0.0016615783894197423
0.0016054732259856098
0.0015496838028940252
0.0014942310113193393
0.0014391454054027064
0.0013844618151933543
0.001330217440227376
0.0012764949858006967
0.001223204892447626
0.0011705350674888358
0.0011184675229426152
0.0010670743366762094
0.001016428764691454
0.0009665160951950957
0.0009174746491020288
0.000869337192777909
0.0008221723251267774
0.0007760427987489933
0.000731027635275368
0.0006871822219242777
0.0006445780986825914
0.0006032636126478043
0.0005633485994192724
0.0005248555186244848
0.0004878516901099389
0.0004524600215557219
0.0004184402559555869
0.000386132008001991
0.00035550351493510775
0.00032652549299774726
0.0002991527761320546
0.0002734708315564749
0.00024945322457615857
0.00022703464866530808
0.0002062396131413096
0.0001869608643266918
0.00016915599380244246
0.0001527963578238502
0.00013779153572731587
0.00012410147868798072
0.00011159991578031363
0.00010025714880695215
0.00009000599103319294
0.00008067245990173826
0.000072293310472309
0.00006470351698556107
0.00005779139956380416
0.000051773202366163534
0.000046287406406965805
0.00004134117708715618
0.00003695891301589267
0.00003303944235030986
0.000029438225414016342
0.000026251515980402204
0.0000234687686429059
0.000021024131864109727
0.000018710924480600612
0.000016697107658231132
0.000014903806869184283
0.00001328119042708132
0.000011864019655665239
0.000010596352529326294