0.0036037480488179978
0.0036036801039901305
0.0036034425699223577
0.0036029740920692833
0.0036021960871888514
0.003601008670336602
0.003599285926447002
0.0035968706054972954
0.0035935684660309774
0.0035891427190675746
0.003583309351394027
0.0035757345351054384
0.0035660358190879714
0.0035537892323234226
0.003538544582490505
0.0035198507647857214
0.0034972914251879894
0.0034705286453184095
0.0034393487435116993
0.0034037009334320187
0.0033637182496896573
0.003319712511750546
0.0032721414008351777
0.003221553966905306
0.003168527468214824
0.0031136102639195942
0.003057281861474606
0.0029999342918595306
0.0029418721319831166
0.002883324386469969
0.0028244608712316476
0.002765407749006566
0.0027062597059674736
0.0026470884943217816
0.0025879486314844147
0.0025288812229501464
0.002469916652062539
0.0024110766613504486
0.0023523761864371957
0.002293825139909535
0.002235430174775627
0.00217719632770946
0.002119128395046996
0.0020612319304405013
0.002003513916119408
0.0019459831678165502
0.0018886502244491675
0.001831528759753555
0.001774632904907757
0.001717980053090596
0.0016615913181674115
0.001605486531436424
0.0015496943622507146
0.001494239535287217
0.0014391523880498355
0.0013844676427959702
0.0013302240408285095
0.0012764561145555253
0.0012232109074479692
0.0011705318751858641
0.001118468197967097
0.0010670754122209614
0.001016406171893247
0.0009665192439650289
0.0009174763880674574
0.0008693387122652608
0.000822174004100327
0.0007760488525678109
0.0007310285738557501
0.0006871814604533589
0.0006445772677192729
0.0006032784189553079
0.0005633512676882634
0.0005248488890229309
0.00048783844075195803
0.0004523547972421763
0.00041844992382320185
0.0003861571646632806
0.0003555019534966154
0.0003264977609470573
0.0002991765030787698
0.00027349323698440414
0.0002494566773765343
0.00022705269778101588
0.00020622578803199598
0.00018697582335839799
0.0001691583118590321
0.0001528018046369342
0.00013780761892207726
0.00012410044080805332
0.00011160786249128815
0.00010025421964690472
0.00008998836900967348
0.00008068321078894888
0.00007223641511047893
0.00006470290228815175
0.00005788135633382645
0.000051732552041769765
0.000046302702384330986
0.00004135358114278056
0.00003693072032692425
0.000033005833067009595
0.000029441274289104123
0.000026236220002756773
0.00002346199888960109
0.000021008213773884922
0.00001871443752092938
0.000016697102426629345
0.000014863849146962753
0.000013272033537710689
0.000011867051879465525
0.000010574234820405636