0.0032400988312231843
0.003240081095363372
0.0032400190716854686
0.003239896656737334
0.003239693101771273
0.0032393818039172717
0.00323892881550329
0.0032382910214293356
0.003237413935108592
0.0032362290714216062
0.003234650875439026
0.0032325732255074945
0.0032298655980344034
0.0032263690898412926
0.003221892652274663
0.003216210103030381
0.003209058734869913
0.0032001405879703163
0.0031891276229291166
0.0031756719421449572
0.0031594217515257166
0.0031400427439011126
0.0031172431165724804
0.0030907988508146428
0.003060574861469662
0.0030265378997172835
0.0029887589446638547
0.0029474056616114815
0.002902727996232555
0.0028550408150109343
0.002804706393827494
0.002752117433264354
0.0026976798363445888
0.002641794296889284
0.0025848373271244725
0.0025271437699548325
0.0024689937064784682
0.0024106061061805327
0.002352140009993073
0.0022937021776623353
0.0022353587202982843
0.0021771477540517992
0.0021190906045502438
0.002061200189682597
0.0020034863865373105
0.0019459589920930375
0.0018886290967067383
0.0018315097719740284
0.0017746161225311117
0.001717965640613675
0.0016615781573079097
0.001605476364261314
0.001549685458554065
0.001494230560189417
0.001439145346714046
0.0013844620545091267
0.0013302178377772966
0.0012764514836175274
0.0012232036235809269
0.0011705281285116034
0.0011184660271078709
0.0010670690534503007
0.0010164078367135266
0.0009665176698211729
0.000917474261288712
0.0008693408893505731
0.0008221688223820676
0.0007760473873886299
0.0007310274658768451
0.0006871816687759147
0.0006445769635965096
0.0006032770543779959
0.0005633497982436235
0.000524849381842505
0.000487836349287088
0.00045235344068949315
0.00041844944217942826
0.0003861534474900919
0.0003554998956677811
0.0003265011051276572
0.00029917229529780916
0.0002734915266933568
0.000249452846695743
0.00022705002721647285
0.0002062264661833893
0.0001869614669524941
0.0001691591687030605
0.00015280239949878318
0.0001378052409743415
0.00012410109011223185
0.00011160962651414834
0.00010025939957343127
0.00008998879939166502
0.000080682343732223
0.0000722264853263904
0.00006470043853521326
0.000057886521015139446
0.00005173706798171832
0.00004629749121441363
0.000041357105529850745
0.00003693708633817643
0.00003300290122344072
0.000029445745710659428
0.000026234788645907903
0.000023466523502701392
0.000021010429923624743
0.000018709993735864812
0.00001669759869612345
0.000014866930501256794
0.000013276297780289187
0.00001186574523687912
0.000010583316882571746