0.0031965647397996016
0.003196550358042838
0.0031965000624345854
0.003196400788158518
0.0031962356921774273
0.0031959831616732125
0.003195615585104177
0.003195097839308731
0.003194385443011779
0.0031934223281084254
0.0031921381885805507
0.00319044538786853
0.0031882354460168135
0.0031853751970506447
0.003181702815701666
0.0031770240654530216
0.0031711093376933785
0.0031636922779069354
0.0031544710518037994
0.0031431134402033507
0.0031292668792128027
0.00311257411043631
0.0030926941793223616
0.0030693271852614335
0.003042239781884521
0.0030112875303040664
0.0029764303969090147
0.0029377390332641657
0.002895391732692761
0.0028496632895105003
0.0028009080553743184
0.002749538657720672
0.0026960014251581296
0.002640749608143909
0.002584216425652101
0.0025267910406713413
0.002468800877743422
0.0024105027871409324
0.0023520836771978894
0.0022936691074619763
0.0022353367588633854
0.0021771311985389007
0.002119076985639076
0.0020611884853136914
0.0020034761525942854
0.0019459499927646764
0.001888621174881937
0.0018315027890798315
0.0017746099749983508
0.001717960228659845
0.0016615733999013962
0.0016054721553133548
0.001549681632962447
0.0014942273461779156
0.0014391430521552176
0.0013844596277087437
0.001330215690177469
0.001276449626785415
0.0012232022116248778
0.0011705262507704889
0.0011184648377033017
0.0010670683120464618
0.0010164066141048283
0.0009665168640186444
0.0009174735832438568
0.0008693402166896129
0.0008221686356188661
0.0007760469602195844
0.0007310275470898497
0.0006871813695015452
0.0006445766791851592
0.000603276641344036
0.0005633495756685507
0.0005248485871721578
0.00048783610163079965
0.0004523520359357626
0.0004184492587872395
0.00038615348253589327
0.00035549991986018645
0.0003265010201972991
0.0002991850141336484
0.000273491383385632
0.00024945283224526006
0.00022704999468490652
0.0002062264773705307
0.00018696127421397388
0.00016915911688207292
0.00015280240068551797
0.00013780520988210617
0.0001241010794162942
0.00011160969583028759
0.00010025930032527729
0.00008998900699354036
0.00008068280111920592
0.00007222763732586594
0.00006470041157084618
0.00005788653519191333
0.00005173701992201295
0.00004629752715644637
0.00004135705490281859
0.000036936788765080845
0.0000330024221016201
0.00002944555265206306
0.000026234142156017975
0.000023466410998078766
0.00002101083425180751
0.000018709946111721997
0.00001669760142714928
0.000014866671650720358
0.000013276149804599999
0.000011865577676757094
0.000010583200118518392