0.013175548656440095
0.013069405950698207
0.012722500019612299
0.01213045467896066
0.011345556895420234
0.01045623993093876
0.009551062725696101
0.008693892519444898
0.00791896977947218
0.0072378209323530444
0.006648463633469475
0.006142450441496226
0.005709118762760281
0.005337779573191271
0.005018676310441752
0.004743296573292178
0.0045043780207190895
0.00429578991914009
0.004112380148827363
0.0039498286761959715
0.003804523362992817
0.0036734609860868805
0.003554169394221545
0.003444643143981142
0.003343283972353734
0.0032488390778207983
0.0031603341300520276
0.0030770026612477455
0.002998217339585446
0.002923431645475669
0.002852136440581382
0.0027838363683431585
0.0027180436179986057
0.002654286795644814
0.0025921251401796776
0.0025311690350867844
0.002471092509531393
0.0024116402339410957
0.0023526268790716055
0.0022939287839606926
0.0022354707058983795
0.0021772121751619153
0.0021191354254373553
0.00206123572432054
0.0020035165807742745
0.0019459854132553697
0.0018886519113629086
0.0018315335582482642
0.0017746336595190302
0.0017179811181141612
0.0016615917355038191
0.0016054880409295588
0.0015496947916182038
0.0014942372217091788
0.001439150914942472
0.0013844694570600286
0.0013302258348641053
0.0012764569537848526
0.0012232108986116538
0.0011705320556233767
0.0011184704209865875
0.0010670754776676834
0.0010164086798054256
0.0009665228874825928
0.0009174779658204073
0.0008693389758011636
0.0008221896391788987
0.000776048252341154
0.0007310273891256087
0.0006871820552702001
0.0006445773121934005
0.0006032789418055217
0.000563352972496304
0.0005248502345391334
0.00048783623281097916
0.0004523772514778065
0.0004184795106499127
0.00038614359281572173
0.0003555026509213958
0.0003265117508048165
0.000299171562294048
0.0002734932391710288
0.00024946659725443666
0.000227045008277881
0.00020622458089063737
0.00018706645744417342
0.00016915500590274717
0.00015280008717103358
0.00013780263289515801
0.0001241062821837285
0.00011160769670513997
0.00010026385619608182
0.00008998579376339338
0.00008068807411901392
0.00007228745877387195
0.00006470142137064672
0.00005785949824853628
0.000051765638198171844
0.00004630559122707823
0.00004134068584678345
0.000036920927972766594
0.00003300957819709757
0.0000294455106296711
0.000026220783914127116
0.000023455451838927965
0.00002102577404409861
0.000018719323054690375
0.00001669960687164204
0.000014865367038274962
0.000013276056479400507
0.000011865837537676546
0.000010582405459942437