0.0054084637654857395
0.005406769809266682
0.005400870986155212
0.0053893416547922185
0.005370495094671047
0.005342428654522141
0.00530313192461712
0.0052506737231294495
0.005183467249568452
0.005100582696404591
0.005002039921311517
0.004888989104951917
0.004763697627764717
0.004629315613723352
0.0044894704182668835
0.004347800092649123
0.004207545983578448
0.004071284196424755
0.0039408176704783535
0.003817202181128589
0.003700858647000914
0.003591724911193534
0.003489412216689659
0.003393345065055858
0.003302873384362705
0.003217352455920714
0.003136190354060092
0.003058866242001791
0.0029849262601529553
0.0029139663331832497
0.002845611569166457
0.0027795006580223778
0.0027152794811720975
0.0026526048567014236
0.0025911549061696563
0.002530642539240324
0.0024708264313441793
0.002411517003949061
0.0023525762137563203
0.002293911722648033
0.0022354675950411363
0.002177214097215465
0.002119138729725833
0.00206123931152848
0.0020035199076620966
0.001945988258930154
0.0018886547541702274
0.0018315331263451837
0.0017746422460876514
0.0017179829867022614
0.0016615934919724771
0.0016054894111010446
0.0015496954908391781
0.001494240246642324
0.001439153773499386
0.0013844693859467732
0.0013302285420860396
0.001276457188877456
0.0012232116401053917
0.0011705328900356669
0.0011184705635074123
0.0010670762113968021
0.00101640803782484
0.0009665204894940793
0.0009174769646506655
0.0008693394347367032
0.0008221803593722473
0.0007760481666192628
0.0007310269078934684
0.0006871864486789559
0.0006445779234243855
0.0006032788389947374
0.0005633463355041405
0.0005248453782936395
0.00048783483769302045
0.00045236726608493443
0.0004184483393045223
0.00038615002384036597
0.00035550126169415504
0.00032650683884301594
0.00029918906539551913
0.00027349043686335516
0.0002494627757838175
0.00022704919336935774
0.0002062238909252927
0.00018702499094733966
0.00016915642351058704
0.00015280142883141115
0.00013780195745908232
0.00012409813912461485
0.00011162573586550506
0.00010026496387050308
0.00008998625187639427
0.00008068817615610755
0.00007228893534361133
0.00006468753174288216
0.00005786973454275378
0.000051764608350533246
0.000046315559773797634
0.00004133607680350803
0.00003693048134138854
0.00003300334617129528
0.00002944644415913329
0.000026216834030181907
0.000023453049673997135
0.000021015276416271614
0.000018725545070901173
0.00001669970614502899
0.000014856799625450565
0.000013277472023988769
0.000011872110952869607
0.000010572601755284307