0.004520139289032621
0.004519631383530743
0.00451785837124428
0.004514373415763242
0.00450862044211646
0.004499922010558878
0.004487474379955218
0.004470355946030114
0.004447556443737285
0.0044180346176063935
0.0043808092888559715
0.004335081694820604
0.004280375359706188
0.0042166662654540485
0.004144466964111266
0.004064831106700086
0.003979263308341404
0.003889548121825086
0.0037975380705785695
0.003704951312184914
0.003613220718511937
0.0035234148466835
0.0034362288298992088
0.0033520279534432155
0.0032709207933028185
0.003192840130160689
0.0031176151405774614
0.0030450251577020904
0.0029748321366106934
0.002906794765740902
0.00284067084324559
0.0027762156262046193
0.0027131820504678835
0.0026513257683928072
0.002590414332192005
0.002530238155311955
0.0024706197584845368
0.002411419042992404
0.0023525336723285175
0.0022938951203423778
0.0022354620198182205
0.0021772127343316896
0.002119138766846373
0.0020612397562560906
0.0020035204613011843
0.001945988783923366
0.0018886552358580886
0.0018315330224956707
0.0017746394582232596
0.0017179836070163336
0.001661593728371022
0.0016054898845407634
0.001549698735688281
0.0014942408048849848
0.001439154322854485
0.0013844700084993777
0.0013302249832501457
0.0012764574924723753
0.0012232116337803876
0.0011705328475945108
0.0011184705014164115
0.0010670727573413646
0.0010164075086369097
0.00096652023482325
0.0009174777194242555
0.0008693395039141664
0.0008221776376002091
0.0007760476455952311
0.0007310277483603332
0.0006871835461531333
0.000644577081947483
0.000603278525045974
0.0005633464353449242
0.0005248474978876158
0.0004878345415430956
0.0004523639600534031
0.0004184483609085431
0.0003861498319201843
0.0003554992563119259
0.0003265070473824819
0.0002991855726981779
0.00027349053543875327
0.00024946622149946054
0.00022705750686187256
0.00020622521226063708
0.00018700617774557534
0.0001691562959351565
0.00015280045298678477
0.00013780873899865468
0.0001240966077943335
0.00011160205679245104
0.00010026431048122444
0.00008998808906535719
0.00008068804471702476
0.0000722807510930761
0.00006469778143044419
0.00005787491097088429
0.000051765946538712396
0.00004631419020940067
0.00004134321095497352
0.00003693092936726092
0.00003300130597148954
0.00002944540324486851
0.000026222100685172548
0.000023455530079482422
0.000021018505077106645
0.000018722943811269042
0.00001669899588358227
0.000014862695708596178
0.000013276184776908006
0.000011867948380696473
0.000010575671463888375