0.00336094606104241
0.003360915558825737
0.0033608089008903205
0.0033605984408960157
0.003360248625288248
0.003359713995299472
0.003358936766714784
0.003357843942537631
0.003356343938407431
0.0033543227489824775
0.0033516397671194183
0.0033481235002284252
0.0033435676224493147
0.003337728062321924
0.003330322137980587
0.0033210310603548425
0.0033095073127579443
0.0032953882879346317
0.0032783169022003
0.00325796848425642
0.003234081172686925
0.0032064847817329183
0.0031751216443639367
0.003140053450823148
0.0031014511702306133
0.003059570083692162
0.003014716759608942
0.0029672171158326367
0.0029173933055160915
0.002865552750884636
0.0028119874688830315
0.0027569782804762128
0.0027007980402281506
0.002643710007696841
0.0025859610723828405
0.0025277721791353565
0.0024693295452616845
0.002410779649947013
0.0023522293380642324
0.00229375059201148
0.0022353882702832403
0.002177168689988143
0.0021191072832868166
0.0020612143431991176
0.0020034987095548344
0.00194596981223557
0.001888638618533881
0.0018315181539222494
0.0017746234989312218
0.0017179721285292772
0.0016615838595826606
0.001605481370994385
0.0015496898497260497
0.0014942344089238758
0.0014391487145805034
0.0013844649977949978
0.0013302204044095126
0.0012764537195528365
0.0012232055776576095
0.0011705298146966342
0.001118467487135411
0.0010670703295867835
0.0010164089093642231
0.0009665186023947242
0.0009174750606174053
0.0008693415377288999
0.000822169423620635
0.0007760478803011723
0.0007310278822858528
0.0006871820188207119
0.0006445772557168543
0.0006032773028412902
0.0005633499992634236
0.000524849551578986
0.0004878364765073649
0.0004523535489054302
0.00041844953382365953
0.00038615353952532294
0.0003554999651034304
0.0003265011867271935
0.0002991722223982193
0.0002734915599158187
0.0002494529888255539
0.0002270500345134617
0.0002062264896807312
0.00018696121646791984
0.00016915917454003927
0.00015280233399217406
0.00013780521903837052
0.00012410107548802091
0.00011160966795720026
0.00010025958359823144
0.0000899885551140986
0.00008068257418300897
0.00007222709559997895
0.00006470040216593765
0.000057886531203220016
0.00005173742079466389
0.00004629732420791489
0.00004135935765556754
0.00003693698874063237
0.000033002135368098804
0.000029446063774170764
0.000026233636250906894
0.00002346649722660688
0.000021009275958363435
0.000018710346520089036
0.000016695891582953407
0.000014868616977040649
0.000013274946632166184
0.000011865224716371325
0.000010584625069995752