0.004241878561879812
0.00424170754878317
0.004241109790327564
0.0042399313165919945
0.004237975558762138
0.004234993840594573
0.004230674767618391
0.004224633036566794
0.004216398693995779
0.004205408600500182
0.004191002794590604
0.004172429618024384
0.004148864088407609
0.004119444935470187
0.004083333819816189
0.004039797561719634
0.003988307938191617
0.003928645839874617
0.0038609892040059896
0.0037859610104868657
0.003704618151657153
0.0036183745920469164
0.0035288695022267632
0.0034378056489032683
0.003346789838634874
0.0032572031530350974
0.0031701173743623
0.0030862608022000537
0.003006026464774097
0.0029295106572029724
0.0028565692932666933
0.002786881782760349
0.0027200151382518675
0.0026554834039621126
0.0025927988985722243
0.0025315127123179443
0.0024712421798227294
0.0024116851074053036
0.0023525993603360535
0.0022939012743417096
0.002235436621109609
0.002177177826046865
0.0021191043079042556
0.002061207258501423
0.002003491338613573
0.0019459630363987649
0.0018886320329732102
0.001831514537150692
0.001774617442961814
0.0017179675501698287
0.0016615799197786545
0.001605475727398755
0.001549701923938702
0.001494229374309361
0.0014391477956668885
0.0013844633208946232
0.0013302184854714746
0.0012764621957160347
0.0012232066664140501
0.0011705299819327508
0.0011184667178013835
0.0010670694349794012
0.0010164132265650877
0.0009665180942581175
0.0009174748303704834
0.0008693382286326691
0.0008221731346127429
0.0007760459179116796
0.0007310299709300005
0.0006871801233368267
0.0006445742607357664
0.0006032718212752794
0.0005633490807170418
0.0005248511679991165
0.0004878451629068589
0.00045242851601082364
0.00041844391018568404
0.00038614730380763534
0.00035550221956031784
0.00032651773934792367
0.00029915521143053156
0.0002734800677432347
0.00024945566324387615
0.00022704094861094158
0.00020623988768104669
0.0001872473659631081
0.00016914572306812325
0.00015279903539137571
0.00013777363261092062
0.00012410678201333025
0.00011160623885218513
0.00010025285861660451
0.00009000384133556454
0.00008068245202405048
0.00007229417485713112
0.00006470224249379198
0.00005781913515770309
0.000051776912910650246
0.000046288614569657075
0.00004134943397688922
0.000036945011154877165
0.000033031150092727116
0.000029444850951171907
0.00002624123057423277
0.00002346107502362462
0.000021023511476066987
0.0000187127204685501
0.000016700870003329476
0.000014906193174703875
0.000013277146838140473
0.000011870589326464988
0.000010589243428598217