0.00317497657862779
0.003174963987240806
0.0031749199519696043
0.0031748330302921973
0.003174688464829
0.0031744673082771757
0.003174145335090717
0.0031736916954568234
0.0031730672621983163
0.0031722226187011994
0.0031710956382714796
0.003169608616267553
0.003167664941542131
0.0031651453409420028
0.003161903809788524
0.0031577634635005757
0.0031525127202120745
0.0031459024516720083
0.003137645015493156
0.0031274163091710265
0.0031148621838344337
0.00309961040486661
0.003081288887293374
0.0030595498635982237
0.0030340982025656047
0.0030047204762237837
0.0029713102404583117
0.0029338849120655276
0.0028925908586733867
0.0028476955356977053
0.0027995679120616955
0.0027486502210089525
0.0026954249009126666
0.002640380627483495
0.0025839809924635415
0.0025266389243582743
0.0024686993089588346
0.0024104312504506036
0.0023520299062927403
0.002293626125742361
0.0022353007787002557
0.0021771002153970487
0.0021190499153643434
0.0020611646820529747
0.002003455173308355
0.0019459315040248836
0.001888604846065273
0.0018314884683685623
0.0017745973872534983
0.0017179492003940589
0.00166152352621311
0.0016054639400249037
0.0015496731230590583
0.0014942208162432415
0.001439136667357952
0.001384454297876719
0.0013302113732700843
0.0012764457041609474
0.0012232018716678069
0.001170523842875016
0.0011184620359856925
0.0010670697377818282
0.0010164011955531083
0.000966514964569032
0.0009174723518837049
0.0008693402859301768
0.0008221714886624212
0.0007760464271400053
0.0007310262540460369
0.0006871802649842696
0.0006445756487111912
0.0006032772871002499
0.0005633497620265769
0.0005248482564476765
0.0004878377437428464
0.0004523533324040541
0.0004184534828262381
0.0003861524369731125
0.0003555011845211432
0.000326498643666648
0.00029917284002556555
0.0002734926652248168
0.00024945354530959713
0.00022705196221259774
0.00020622597533681184
0.00018696472833150814
0.00016915940902655907
0.0001528026650151887
0.00013780500940929283
0.00012410095917514866
0.00011160814509803151
0.00010025857749498573
0.00008998920157200019
0.00008068122453116296
0.00007227186199080186
0.00006470242549734601
0.0000578816727698144
0.000051733253783219585
0.000046297117873068146
0.00004135702123555775
0.00003693498557974744
0.000033005416868866385
0.000029441806471865527
0.000026233413247565993
0.00002346446698514137
0.000021011860427925146
0.000018712023034890198
0.000016700454324851323
0.000014864375158186113
0.000013272651815767052
0.000011866099916210462
0.000010582994089182117