0.0034537037037608363
0.003453660108364143
0.003453507680203899
0.0034532069648407575
0.0034527073061552983
0.0034519440889070143
0.003450835452666119
0.0034492784610132415
0.0034471447709274847
0.0034442759519492296
0.0034404787696901513
0.0034355209887201987
0.0034291285695119294
0.0034209855188585304
0.00341073799566614
0.003398004498126092
0.003382393703188773
0.0033635306150892243
0.0033410898174211488
0.003314831953374017
0.003284636786042572
0.0032505245538226525
0.003212658347457055
0.003171324429956504
0.0031268938276776967
0.003079774529652037
0.003030366429153506
0.0029790293871252557
0.0029260694294160543
0.0028717416488898487
0.0028162635251169975
0.00275983064733806
0.0027026282495971506
0.0026448353528689098
0.0025866219675778255
0.002528142316293878
0.002469527773357906
0.002410882418294489
0.0023522825114369113
0.0022937796269749482
0.00223540613939628
0.0021771814300881836
0.0021191174654198834
0.002061222992949778
0.0020035062427821667
0.0019459764297191553
0.0018886444338944563
0.0018315232982536412
0.0017746280286536605
0.0017179761265963536
0.0016615873733292303
0.0016054845546734295
0.0015496930908809178
0.0014942367875670048
0.001439150748971267
0.0013844667141084566
0.0013302220028127579
0.0012764550645760102
0.0012232060817087772
0.0011705308520499336
0.0011184682905728772
0.0010670760060052958
0.0010164106188540261
0.0009665192652573718
0.0009174755919622095
0.0008692949299250032
0.0008221739680742468
0.0007760482798017875
0.0007310281458409424
0.0006871822843747009
0.0006445775657014268
0.0006032782707991613
0.0005633502943434767
0.0005248494798700764
0.00048783731307527233
0.00045235368654343073
0.00041845255171530537
0.00038615324573257234
0.00035550120380224525
0.0003265010960806107
0.0002991727920846988
0.0002734919103950104
0.00024945463846514943
0.00022705014188199394
0.00020622640585049663
0.00018696223122338014
0.00016915916529021646
0.0001528024059069419
0.00013780534861433495
0.00012410107645539903
0.00011160880005935708
0.00010025971593394382
0.00008998854988333984
0.00008068256053023671
0.00007223367225217321
0.00006470130929030408
0.000057886490290802946
0.00005173712639732847
0.000046297920064834454
0.00004135947285845552
0.00003693670317196178
0.00003300292278506111
0.00002944693453822892
0.000026236242484977855
0.000023466662644117788
0.00002100969003799232
0.0000187099312816088
0.000016695563958039663
0.000014868485835915224
0.000013275350810018395
0.00001186604204765914
0.00001058468210566441