0.0035803170557613395
0.0035802501160592153
0.0035800160970343555
0.003579554556937456
0.0035787880888864133
0.003577618316665646
0.0035759212513077963
0.0035735420904261244
0.0035702896880726713
0.003565931149761861
0.0035601873331570443
0.0035527304605098738
0.0035431855332685976
0.003531137667138317
0.0035161476069286712
0.0034977771965430007
0.0034756250846738525
0.003449370240083515
0.0034188172428588183
0.0033839339452963477
0.0033448707282203393
0.003301953023420176
0.0032556451751593503
0.0032064921899550842
0.003155052899115134
0.003101840249703585
0.0030472810920650372
0.0029917007628256485
0.0029353301730768964
0.0028783277283437915
0.002820806476313161
0.0027628581607053717
0.0027045691606792047
0.002646027108625424
0.002587320019030631
0.002528531314314685
0.0024697339967614676
0.002410987604807923
0.002352335320683203
0.0022938071487193542
0.0022354221568594017
0.002177192334328208
0.0021191259565304797
0.0020612301279138694
0.002003512430990121
0.0019459818627038407
0.001888649194263904
0.001831527524788909
0.0017746317692520334
0.001717979448652745
0.0016615516080245394
0.0016054872923410974
0.0015496936116960647
0.0014942387701362889
0.0014391523787302847
0.0013844680282395123
0.0013302233519100416
0.0012764561364842586
0.0012232109401324664
0.0011705317109168575
0.0011184688474631021
0.0010670756198575134
0.0010164062629048395
0.0009665193182445349
0.0009174760823322661
0.000869343363853199
0.0008221742006311722
0.0007760487284815498
0.0007310281987033485
0.0006871819025029372
0.0006445770216160052
0.0006032784331855569
0.0005633507055694051
0.0005248490469178547
0.00048783835632980625
0.00045235384998183487
0.0004184538335021439
0.000386152839565254
0.0003555014681321444
0.0003264989909478554
0.0002991727020140957
0.0002734928041394181
0.0002494539499691259
0.00022705198256048388
0.00020622607071241468
0.00018696398215306938
0.00016915943942093865
0.00015280247460562951
0.0001378049628339311
0.00012410092821556277
0.00011160828773148242
0.00010025903496145972
0.00008998846945856307
0.00008068034456593601
0.00007223261309088765
0.00006470208753700068
0.00005788191359327887
0.00005173403659905518
0.00004630108493190093
0.00004135780514809444
0.00003693582335094998
0.00003300493571512325
0.00002944245335342344
0.00002623623210748933
0.000023466775558710246
0.000021009972886498137
0.000018711888942382823
0.000016696790796899325
0.00001486788839828052
0.000013272131102807293
0.000011866231141981223
0.000010586874646091818