0.0032400181257250206
0.003240000391192124
0.003239938372154868
0.0032398159663673837
0.0032396124266382787
0.0032393011520968186
0.0032388481976291525
0.003238210451396431
0.0032373334309538444
0.003236148656423009
0.003234570579479852
0.003232493086758818
0.0032297856650136004
0.0032262894239048533
0.003221813330597047
0.003216131222101663
0.0032089804145048542
0.003200062975760785
0.0031890508989415246
0.003175596323525677
0.003159347496429887
0.003139970153882018
0.0031171725362548045
0.003090730663412741
0.0030605094786373107
0.003026475744520323
0.002988700427350154
0.0029473511494041565
0.002902677780413625
0.002854995080524656
0.002804665197629994
0.002752080696828506
0.0026976473549452542
0.0026417657641539
0.002584812369600776
0.002527121984387474
0.00246897469289074
0.0024105894921653452
0.002352125464671614
0.0022936894163955
0.002235347502771466
0.0021771378787153097
0.0021190819018931783
0.0020611925159293057
0.0020034796184765684
0.001945953023116768
0.0018886238339095882
0.0018315051338277921
0.001774612037392366
0.0017179620451922902
0.0016615749956683985
0.0016054735864649981
0.001549683019821566
0.0014942284241678467
0.0014391434773083178
0.0013844604210111564
0.0013302164122018859
0.0012764502420475243
0.001223202546865716
0.001170527192006564
0.0011184652166723655
0.0010670683573333127
0.0010164072295308798
0.0009665171512517941
0.0009174738171907169
0.0008693405078381
0.0008221685036873909
0.0007760471132476828
0.0007310272343379186
0.0006871814736817064
0.0006445767996692303
0.0006032769188998655
0.0005633496841460152
0.0005248492880790154
0.00048783627018159553
0.0004523533771195443
0.0004184493895006652
0.00038615340761267444
0.0003554998633708426
0.00032650107872073076
0.00029917227115259344
0.0002734915081223609
0.0002494528364732333
0.00022705001693450853
0.00020622645868352755
0.0001869614537020033
0.00016915916334893718
0.000152802394787151
0.00013780523740490808
0.0001241010875309305
0.00011160962699143335
0.00010025939900934757
0.00008998879822740158
0.00008068233830343
0.0000722264916792446
0.0000647004369599387
0.00005788651934363183
0.00005173707254668119
0.000046297489379542635
0.00004135710675861344
0.000036937090280478875
0.00003300289897031055
0.000029445747524846565
0.000026234791111092878
0.00002346652589336793
0.000021010427429059652
0.000018709991463377974
0.000016697598155475725
0.0000148669366034186
0.00001327629800372364
0.000011865743968041397
0.000010583313762462935