0.004027670537187954
0.004027454517828012
0.004026699787564786
0.0040252134050026665
0.004022751202450954
0.004019008238285109
0.0040136095839918675
0.0040061030012372946
0.003995955935398427
0.003982560238992848
0.003965248872925428
0.0039433289938491135
0.003916134549024197
0.0038830979680578356
0.0038438344729647854
0.0037982249889275095
0.0037464774933666616
0.003689145950303024
0.0036270936418421364
0.003561402677023021
0.0034932479487663494
0.0034237642311148444
0.0033539349142598053
0.0032845213019074165
0.0032160379179291786
0.0031487676333494
0.0030828037061154975
0.0030181041694063303
0.0029545459587410343
0.002891970070942608
0.0028302135525956843
0.0027691281663589245
0.0027085883723429348
0.002648492417544521
0.0025887600281893257
0.0025293291156869924
0.002470152689538577
0.002411196303504975
0.002352435931557213
0.0022938560821943866
0.0022354480639098593
0.0021772084461021608
0.0021191378104959166
0.0020612398392618908
0.0020035207786830824
0.0019459891869837338
0.0018886555192426764
0.0018315334196896882
0.0017746370051995536
0.0017179836590938144
0.0016615944872237522
0.0016054893140852098
0.0015496968031176342
0.0014942416738729309
0.0014391542593612742
0.0013844692779485693
0.0013302254672639229
0.0012764573568339556
0.0012232119873265448
0.0011705328120058933
0.00111846900896463
0.0010670761125759866
0.0010164067752212146
0.0009665197623144805
0.0009174768321308685
0.0008693390915317924
0.0008221743269740587
0.0007760491264827033
0.000731028805355117
0.0006871816553954685
0.0006445774311578657
0.0006032785553902061
0.0005633513807627538
0.0005248489828176127
0.0004878385163137496
0.00045235485936135175
0.00041844997521549537
0.000386157204440063
0.0003555019869733506
0.0003264978005969891
0.00029917648044796967
0.00027349326165595675
0.00024945672357544257
0.00022705270319910015
0.00020622579970635654
0.00018697569403839157
0.00016915831710894935
0.0001528017765148658
0.0001378076112703287
0.00012410043808741555
0.00011160787218463465
0.00010025429627644829
0.00008998822816051681
0.00008068309255945987
0.0000722367294954992
0.00006470287990602726
0.000057881379967130375
0.00005173277887723419
0.00004630258344321673
0.00004134228715131852
0.0000369307639471154
0.000033005729248685466
0.000029441402439495545
0.000026236493846589688
0.00002346215214141898
0.00002100788432798186
0.00001871392662604044
0.00001669715566769922
0.000014864180015681718
0.000013272147057173453
0.000011866918523728837
0.000010574370776304466