0.0031576967422719056
0.003157685336164791
0.0031576454455910837
0.0031575667027714804
0.0031574357330692955
0.003157235358276362
0.003156943603570751
0.003156532465736011
0.003155966394458116
0.0031552004341878124
0.0031541779730616627
0.003152828050748254
0.0031510621934619214
0.0031487707784812733
0.0031458189914435435
0.003142042538749797
0.003137243426565062
0.003131186325824584
0.0031235963070307534
0.003114159023454822
0.003102524678253093
0.0030883172328533865
0.0030711500247959794
0.0030506483582014303
0.003026478127212728
0.002998377844569919
0.00296618954972407
0.0029298829825924098
0.0028895677470734188
0.0028454902182191316
0.0027980151287374036
0.0027475949548340216
0.002694732238716813
0.0026399405705091385
0.002583708971534142
0.0025264734830065744
0.0024685982667803728
0.0024103673605977115
0.0023519866848679205
0.0022935942728170575
0.0022352754036314417
0.0021770788915633755
0.0021190314726440536
0.0020611485230241852
0.0020034409467571675
0.0019459189785483177
0.0018885937690148792
0.001831478810453489
0.0017745889051575987
0.0017179418074960266
0.0016615571880609311
0.0016054584907471325
0.0015496680920855594
0.0014942164441045227
0.001439132623981867
0.0013844505966074054
0.0013302085128028339
0.0012764430048784992
0.0012231991917086105
0.0011705219093523065
0.0011184600306416907
0.001067068149182978
0.0010163998549183033
0.0009665138060070229
0.0009174714484535129
0.0008693405444558933
0.0008221707111930391
0.0007760462283614105
0.0007310257125929971
0.000687179676653721
0.0006445752843481382
0.000603276985159279
0.0005633499597501265
0.0005248481803860232
0.00048783620096397095
0.00045235263840443885
0.00041844854785157837
0.0003861543535008272
0.0003555011996158148
0.0003264976617962507
0.00029917516521687533
0.00027349252057507254
0.00024945322988618584
0.00022705270081447483
0.0002062249847588819
0.0001869714126035851
0.0001691589208760792
0.0001528024566039854
0.00013780595722357396
0.00012410072097261614
0.00011160852523969354
0.00010025932942761025
0.00008998945572920768
0.00008068347574881668
0.00007227383522662506
0.00006470199727202806
0.00005787863492875218
0.00005173365889992307
0.00004630236495440088
0.00004135594947679531
0.0000369335014124731
0.00003300472549127834
0.00002944071784406037
0.00002623417917409553
0.000023461539239787054
0.00002101045852112794
0.000018713519758834264
0.000016698955278964417
0.000014861739659747197
0.00001327891330574258
0.00001186631969487479
0.000010581896696547178