0.0032019028885719933
0.0032018883010830994
0.003201837285991383
0.003201736591583096
0.0032015691338690257
0.0032013129908341786
0.003200940155906047
0.003200415003404823
0.0031996924156259135
0.0031987155222477385
0.0031974130113835856
0.0031956959920351044
0.003193454435063052
0.0031905532716443455
0.0031868283692183847
0.003182082733560304
0.003176083515795663
0.003168560647545575
0.003159208175193479
0.0031476895155647493
0.0031336477985882696
0.0031167219881985844
0.003096568553543671
0.003072887073470933
0.0030454466839809277
0.0030141092801493517
0.0029788454627637825
0.0029397405742457292
0.002896990321323307
0.0028508874630494576
0.002801802029535007
0.002750157437794728
0.0026964043294564503
0.0026409937325115214
0.002584351505181302
0.002526856567702069
0.0024688255388008347
0.002410505654285331
0.0023520763255777503
0.002293657905477231
0.002235324836820146
0.0021771198866988805
0.002119066728509741
0.0020611793474298156
0.002003468064520202
0.0019459428536527967
0.0018886148660638184
0.001831497259010309
0.0017746051062331103
0.0017179559603651268
0.0016615696458094165
0.0016054689859249787
0.0015496794311570953
0.0014942248181512427
0.0014391402745343592
0.0013844575605418805
0.0013302140170356309
0.0012764481096116662
0.0012232000187850198
0.0011705256066778431
0.0011184637496270285
0.0010670720842121985
0.001016407260934419
0.0009665163630146718
0.0009174731050740398
0.0008692921639047666
0.0008221721601043091
0.0007760467456527117
0.0007310268499911396
0.0006871811942140081
0.0006445766539523805
0.0006032775067536989
0.0005633496645346352
0.0005248489510366892
0.0004878369020969364
0.000452353340584453
0.00041845236560013994
0.00038615298024888197
0.0003555010144518385
0.0003265008783564277
0.00029917289590298147
0.0002734918085279528
0.0002494543767573682
0.00022705028978994878
0.00020622634325535285
0.00018696271182894658
0.0001691591443842533
0.00015280252913231588
0.00013780538654293808
0.00012410110019337123
0.00011160870017538948
0.00010025941982573891
0.00008998904186032142
0.00008068307397666508
0.00007223259579031865
0.00006470137370339427
0.000057883927811224654
0.00005173307334579305
0.0000462964538706885
0.000041357358728447233
0.00003693648494431525
0.00003300407009468714
0.000029441994771709347
0.000026235504635323876
0.000023466431386829045
0.000021010862358832
0.00001871050401762521
0.00001669753797520028
0.000014866144327925418
0.000013276360752845588
0.000011866118634013028
0.000010581996860150918