0.004377695497898049
0.004377444774070825
0.004376568710412814
0.004374842995022388
0.004371983235844069
0.004367633280625469
0.004361353499133375
0.00435261060212435
0.0043407715096019026
0.004325104878175272
0.004304794904186822
0.004278972399559063
0.004246767232856742
0.004207382949104912
0.004160188757380361
0.004104816612943462
0.004041244684861769
0.003969846664580261
0.0038913923382896615
0.0038069961786799797
0.0037180250267076437
0.0036259838282120737
0.003532398971721317
0.003438714092892678
0.0033462057062460765
0.003255922228636967
0.00316864738264532
0.003084887719891595
0.003004882371017812
0.002928631321222918
0.0028559371957840333
0.0027864551326202643
0.002719745654225325
0.002655326064374862
0.0025927164434527603
0.0025314768590826995
0.0024712331386322153
0.002411690005765454
0.0023526265708066233
0.002293914470808497
0.002235449772842808
0.002177190282272945
0.0021191148886487167
0.0020612176268951254
0.0020034995616728377
0.0019459700616961608
0.0018886342356275068
0.001831518950048472
0.0017746233385773167
0.0017179714906255601
0.0016615839779407341
0.0016054807737941128
0.0015496927023436256
0.0014942043559495798
0.0014391492726542469
0.001384464788814053
0.0013302227559994152
0.0012764561609590846
0.0012232081693077526
0.0011705293744539464
0.001118467735923111
0.0010670705355097622
0.0010164137705146654
0.0009665190935466175
0.000917478121417189
0.000869336590713045
0.0008223378283391442
0.000776047774112737
0.0007310285711796485
0.0006871800548270711
0.0006445767276999409
0.000603275081251907
0.0005633478594140698
0.0005248499987856583
0.0004878413717006288
0.0004524060926109385
0.00041844555949405675
0.0003861520655427225
0.0003555003651475446
0.0003265135333329816
0.00029916147295938985
0.00027348985297056004
0.0002494558557758799
0.00022704652161925046
0.00020623014411459256
0.0001872145061441109
0.0001691484444887826
0.0001527997985499159
0.0001377860980906178
0.00012410799940456338
0.0001116027841459831
0.00010025386893867538
0.00008999930890780529
0.00008068246638454662
0.00007228821243201134
0.00006470123410962776
0.00005784446934761388
0.000051775082730421104
0.00004629227538751128
0.00004135754834010868
0.00003690573216884381
0.00003302579297776048
0.00002944499012493975
0.000026231016406962113
0.000023467785932095223
0.000021026176081420473
0.000018721527021614252
0.000016702387212317762
0.000014900151009360864
0.000013278549447588277
0.000011864030323474531
0.000010581556855855637