0.008016829570748273
0.008003393502423274
0.007957214565827712
0.007869586505510612
0.007733318164916583
0.007544742676391037
0.007305436941326982
0.00702278919124338
0.006708927481125726
0.00637833786332422
0.006045154551598896
0.0057211020666498875
0.005414532744931281
0.005130432089518704
0.004870992324376397
0.0046363726628080365
0.004425408608938755
0.00423617173623986
0.004066368457850677
0.00391360516149128
0.0037755562754515394
0.003650067104768455
0.0035352139802054296
0.0034293350377447756
0.0033310379663988384
0.0032391873393191346
0.0031528738111807238
0.003071369488221774
0.0029940765344221064
0.0029204782030928774
0.002850099415469889
0.0027824829656108658
0.0027171813261265033
0.002653762605753456
0.0025918233123207717
0.0025310057734245885
0.0024710104740008993
0.0024116027040773274
0.002352611923513924
0.002293924214971473
0.0022354703927550696
0.0021772133437306857
0.0021191369432541425
0.002061237309573852
0.0020035180286678347
0.0019459866268354167
0.001888653149442918
0.0018315331724641187
0.001774648830878385
0.001717981924305598
0.0016615924457198457
0.0016054886247003442
0.0015496940863063465
0.0014942386676453558
0.001439152270542216
0.0013844697510784726
0.001330225440115017
0.0012764571765724647
0.0012232111374951792
0.0011705322971001725
0.001118470502890986
0.0010670761313357408
0.0010164082365821591
0.0009665232098890788
0.0009174762420713773
0.0008693389372281964
0.0008221856843371162
0.0007760483536929359
0.0007310278012880278
0.0006871821872638733
0.0006445780572809381
0.0006032789895817554
0.0005633523675350824
0.000524843086502161
0.00048783574466033854
0.0004523729446394694
0.000418476087175715
0.00038614610405700246
0.0003555019821210747
0.00032650971932822524
0.0002991947793822065
0.0002734913055332246
0.00024946586472697247
0.0002270459375032077
0.0002062222362538477
0.0001870499337440029
0.00016915381549973644
0.00015280234362245488
0.00013780414293307065
0.00012410477589227495
0.00011160587304596817
0.00010026546742055566
0.00008998773846411794
0.0000806895683934854
0.00007228482721841783
0.00006468659038345444
0.00005786297707453017
0.00005176395236066808
0.00004630826569510993
0.0000413412554228338
0.00003692503661871019
0.00003300574642693464
0.00002944559080971459
0.00002621928939138175
0.000023450082337878195
0.00002101481563101365
0.000018724997692193193
0.00001670172563903174
0.000014864595933754069
0.000013274812577969489
0.000011866425113570332
0.000010591789451097009