0.013091074126636492
0.012984938153346694
0.012638055762959137
0.012046056869490226
0.011261236276586947
0.010372037256338161
0.009467031454657783
0.00861010212926409
0.007835509786878801
0.0071548057006505916
0.0065660380009621615
0.006060796138337213
0.005628461366401021
0.005258395772963636
0.004940900537804228
0.004667526025486358
0.004431074359767152
0.004225475503024399
0.004045626319017266
0.0038872337734234246
0.0037466791095737426
0.0036209079271423113
0.0035073451687539455
0.003403830806426757
0.0033085701246309217
0.003220091672351112
0.0031372065142025356
0.0030589645781255582
0.0029846074008765267
0.002913520119799601
0.002845187840165582
0.002779161713184559
0.0027150376594016626
0.0026524479062809527
0.0025910619495978808
0.0025305927907801388
0.0024708031441395624
0.0024115084399033053
0.002352575016617877
0.002293913734463812
0.002235470710781962
0.0021772173788094143
0.0021191418114627136
0.0020612421108028977
0.0020035224471284018
0.001945990510556521
0.001888656720257939
0.0018315345257124862
0.0017746419183236129
0.0017179847729427203
0.0016615946324203099
0.0016054904438658933
0.0015497003725018525
0.0014942412632783534
0.0014391546993108527
0.0013844702814272219
0.0013302254886884432
0.0012764577645385904
0.0012232119766869376
0.0011705331460376822
0.0011184707904802417
0.0010670765396526948
0.0010164079237534882
0.0009665205024011882
0.0009174779994833057
0.0008693395947330569
0.0008221788737002587
0.0007760473719384883
0.0007310274637238942
0.0006871841346272494
0.0006445770324323117
0.0006032790943531124
0.0005633475269239378
0.0005248467956337961
0.0004878344813807421
0.00045236635135169
0.000418448283010055
0.0003862250595217203
0.0003554993576466446
0.00032650805658903005
0.0002991878011556309
0.0002734904813659352
0.0002494655424718523
0.00022705865634977315
0.00020622520183028917
0.0001870148993533756
0.00016915675685326764
0.00015280091395850217
0.00013780763942010458
0.00012409866075760825
0.00011159869305657004
0.00010026400190994982
0.00008998699569545872
0.00008068659647034709
0.00007228378065379977
0.00006469850549051773
0.00005787173598491525
0.000051766950962588574
0.00004631455263948413
0.00004133902180427754
0.000036930281624850285
0.00003300065903938464
0.000029445592691848694
0.000026222483194962443
0.000023456113133321667
0.000021017036683216556
0.000018723663910106023
0.000016698297413788447
0.000014858105985154888
0.000013269391209416227
0.000011866503379301295
0.000010570908300627988