0.007941296491778124
0.007927865972885003
0.007881706440917954
0.007794116669263125
0.007657911958932699
0.007469433722848097
0.0072302693542410194
0.006947820339579879
0.006634231346944856
0.006304009077948413
0.005971313157434499
0.005647898995496937
0.005342155901925388
0.00505911276644464
0.0048010114175599
0.004568065826477746
0.004359169043292895
0.004172448842868573
0.004005660218736491
0.0038564420310025133
0.0037224749179825905
0.003601573756591099
0.003491739657503019
0.003391187902651413
0.0032983609537827036
0.0032119302711976164
0.0031307875299283797
0.003054025071060148
0.002980906769528527
0.0029108329025897437
0.002843304515734786
0.0027778931866199105
0.0027142202032434757
0.0026519464300797913
0.002590770800967956
0.0025304339341841956
0.0024707224253569795
0.002411470755290685
0.002352559244647262
0.0022939081653008614
0.002235469418156831
0.0021772176617472646
0.002119142557410275
0.0020612429271316
0.0020035232088976875
0.0019459911928076667
0.001888657354513659
0.0018315348869665587
0.0017746410986840258
0.0017179850496579928
0.0016615949961642097
0.0016054909977185508
0.0015496997121188585
0.0014942416603787355
0.00143915507142059
0.0013844706625646029
0.0013302255538463225
0.0012764579893981551
0.001223212065742261
0.001170533222329899
0.0011184708258016247
0.0010670730374868222
0.0010164077499704497
0.0009665204421649199
0.000917477897051881
0.0008693396556204096
0.0008221777667457059
0.0007760477551612077
0.0007310278409626774
0.000687183624118423
0.0006445771473171189
0.0006032785796176293
0.0005633464806740464
0.0005248475353920264
0.0004878345723998301
0.0004523639850391655
0.00041844838146438246
0.0003861498486440263
0.0003554992697529356
0.00032650705787798644
0.00029918556611340267
0.00027349054189753676
0.0002494662248812143
0.00022705750774568175
0.00020622521677264192
0.00018700613141225334
0.00016915629791518919
0.0001528004430440162
0.00013780872528734053
0.00012409660861584956
0.00011160205988388386
0.00010026431009086061
0.00008998802617608244
0.00008068800151832782
0.00007228073659444736
0.00006469778870707989
0.000057874916229815496
0.00005173431734917524
0.000046314137240851825
0.000041343263491440106
0.000036930926825813925
0.00003300128348682554
0.00002944547513409165
0.000026222251127128753
0.000023455590760352947
0.00002101836033707224
0.00001872294495939049
0.000016698736836728275
0.000014862811990223961
0.000013276202538894168
0.000011867946606311592
0.000010575699758419211