0.0053478104135045185
0.005346120308686676
0.005340234953256492
0.005328732198381944
0.005309929817397471
0.005281930909292972
0.005242732381529703
0.00519041230923585
0.005123395528136199
0.0050407667511448715
0.00494256379964912
0.004829958845743585
0.004705245842880696
0.004571606496311654
0.004432704880064102
0.004292220631952479
0.004153440214004302
0.004018986217766642
0.003890705475495953
0.0037696894054907353
0.003656378904827254
0.0035507076036007004
0.003452250113596815
0.0033603561641140753
0.003274262138339753
0.0031931775353190393
0.0031163465357686754
0.003043086021083894
0.0029728025565096835
0.0029049925109082145
0.0028392311580169314
0.002775157365099208
0.0027124595584103314
0.0026508664282334504
0.002590142951335116
0.0025300902344401847
0.0024705465669448636
0.002411387422951398
0.002352523138408832
0.002293894173796596
0.0022354648231226975
0.002177216645243269
0.0021191427288655466
0.0020612434355536742
0.002003523739320214
0.0019459916875635378
0.001888657826235473
0.0018315351168364635
0.0017746398835207715
0.0017179852230897524
0.0016615952746528633
0.001605491140139022
0.0015496987467820788
0.001494241999892346
0.0014391553980776886
0.001384468020604333
0.0013302255795809778
0.001276458182255776
0.0012232135240201642
0.0011705379197617103
0.0011185682451491635
0.0010670749818611144
0.0010164075373806979
0.0009665190332395626
0.000917477177089971
0.0008693384026138552
0.0008221754528212579
0.0007760481650244624
0.0007310280909460431
0.0006871831010513565
0.000644576825875654
0.0006032786996984123
0.0005633494328714987
0.0005248486220262341
0.00048784140661474695
0.00045236046817588626
0.00041845094866157026
0.0003861539920383102
0.0003555002618139923
0.00032650512001660694
0.00029918076179991023
0.00027349081133196666
0.0002494645355650229
0.0002270549782196535
0.00020622585070363553
0.00018699177358665913
0.00016915805348031367
0.00015279986123193273
0.00013780874051906862
0.00012409865588993644
0.0001116045296917778
0.00010026199032442549
0.00008998920721088041
0.00008068562752395963
0.00007223688299841002
0.00006469976829429472
0.00005788030327739168
0.00005173237753281762
0.0000463065317956233
0.000041341970939117134
0.000036931493620554685
0.00003300090292083807
0.00002944532979289165
0.000026237769631381042
0.000023459387771094335
0.00002101412676284865
0.000018718610601962315
0.000016696981757629695
0.000014866397434902727
0.000013276539558625499
0.000011866507982042992
0.000010575142501547295