0.004471394446998813
0.004470889272291605
0.004469125809406263
0.00446565969957065
0.004459938065759381
0.004451287536993768
0.004438909584538748
0.004421889198684104
0.004399224422150824
0.004369884397170361
0.004332900859286374
0.004287490939281487
0.004233197501207149
0.004170019728206911
0.004098497502708297
0.004019715910462013
0.0039352145813278325
0.0038468153700231757
0.0037564080187768075
0.0036657440871034116
0.0035762807941165354
0.003489095437433634
0.003404869151567488
0.0033239241886516627
0.003246293620659313
0.0031718038080706125
0.003100154544776894
0.0030309869090797423
0.002963933541452267
0.0028986502100194376
0.002834830981512869
0.0027722116663730432
0.00271056694234066
0.0026497056989742817
0.00258946722925302
0.002529718964281507
0.0024703551173013752
0.0024112952067203894
0.002352481712809413
0.002293876684048681
0.0022354576597911594
0.0021772135592905396
0.002119141143150836
0.002061242403994636
0.0020035229314315423
0.0019459910948954186
0.0018886572469730667
0.0018315345445185961
0.0017746386511290908
0.0017179847798840298
0.001661594937396541
0.001605490802880557
0.0015496978676304545
0.0014942418310133294
0.001439155263827187
0.0013844690441676003
0.0013302253884557881
0.001276457383619973
0.0012232126628571832
0.0011705366990098175
0.0011185388181633024
0.001067075851483542
0.0010164073462012274
0.0009665196414029936
0.0009174770484035377
0.0008693387618478116
0.000822174170976539
0.0007760495987459195
0.0007310290611493138
0.0006871827539369035
0.0006445777687557909
0.0006032784156782061
0.0005633521895330651
0.0005248482995993896
0.00048783881668580035
0.0004523590980969315
0.00041844848599273984
0.0003861542802876686
0.00035550069557675594
0.00032649896504020193
0.0002991784664070591
0.00027348842955203604
0.0002494682712058009
0.00022705360517336998
0.00020622543421526808
0.00018698287958568934
0.00016915877245192996
0.00015280153900733908
0.0001378087748419253
0.00012409919655435533
0.00011160744839420334
0.00010026346165476682
0.00008998964465539559
0.00008068350340211009
0.00007223752650525681
0.00006470470537775716
0.00005787959490270323
0.000051732042702373476
0.00004630289716583132
0.000041341585705523554
0.00003693241071410135
0.00003300030222916787
0.00002944412532306656
0.000026236905897576948
0.0000234605096251561
0.000021009885463876786
0.000018718604854891846
0.00001669866714367299
0.000014866372791939353
0.000013275841276741813
0.0000118684164203726
0.000010573223358544332