0.0035692367429514004
0.0035691702349012356
0.003568937725438292
0.0035684791649242768
0.00356771765196195
0.0035665554589281523
0.003564869425389414
0.0035625058027441
0.003559274779313414
0.0035549451418969507
0.003549239855331912
0.003541833766363022
0.0035323551212056194
0.003520393010601869
0.0035055129941992543
0.0034872826641351084
0.0034653074044887133
0.0034392738798151297
0.003408995174474131
0.003374448087309448
0.0033357917537112786
0.0032933591630132397
0.003247619609408898
0.0031991186877185387
0.0031484095450539235
0.003095991519780316
0.00304226913987133
0.002987537449634915
0.0029319918313447345
0.002875754542574337
0.00281890747664941
0.002761521298115765
0.0027036743414384007
0.002645459154724441
0.002586978742871007
0.002528337098355974
0.0024696289887131246
0.0024109326145552172
0.00235230665761201
0.002293791384990866
0.002235412396302599
0.0021771853520858677
0.002119120372049613
0.00206122538731231
0.0020035083071088702
0.0019459782342495116
0.001888646028303108
0.0018315246758511914
0.0017746292379645192
0.0017179771759706847
0.0016615882955898843
0.0016054852660126345
0.0015496932661429753
0.0014942374027058602
0.00143915133425087
0.0013844672869770082
0.0013302224013334667
0.0012764554586857527
0.0012232070939689843
0.0011705311262145152
0.0011184686225792454
0.0010670713167318417
0.0010164097483755215
0.0009665193279211063
0.0009174756823184701
0.0008693420499442518
0.0008221698844787214
0.0007760482637379246
0.0007310282062605593
0.0006871822913577388
0.0006445774836188144
0.0006032774950439557
0.0005633501566720741
0.0005248496832979016
0.00048783657910282874
0.00045235363540834374
0.0004184496063942557
0.0003861536066978452
0.0003555000165337644
0.0003265012448287348
0.0002991721820089741
0.00027349159080632086
0.0002494530813432213
0.0002270620316799744
0.0002062265064931193
0.00018696105055874437
0.00016915917921163332
0.00015280228948245692
0.00013780520650998594
0.00012410106752595488
0.0001116096921699913
0.00010025968895341967
0.0000899883623010945
0.00008068239136002337
0.00007222819769911247
0.00006470038212917818
0.00005788654018145551
0.00005173768599943183
0.000046297194131680424
0.00004135936142091805
0.00003692085050099596
0.00003299983992021318
0.000029446307038002993
0.000026234039875994823
0.00002347124663198312
0.000021010021854466547
0.00001870989850523399
0.000016696514408435726
0.000014904262948071018
0.000013279319300936868
0.000011865870150876133
0.000010584278341175152