0.003250932914647396
0.0032509147513903798
0.00325085123303073
0.0032507258678728156
0.0032505174066733565
0.0032501986043782967
0.003249734692979834
0.0032490815140405866
0.00324818325996896
0.003246969781135321
0.003245353436562767
0.0032432255065488495
0.003240452255827842
0.0032368708470583074
0.003232285467046366
0.003226464246508218
0.0032191378165517793
0.0032100006088986647
0.0031987161814748355
0.0031849278051591383
0.0031682750572464605
0.0031484162043961222
0.0031250546215976084
0.0030979658122097403
0.003067020450611507
0.0030321989161988406
0.0029935944534771734
0.0029514048709590062
0.0029059153971424854
0.0028574767149026755
0.002806481862913187
0.0027533442293750203
0.002698477385212084
0.0026422768225205394
0.0025851038772036527
0.0025272727449723986
0.0024690419338307583
0.002410611315029384
0.0023521250786061633
0.0022936796854791325
0.0022353348468986778
0.0021771251227653294
0.002119070089495505
0.0020611819147910646
0.0020034702102151862
0.0019459447163656877
0.0018886164762318921
0.0018314987077806182
0.001774606399246359
0.0017179571275297927
0.0016615313227422409
0.001605470057142724
0.001549678490823918
0.001494225519597044
0.0014391407832222108
0.0013844578956352578
0.0013302145108540805
0.001276448436849032
0.0012232042458436502
0.0011705259036838384
0.0011184638210147394
0.0010670712785252408
0.0010164025228275296
0.0009665161049199035
0.0009174733288132451
0.0008693410579071809
0.0008221721992352632
0.0007760470293026488
0.0007310267635412728
0.0006871806944869053
0.0006445760084868747
0.0006032775873520457
0.00056335000440804
0.0005248484655853887
0.000487837887438359
0.0004523534630443999
0.0004184535437435392
0.00038615256125000677
0.00035550125919052406
0.00032649877030458996
0.0002991727291945256
0.00027349268740016003
0.00024945372092177476
0.00022705194675666558
0.0002062260080929413
0.00018696435650670073
0.00016915941256715288
0.00015280257106848162
0.0001378049808608194
0.00012410093888365028
0.00011160822310046091
0.00010025877408828574
0.00008998890623694301
0.0000806807418466934
0.00007223157356533938
0.00006470216164537306
0.000057881792225792045
0.000051733349329101874
0.00004629749966153158
0.00004135753225785853
0.000036935185752398914
0.000033005104463974566
0.000029441805733225804
0.00002623444018928825
0.000023465196742417432
0.000021011189838925713
0.000018711882442550646
0.000016698217489365088
0.00001486539611569832
0.000013273385347202608
0.000011866151209993661
0.000010582641548044177