0.003983203144447224
0.003983089204106121
0.003982690889309836
0.003981905396778098
0.003980601174941898
0.003978611233265041
0.003975725455678193
0.003971682112222617
0.0039661590348689935
0.003958765336326376
0.003949035127879072
0.003936425420502683
0.003920321174639524
0.0039000510901108726
0.003874917745623857
0.003844244607506882
0.003807439748937746
0.003764071512310456
0.0037139459372957807
0.003657171000680837
0.0035941914178047388
0.003525781304000451
0.0034529908210907123
0.003377053431388807
0.0032992700386662217
0.003220890440974597
0.003143011391463105
0.0030665046808124995
0.002991980830992428
0.002919786772766636
0.002850030975858973
0.002782627306929471
0.0027173488161820426
0.0026538837012969356
0.00259188710795278
0.0025310239220773852
0.0024709993780247467
0.0024115740911110402
0.002352576767045533
0.002293890956411578
0.0022354387088760136
0.002177186001449008
0.002119113396086199
0.002061214641235217
0.0020034975581244394
0.0019459683804335156
0.0018886348871714758
0.001831517212601288
0.0017746202594939506
0.0017179707269555082
0.0016615825717181097
0.0016054797182399334
0.0015496898968426689
0.001494215236995258
0.0014391468127767175
0.0013844645220704858
0.0013302211051837804
0.0012764545412650135
0.001223207853857627
0.001170528126299379
0.0011184657683928365
0.0010670721643737952
0.0010164104100039808
0.0009665186359020315
0.0009174778858485613
0.0008693373581936077
0.0008221718690669839
0.0007760678431030901
0.0007310287833038821
0.0006871820214147604
0.0006445767814969323
0.0006032761768775076
0.0005633449226433942
0.0005248496525204372
0.0004878393054727807
0.0004523965613079603
0.00041844597730558047
0.0003861497442344087
0.0003554985008903351
0.00032651738402941625
0.0002991649476939604
0.00027349463455627053
0.00024945422089689553
0.00022704921329289357
0.00020622838481357147
0.00018716975114436459
0.0001691528115333761
0.0001527980817205287
0.00013779031249109224
0.00012410595712097517
0.00011160153420415025
0.00010025604739535046
0.0000899960577912477
0.00008069956873018317
0.0000722896714592105
0.00006470131534917993
0.000057850945062838015
0.000051772806794809676
0.00004629345824167776
0.00004135186082430836
0.000036909955901711534
0.00003302208836837198
0.00002944616974882742
0.00002623179675706406
0.00002346839544958674
0.000021025655632557637
0.00001871701783007855
0.000016700891300259766
0.000014891953031965159
0.000013279271744757308
0.000011865529846908099
0.000010582085380199038