0.003218723195761229
0.003218707922263743
0.0032186545080967843
0.0032185490784516907
0.0032183737461863966
0.0032181055589428674
0.0032177151942949633
0.0032171653535693376
0.0032164088017955952
0.00321538600246039
0.0032140223049926626
0.003212224665616642
0.0032098779260142443
0.003206840749094193
0.0032029414285756233
0.0031979739595515253
0.0031916949844862388
0.003183822500603976
0.003174037484770735
0.003161989772549287
0.0031473094677406128
0.0031296247107719184
0.0031085855546134243
0.0030838923019959738
0.003055324765712632
0.003022767741272895
0.0029862277359254917
0.0029458373543881557
0.002901846311196904
0.0028546009214252556
0.002804516028819137
0.0027520440187966864
0.00269764492212645
0.0026417602877439102
0.0025847922412734516
0.0025270884150671432
0.0024689331727218095
0.0024105453792492805
0.002352082444042216
0.0022936494645157905
0.0022353113854723878
0.002177105668524584
0.0021189167163979906
0.0020611672832364005
0.002003457335743535
0.0019459333844085366
0.0018886064517153749
0.0018314899774753116
0.001774598734148921
0.0017179504536690023
0.0016615647879882022
0.0016054651621741467
0.0015496739472476394
0.001494221574600737
0.00143913711376819
0.0013844545219643609
0.0013302119354386944
0.0012764459859373094
0.0012232017830420732
0.0011705241574500938
0.0011184619785397523
0.0010670698300107833
0.0010164013029263061
0.0009665150500310074
0.000917472513992691
0.0008693413706873931
0.0008221714865440403
0.0007760468849224939
0.000731026268504561
0.0006871801456157115
0.0006445756769483232
0.0006032773127635171
0.0005633502215018921
0.0005248484068004597
0.0004878363644435697
0.0004523527815027817
0.0004184486702645246
0.00038615447083287
0.0003555012810974575
0.00032649780865364695
0.00029917500733039003
0.00027349254493009136
0.0002494534414114757
0.00022705267381055303
0.00020622502916737266
0.0001869708541368101
0.00016915892830513245
0.00015280234979597266
0.00013780591529047765
0.00012410069533517253
0.00011160859424826917
0.00010025954185678904
0.00008998913524730296
0.00008068306255549492
0.00007223395435386777
0.00006470103995170255
0.00005788129098145226
0.00005173505927455021
0.00004630267674989083
0.000041356132912364446
0.00003693377050415783
0.000033004404237339665
0.00002944184884284675
0.000026234097939065098
0.000023462410316210865
0.00002100994523425386
0.000018712678440542518
0.00001669987694220745
0.000014864176801700574
0.000013272576930260914
0.000011866217267712283
0.000010583497430515532