0.003188149730123049
0.0031881369162904197
0.003188092102799824
0.003188003643752325
0.0031878565177550396
0.003187631435336632
0.0031873037277388113
0.0031868419707723997
0.0031862062917779425
0.003185346304187782
0.0031841986151178703
0.003182683860576952
0.0031807032459318873
0.0031781346143050474
0.0031748281433916286
0.003170601894738968
0.0031652376217323986
0.003158477491108107
0.0031500226768044004
0.0031395351143066142
0.003126643941861669
0.003110958177821557
0.003092086739129127
0.0030696658091894386
0.0030433917472124272
0.003013055460352857
0.0029785721933385865
0.00294000001986644
0.0028975418407855237
0.0028515293458229083
0.002802391963331895
0.0027506173690567746
0.0026967111457529822
0.0026411615576236525
0.0025844128192846795
0.0025268472356952975
0.002468776020354269
0.0024104377513748444
0.002352003559130485
0.0022935875219906097
0.0022352600461372062
0.002177061659898209
0.002119014967589106
0.0020611335394511068
0.002003427602287882
0.0019459072228071618
0.0018885833724856
0.001831469477744071
0.0017745813651580508
0.0017179343798678485
0.0016615506296789296
0.0016054518873808987
0.0015496637232313116
0.0014942119116301729
0.0014391290802364901
0.0013844461648469058
0.001330205425587263
0.0012764399986565146
0.0012231975465709563
0.0011705236131688138
0.001118527871633073
0.0010670660501703123
0.0010163989002487566
0.0009665123865052891
0.000917470830767492
0.0008693334546201801
0.000822169652106861
0.0007760457614465039
0.0007310258195151943
0.0006871800243991603
0.000644575479728312
0.0006032765060379777
0.0005633506065581333
0.0005248469891497812
0.0004878377611978712
0.0004523582296149301
0.00041844776293758557
0.0003861537165009229
0.00035550022419049925
0.00032649842649437973
0.00029917869938324797
0.00027348802207410763
0.00024946818903861146
0.00022705439061974206
0.00020622527519062445
0.00018698424864992637
0.000169158706561249
0.00015280180740835119
0.00013780886492548663
0.00012409920775983304
0.00011160730928935437
0.00010026347510615707
0.00008999032308251358
0.00008068473346161561
0.0000722774899599279
0.00006470600455142303
0.00005788431188948447
0.000051762769184263995
0.00004630499071474983
0.00004135293353683172
0.000036932374988584704
0.00003300408609003708
0.00002944361721686902
0.000026216756737505345
0.00002345944074639947
0.000021011940264409246
0.00001871574823370231
0.0000166954368878438
0.000014861081881225423
0.000013283186478781665
0.000011867760329358967
0.000010571431042859643