0.004221967066543896
0.004221736996729425
0.004220933136792553
0.004219349814655527
0.004216726496808619
0.004212737327605184
0.004206980814639316
0.004198971199182441
0.004188133936145377
0.004173808722366573
0.00415526439353079
0.0041317302454634995
0.004102447162320048
0.0040667385564054056
0.004024095261865676
0.003974261202971007
0.003917300703844766
0.003853627658077043
0.003783984170767086
0.0037093704686650634
0.003630942926606192
0.003549905479757578
0.003467417435268451
0.0033845299426167696
0.0033021506780752715
0.003221028051076935
0.003141745192221112
0.0030647176063627202
0.002990192865963
0.002918257462511064
0.0028488502951851333
0.0027817874133908614
0.002716794568431061
0.0026535461205531505
0.0025916991774179382
0.002530931884579417
0.0024709641975335975
0.0024115715378654565
0.00235258904770835
0.00229390626047092
0.0022354555450391665
0.0021772006650993864
0.002119125952850176
0.0020612274054872485
0.0020035092989216666
0.0019459791586795173
0.00188864609166721
0.001831530869975266
0.0017746291397015875
0.0017179772369390416
0.0016615883244006132
0.001605485120951617
0.001549692249920112
0.0014942333264837979
0.001439147400594952
0.00138446783703579
0.0013302254458287086
0.001276455714344497
0.0012232097242781867
0.0011705309936073892
0.0011184696511442919
0.0010670743781494806
0.0010164068045096313
0.0009665185387152266
0.0009174760329562023
0.0008693384425148969
0.0008221747184017462
0.0007760480620544011
0.0007310282892396872
0.0006871829729530135
0.0006445771437343838
0.0006032791416700382
0.000563350078914242
0.0005248493097122565
0.0004878366667100404
0.0004523822226878671
0.00041848400571817956
0.0003861393860776243
0.00035550363761262905
0.000326513255792762
0.00029917347022799377
0.0002734944848489008
0.00024946712666782235
0.00022704447670515674
0.00020622368932360385
0.000187080476550055
0.00016915691981440051
0.00015294259554686612
0.00013780221022790685
0.00012410441252179165
0.00011160610893353782
0.00010026717839252363
0.00008998822440440414
0.0000806915776172697
0.00007228718015926936
0.00006469991124099028
0.00005785943211605604
0.00005176722969206069
0.000046304344261635714
0.00004133940270904694
0.0000369190574932642
0.00003301596954160963
0.000029446962088388956
0.000026219361122830177
0.000023470624791690773
0.000021028603071193223
0.000018717161469317623
0.000016700716733454714
0.00001486400014598902
0.000013276585456816396
0.000011862441459739193
0.000010585267921146766