0.004595672368004256
0.0045951589130705
0.004593366496155527
0.004589843252012222
0.004584026648100348
0.004575230964101821
0.0045626419670411825
0.004545324797693616
0.004522252577918157
0.004492363402982202
0.0044546506830203695
0.004408284765973555
0.004352752202712082
0.004287985588528111
0.004214447870927764
0.004133137943030375
0.004045502873987265
0.003953271015196374
0.003858246309692756
0.003762114442673681
0.0036663020759808863
0.0035719081948608557
0.0034797031526016204
0.003390175088536577
0.003303597805918955
0.0032200971982822074
0.003139701421829804
0.003062369574863716
0.0029880019015042724
0.0029164400662444858
0.0028474657429806934
0.002780805405195575
0.002716143173350912
0.0026531419440664725
0.002591466843544821
0.00253080999455801
0.0024709078071284566
0.002411550991779047
0.00235258635119518
0.0022939111700129894
0.0022354629944164595
0.0021772084163151103
0.0021191331526902407
0.0020612341386983426
0.002003515281071332
0.0019459842179511161
0.0018886510307873623
0.0018315313079932303
0.001774647190417617
0.001717980481664065
0.0016615911779266585
0.0016054875115225574
0.0015496931098756825
0.0014942378121516051
0.001439151521976111
0.001384469097013248
0.0013302248695188366
0.001276456679646685
0.0012232107055333054
0.0011705319223647842
0.001118470178505774
0.0010670758511903942
0.0010164079952486255
0.0009665230025474355
0.0009174760644436878
0.0008693387855220058
0.0008221855551916109
0.0007760482441332118
0.000731027708685763
0.000687182109299399
0.0006445779919107083
0.0006032789350101004
0.0005633523222069938
0.000524843048998171
0.0004878357138036324
0.00045237291964861164
0.00041847606836946155
0.00038614608740411354
0.0003555019686985977
0.0003265097088319533
0.0002991947859663374
0.00027349129907467675
0.0002494658610076193
0.000227045933436578
0.00020622223173738662
0.00018704998007716968
0.00016915381343284453
0.00015280235358054487
0.0001378041435147988
0.00012410477518391257
0.00011160587172521694
0.00010026546700476436
0.00008998780150415846
0.00008068961099668665
0.00007228484252068632
0.00006468657585240693
0.00005786297196994621
0.00005176395198045967
0.00004630831096001213
0.00004134108162359692
0.000036925033243266284
0.000033005779931973355
0.000029445520090291482
0.000026219140295611504
0.000023450034964595513
0.000021015647091833806
0.000018724987834596758
0.000016701712094549842
0.00001486459547847388
0.000013274784547120822
0.000011866406324350144
0.000010591767761729944