0.0054084637654857395
0.005406769809266682
0.005400870986155212
0.0053893416547922185
0.005370495094671047
0.005342428654522141
0.00530313192461712
0.0052506737231294495
0.005183467249568452
0.005100582696404591
0.005002039921311517
0.004888989104951917
0.004763697627764717
0.0046293156137233536
0.0044894704182668835
0.004347800092649123
0.004207545983578448
0.004071284196424755
0.003940817670478354
0.003817202181128589
0.003700858647000914
0.003591724911193534
0.003489412216689659
0.003393345065055858
0.0033028733843627053
0.003217352455920714
0.003136190354060091
0.00305886624200179
0.002984926260152955
0.0029139663331832497
0.002845611569166457
0.0027795006580223773
0.0027152794811720975
0.002652604856701424
0.0025911549061696563
0.002530642539240324
0.002470826431344179
0.002411517003949061
0.0023525762137563203
0.002293911722648033
0.0022354675950411363
0.0021772140972154646
0.002119138729725833
0.00206123931152848
0.0020035199076620966
0.001945988258930154
0.0018886547541702274
0.0018315331263451837
0.0017746422460876514
0.0017179829867022614
0.0016615934919724771
0.0016054894111010444
0.0015496954908391781
0.001494240246642324
0.001439153773499386
0.0013844693859467732
0.0013302285420860394
0.001276457188877456
0.0012232116401053917
0.0011705328900356669
0.001118470563507412
0.0010670762113968021
0.00101640803782484
0.0009665204894940793
0.0009174769646506655
0.0008693394347367032
0.0008221803593722474
0.0007760481666192628
0.0007310269078934684
0.0006871864486789559
0.0006445779234243855
0.0006032788389947374
0.0005633463355041405
0.0005248453782936395
0.00048783483769302045
0.0004523672660849345
0.0004184483393045223
0.00038615002384036597
0.00035550126169415504
0.0003265068388430159
0.00029918906539551913
0.00027349043686335516
0.0002494627757838175
0.00022704919336935774
0.00020622389092529272
0.0001870249909473396
0.00016915642351058704
0.00015280142883141115
0.00013780195745908235
0.00012409813912461483
0.00011162573586550506
0.00010026496387050307
0.00008998625187639426
0.00008068817615610753
0.0000722889353436113
0.00006468753174288213
0.00005786973454275378
0.00005176460835053325
0.000046315559773797634
0.00004133607680350804
0.00003693048134138854
0.000033003346171295285
0.00002944644415913329
0.000026216834030181907
0.00002345304967399713
0.000021015276416271617
0.000018725545070901183
0.00001669970614502899
0.00001485679962545056
0.000013277472023988769
0.000011872110952869607
0.000010572601755284309