0.007941296491778124
0.007927865972885004
0.007881706440917954
0.007794116669263125
0.007657911958932699
0.007469433722848097
0.0072302693542410194
0.00694782033957988
0.006634231346944856
0.006304009077948413
0.005971313157434499
0.005647898995496937
0.005342155901925388
0.00505911276644464
0.0048010114175599
0.004568065826477746
0.004359169043292895
0.004172448842868573
0.004005660218736491
0.0038564420310025133
0.003722474917982591
0.003601573756591099
0.003491739657503019
0.003391187902651413
0.0032983609537827036
0.0032119302711976164
0.0031307875299283797
0.0030540250710601484
0.002980906769528527
0.0029108329025897437
0.002843304515734786
0.0027778931866199105
0.0027142202032434757
0.0026519464300797913
0.002590770800967956
0.0025304339341841956
0.0024707224253569795
0.002411470755290685
0.002352559244647262
0.002293908165300861
0.002235469418156831
0.0021772176617472646
0.002119142557410275
0.0020612429271316
0.0020035232088976875
0.0019459911928076667
0.001888657354513659
0.0018315348869665587
0.0017746410986840258
0.001717985049657993
0.0016615949961642097
0.0016054909977185508
0.001549699712118858
0.0014942416603787355
0.00143915507142059
0.0013844706625646029
0.0013302255538463223
0.0012764579893981551
0.001223212065742261
0.001170533222329899
0.0011184708258016247
0.001067073037486822
0.0010164077499704497
0.0009665204421649199
0.000917477897051881
0.0008693396556204096
0.0008221777667457059
0.0007760477551612077
0.0007310278409626774
0.000687183624118423
0.000644577147317119
0.0006032785796176293
0.0005633464806740464
0.0005248475353920264
0.0004878345723998301
0.00045236398503916553
0.00041844838146438246
0.0003861498486440263
0.0003554992697529356
0.00032650705787798644
0.00029918556611340267
0.00027349054189753676
0.0002494662248812143
0.0002270575077456817
0.00020622521677264192
0.00018700613141225337
0.00016915629791518919
0.0001528004430440162
0.00013780872528734058
0.00012409660861584956
0.00011160205988388387
0.0001002643100908606
0.00008998802617608244
0.00008068800151832783
0.00007228073659444739
0.00006469778870707989
0.000057874916229815496
0.00005173431734917525
0.00004631413724085183
0.000041343263491440106
0.000036930926825813925
0.00003300128348682553
0.000029445475134091654
0.00002622225112712875
0.000023455590760352954
0.000021018360337072247
0.000018722944959390492
0.00001669873683672827
0.000014862811990223961
0.00001327620253889417
0.000011867946606311596
0.000010575699758419211