0.013036684171909372
0.012930551434666442
0.012583680360354189
0.011991703798323056
0.011206920330273144
0.010317778064788096
0.009412854806063787
0.008556041609379252
0.007781608794708041
0.007101119900227954
0.006512638261956815
0.006007771986675714
0.005575925003707108
0.005206486411601617
0.004889789074483452
0.004617419499478788
0.004382219629403047
0.004178161180047269
0.004000181668627168
0.003844023004787952
0.003706089415936003
0.0035833300064097174
0.003473145988183218
0.0033733201620710306
0.0032819648651123173
0.003197483634789173
0.0031185412557798915
0.0030440369584055316
0.0029730767627524943
0.0029049431888555502
0.002839063197029701
0.002774977217592578
0.0027123126033122428
0.002650763795279826
0.0025900794964683446
0.002530055404269781
0.0024705300407322135
0.0024113813230848416
0.0023525223183679497
0.002293895669187844
0.002235467118731438
0.002177219059020184
0.002119144999599723
0.002061245490402236
0.0020035255641142596
0.0019459933016725056
0.001888659256697347
0.0018315363358310751
0.0017746405307591119
0.0017179861656369945
0.0016615961347536388
0.0016054918700736374
0.0015496990496999617
0.0014942426163011735
0.0014391559455208694
0.0013844691373751544
0.0013302259424653256
0.0012764585407903986
0.001223213373051601
0.0011705375846729905
0.0011185524336232212
0.0010670757246096193
0.0010164076254276957
0.0009665195934642804
0.000917477127308408
0.0008693385504330471
0.0008221753621155635
0.0007760493427711423
0.0007310292697058112
0.0006871829593695987
0.000644610864241707
0.0006032787504664835
0.0005633496892805812
0.0005248489410849018
0.0004878405608987103
0.00045236052787278304
0.00041844840381969565
0.0003861546806694108
0.0003555004668234606
0.0003264933967854324
0.0002991796466633274
0.000273490682685803
0.0002494634636452605
0.0002270547562194179
0.00020622589313682831
0.00018698651036139094
0.00016915817748063052
0.00015280026255158204
0.00013780838687266282
0.000124100632384392
0.0001116070382474509
0.00010026195946787674
0.00008999024509757753
0.00008068424121457658
0.00007223761462530887
0.00006470123866989491
0.00005787813983871716
0.00005173294014381126
0.00004630465514667778
0.00004134188090626665
0.00003693210404048493
0.000033002710760851935
0.000029443667207599146
0.000026236603412172572
0.00002346056201863028
0.00002101366665731249
0.000018720408855655536
0.000016699778987209367
0.000014866720588388952
0.000013277066066976525
0.000011871256424412545
0.000010573973941970233