0.005308870994958415
0.005307182851491564
0.005301304354927471
0.0052898151366695826
0.005271035262989942
0.005243070771187051
0.005203922315428591
0.005151672724289224
0.005084752831832604
0.005002254875125728
0.0049042260488331366
0.0047918501065530965
0.004667435169180104
0.004534180057625119
0.004395769197456648
0.004255905931288187
0.0041179035878140665
0.003984414091437817
0.0038573146366146205
0.0037377255994443725
0.0036261118002886747
0.0035224209113088544
0.0034262259717615113
0.0033368537532892394
0.003253491918126053
0.003175274316635812
0.003101346268153427
0.003030911877490864
0.002963264907914862
0.0028978045637908264
0.002834038144339821
0.0027715736169412245
0.0027101060165709476
0.0026494016261677865
0.0025892830219844546
0.0025296167035143927
0.00247030367713269
0.0024112724660190644
0.00235247367991201
0.0022938754062957166
0.00223545907305485
0.002177215808094318
0.002119143487481285
0.0020612445929138654
0.002003524899151524
0.0019459927998737986
0.0018886586969620526
0.0018315362162185898
0.0017746394657677913
0.001717985822970424
0.0016615963888526547
0.0016054909838097418
0.0015496982677335868
0.0014942429570922382
0.0014391553821956362
0.0013844702590578425
0.0013302263231493683
0.0012764581022175717
0.0012232126352656324
0.0011705333741063447
0.001118469495556761
0.001067076532792934
0.0010164071372207554
0.0009665200733263019
0.0009174770985711957
0.0008693393190917912
0.0008221745206960217
0.0007760492908309306
0.0007310289442566898
0.0006871817723517907
0.0006445775292186831
0.0006032786372498231
0.0005633514486682253
0.0005248490390777164
0.00048783856191436697
0.00045235489680460467
0.00041845000609667704
0.0003861572284620633
0.0003555020070686365
0.0003264978232688789
0.0002991764699062951
0.00027349327694384885
0.0002494567492971051
0.00022705270707711628
0.000206225806411603
0.00018697562302823716
0.00016915832021635173
0.00015280176084257608
0.0001378076075666057
0.00012410043684637137
0.00011160787714613428
0.00010025433971191953
0.00008998814365181041
0.0000806830255885078
0.0000722369197046495
0.00006470286802419262
0.00005788139413845266
0.000051732913057094584
0.000046302513174965404
0.00004134237770391472
0.00003693078574734672
0.00003300494106264388
0.000029442414934695063
0.000026236659270620135
0.000023462241869534526
0.000021007195307296476
0.000018713917205238808
0.000016697276851264925
0.000014864157982779408
0.000013272213063230649
0.000011866916595702587
0.000010574452456886389