0.003993159231468051
0.003992944648885827
0.0039921949432274815
0.003990718478004523
0.003988272767371086
0.003984555027023953
0.003979193083081948
0.003971738198632294
0.003961662248829775
0.0039483626619720895
0.003931179377014425
0.003909428225115032
0.0038824538511506575
0.00384970174634572
0.003810802884683789
0.0037656568882882113
0.0037144934726770695
0.0036578911848102686
0.003596740072816184
0.003532149830913482
0.003465321452802847
0.0033974108823948104
0.0033294131228335275
0.0032620860227206483
0.0031959199947682775
0.003131148889210121
0.0030677909845122212
0.0030057073271817147
0.0029446656581318363
0.002884400227046975
0.002824660158013446
0.0027652417155381677
0.002706003007814303
0.00264686307794718
0.0025877901395693443
0.00252878499109282
0.002469865026189163
0.002411052256709744
0.0023523664027275894
0.0022938223272757144
0.002235430285436837
0.0021771974704792346
0.002119129787498546
0.002061233296133802
0.0020035151696726813
0.0019459842534166956
0.00188865132309649
0.0018315293357871669
0.001774633338256316
0.0017179807819732952
0.0016615914646495701
0.0016054880485858144
0.0015496957068559165
0.001494239541291772
0.001439153205562309
0.0013844689221296075
0.0013302238277689458
0.0012764567009641828
0.0012232081757930734
0.0011705320630343743
0.0011184694335767123
0.0010670720199159008
0.0010164103493335351
0.0009665198462150572
0.0009174761263907903
0.0008693424192881558
0.0008221702111648043
0.0007760485376353741
0.0007310284377086038
0.0006871824861270545
0.0006445776466578588
0.0006032776319689664
0.000563350269482892
0.0005248497772696269
0.00048783665376988297
0.00045235369766374466
0.0004184496586079477
0.0003861536528791493
0.00035550005224116747
0.00032650128372130414
0.0002991721609568684
0.0002734916147985022
0.0002494531389003436
0.00022706192276577522
0.00020622651782067853
0.00018696094581873696
0.00016915918306433726
0.0001528022608993066
0.00013780519964915952
0.00012410106333405553
0.00011160970592089519
0.00010025975980212442
0.00008998822353808157
0.00008068227180818609
0.0000722285279938347
0.00006469916680070354
0.00005788654645451344
0.000051737871206276306
0.00004629710081840554
0.00004135936197013444
0.00003692098286100389
0.00003299981119310949
0.000029446478793643803
0.000026234331975306152
0.000023471336725983992
0.0000210096062925636
0.000018709877036349263
0.00001669707270381524
0.000014904232860654609
0.000013280013138051206
0.000011865446632974729
0.000010585376254818117