0.0037368226027453683
0.0037367107626011245
0.0037363198599894487
0.0037355493046074863
0.003734270820848475
0.0037323223968545602
0.003729501633550127
0.0037255589029501074
0.003720191080180833
0.00371303710868117
0.003703677276217815
0.0036916387276348175
0.003676410196880462
0.0036574688160385667
0.0036343206274598106
0.0036065536158599227
0.0035738976692713514
0.00353628082535995
0.003493867521754241
0.003447065046129785
0.0033964904938159532
0.003342901172338999
0.0032871024421037235
0.0032298535420478168
0.0031717913178112415
0.0031133849686440255
0.003054925558731145
0.0029965456862319465
0.0029382596677118905
0.0028800122442582815
0.0028217250007377213
0.00276333189085666
0.002704799489053183
0.0026461317674193463
0.002587363198655942
0.002528545831668861
0.0024697359487030474
0.0024109841005452064
0.002352329951160588
0.0022938014354656174
0.002235416731277284
0.0021771874153121464
0.0021191215808806785
0.0020612262641357547
0.002003509026835565
0.0019459788526672817
0.0018886465702016148
0.0018315251434882114
0.0017746296471652918
0.0017179775310033492
0.0016615886068349565
0.001605485507322664
0.0015496933434118584
0.0014942376097737485
0.0014391520310540803
0.0013844674765313085
0.0013302225358603715
0.001276455589354548
0.0012232074204144498
0.0011705307496518848
0.0011184687310676405
0.0010670717118999066
0.0010164094772357193
0.0009665193509707399
0.0009174757147844367
0.0008693419519234997
0.0008221702346645894
0.0007760482745784849
0.0007310286550104434
0.0006871823030188134
0.0006445774585932884
0.0006032773053335598
0.0005633501123543176
0.0005248490467035084
0.0004878364432571893
0.00045235234990978793
0.0004184495037609399
0.00038615372480276953
0.0003555001032276953
0.0003265012330300968
0.00029918438725790286
0.0002734914758271516
0.0002494531958397293
0.00022706175972571864
0.00020622653816971116
0.00018696063092128658
0.0001691591291670675
0.000152802231274942
0.00013780515547595507
0.0001241010433466353
0.00011161024646738538
0.00010025967992412624
0.00008998835207282914
0.00008068211561048693
0.00007222856174192492
0.00006470100582537609
0.000057886567163188445
0.0000517379534672969
0.00004629680032124405
0.00004135940309150647
0.00003692070516911301
0.00003299980761101296
0.000029447887559736415
0.00002623396776597365
0.000023471340358465644
0.000021009927177461765
0.000018710187491121182
0.000016697051807480106
0.000014904301219272254
0.000013279926017198222
0.000011865398942864835
0.000010585330623378255