0.003371780144486145
0.003371749214872266
0.0033716410622551003
0.003371427652051006
0.003371072930209826
0.003370530795779966
0.003369742644210761
0.0033686344351682635
0.00336711326328711
0.0033650634587154052
0.003362342328262236
0.003358775781288667
0.003354154280261378
0.003348229819557203
0.0033407149527700476
0.003331285203849723
0.003319586394439811
0.0033052483088629797
0.003287905460733623
0.003267224347261376
0.0032429344784076683
0.003214858242227928
0.0031829331493890634
0.003147220412218246
0.0031078967593724583
0.003065231100173719
0.0030195522684222597
0.002971216325175239
0.0029205807064260226
0.0028679886507763782
0.002813762938187018
0.0027582050765868785
0.002701595589095646
0.002644192533328097
0.002586227622462022
0.0025279011541529226
0.0024693777726139746
0.002410784858797104
0.0023522144066717866
0.0022937280998282772
0.0022353643968836346
0.0021771460587016738
0.002119086768232077
0.0020611960683070223
0.002003482533232398
0.0019459555365082203
0.0018886259980584897
0.0018315070897170905
0.0017746137756464691
0.0017179636154453944
0.0016615374904011173
0.0016054750638757945
0.001549682883372227
0.0014942293683312651
0.001439144151088668
0.0013844608389211284
0.0013302170781758623
0.0012764506727843405
0.0012232061890145877
0.0011705275898688699
0.0011184652810422788
0.0010670725391338763
0.00101640360878962
0.0009665170379356293
0.000917474128138109
0.000869341706273661
0.0008221727804781098
0.0007760475222148515
0.0007310271803164256
0.0006871810455695867
0.0006445763026574037
0.0006032778329651827
0.0005633502054326102
0.0005248486355731313
0.0004878380142809757
0.00045235357271105275
0.00041845361003419303
0.00038615265318922445
0.0003555013201429057
0.00032649885671136796
0.0002991726650017968
0.0002734927180235276
0.0002494538389963166
0.00022705194443426536
0.0002062260317927208
0.00018696410640238706
0.00016915941800403424
0.00015280250529991677
0.00013780496331416864
0.0001241009272947836
0.00011160826387410774
0.00010025892877177969
0.00008998865930650579
0.00008068050274331863
0.00007223213921827507
0.00006470211088636165
0.000057881870247984735
0.00005173372916892063
0.00004629697908005046
0.00004135758044454734
0.00003693518070007095
0.00003300487680175623
0.000029442182939516736
0.000026235752093651238
0.000023466883280836854
0.00002101058805816898
0.00001871239163957504
0.000016696768154015213
0.000014866031828236462
0.000013273644077538964
0.000011865900265893384
0.000010584127910432777