0.0033139176931435027
0.0033138941491907313
0.0033138118173760074
0.0033136493353150007
0.0033133791987297505
0.0033129661811786802
0.0033123653985677056
0.003311519964574491
0.00331035819132268
0.003308790311217497
0.0033067047387061923
0.003303963965356738
0.003300400300511217
0.003295811844789497
0.003289959320462152
0.0032825646695767915
0.0032733126225111047
0.003261856638674151
0.0032478305670666434
0.003230866865429182
0.003210621085367214
0.003186800626011054
0.0031591937440574613
0.0031276935423070907
0.0030923115430246764
0.0030531775770722604
0.0030105261102813933
0.002964672656595233
0.0029159858999315766
0.0028648608636844715
0.00281169648412341
0.0027568785693796115
0.0027007674638911167
0.0026436891652469093
0.002585928903548504
0.0025277268425680987
0.00246927615333802
0.002410723969393347
0.002352175479012443
0.0022937007672965363
0.0022353433102027132
0.0021771286289586447
0.0021189355320947664
0.002061182980330565
0.0020034710172640753
0.0019459454014639983
0.0018886170281995794
0.0018314992885017408
0.0017746069285928668
0.0017179576613706982
0.0016615711230773117
0.0016054707243254157
0.0015496788274678415
0.001494225850693564
0.0014391408556597028
0.0013844577924071503
0.0013302147879067881
0.001276448470253812
0.0012232039426091255
0.001170526030953497
0.0011184636009851899
0.0010670712306803112
0.0010164025095508633
0.0009665160866907227
0.0009174734020485228
0.000869342082924924
0.0008221721324266963
0.000776047432507976
0.0007310267316211083
0.0006871805358199855
0.0006445760039512095
0.0006032775856880816
0.000563350443768856
0.0005248485948204699
0.0004878365082817523
0.0004523529034796898
0.0004184487729262459
0.0003861545638469814
0.00035550134890742984
0.00032649791166861465
0.00029917491529392494
0.0002734925795348752
0.0002494535845727755
0.00022705288248292478
0.0002062250598747252
0.00018697047867857435
0.00016915893633679858
0.00015280227328618356
0.0001378058899795637
0.0001241006792212101
0.00011160863688966708
0.00010025970612223114
0.00008998886119439693
0.00008068272287631734
0.00007223454817785756
0.00006470171536569247
0.00005788137337023205
0.000051735504846447536
0.00004629576057428332
0.000041355639880276444
0.00003693393403645609
0.000033004163947842774
0.00002944169269181667
0.00002623462776484376
0.00002346231632973455
0.00002100911072148569
0.00001871344080733972
0.000016698880537827946
0.000014864899053286124
0.000013272082610298103
0.00001186604312534669
0.000010583933446825157