0.004423760722088534
0.004423257649149602
0.004421501536353462
0.004418049933441557
0.00441235242270817
0.004403738786857847
0.0043914145223770545
0.00437446973315568
0.004351908926397826
0.004322709372906623
0.004285912967272305
0.004240749446657688
0.004186777184135852
0.00412401423985787
0.004053023170430123
0.0039749158250058725
0.0038912627232139674
0.003803920307001646
0.0037148154506304407
0.0036257371930030215
0.003538177029063934
0.003453238198563225
0.0033716128181702984
0.003293611628744303
0.0032192265702911844
0.003148208609677535
0.003080148207886866
0.0030145505017806612
0.0029509003774492227
0.0028887142179787944
0.0028275760546373815
0.0027671570433242605
0.0027072190631834948
0.0026476054956333377
0.0025882240675197377
0.002529027204785463
0.002469994401090085
0.00241111914700401
0.0023524008891733163
0.0022938410669605756
0.0022354417559213575
0.0021772056133922213
0.002119136279943225
0.0020612388056016097
0.002003519966128865
0.0019459884671949978
0.0018886550229564399
0.0018315326177719368
0.0017746362289917355
0.001717983338429761
0.0016615937113278222
0.001605490119714026
0.00154969797219971
0.0014942410646962459
0.0014391544915645803
0.0013844699844091188
0.001330224855668384
0.0012764575491227411
0.0012232082456901203
0.0011705327256843038
0.0011184699125771666
0.0010670774065379973
0.0010164118203272044
0.0009665203018295249
0.0009174764801053594
0.0008692958801491832
0.0008221746138244501
0.0007760488275928722
0.0007310286087268825
0.0006871826738848812
0.0006445778917124596
0.0006032785436817052
0.0005633505198701602
0.0005248496682741389
0.0004878374619344977
0.00045235381092362004
0.000418452640965504
0.0003861533385651105
0.0003555012713383045
0.00032650117458572894
0.00029917274764951766
0.00027349195787538014
0.00024945473850787917
0.00022705015506744417
0.0002062264286844697
0.00018696201822972477
0.000169159248966193
0.00015280234807265995
0.00013780533357949046
0.00012410106814952942
0.00011160883383925657
0.00010025985971978361
0.00008998827064504707
0.00008068232207376639
0.0000722342945734408
0.00006470005961901998
0.000057886502355458055
0.00005173777420482773
0.00004629756491129774
0.000041359470647561744
0.0000369182806822359
0.00003300045048613193
0.00002944665363574346
0.00002623507586988617
0.000023471460565831285
0.00002101053676267701
0.000018710200212631452
0.000016696755515087443
0.000014904365006270976
0.000013279581060788108
0.000011866190663282503
0.000010585189071655274