0.0035691560374532367
0.003569089530729987
0.0035688570259076917
0.0035683984745543255
0.0035676369768289557
0.0035664748071076993
0.0035647888075152757
0.0035624252327111946
0.003559194275158666
0.0035548647268983536
0.003549159559372738
0.003541753627614345
0.0035322751881848163
0.0035203133446654296
0.003505433672521638
0.0034872037832063907
0.003465229084123654
0.0034391962676055985
0.003408918450486538
0.003374372468690168
0.003335717498615448
0.003293286572994146
0.0032475490290912214
0.003199050500316637
0.0031483441622215725
0.0030959293645833547
0.003042210622557629
0.0029874829374275888
0.002931941615525804
0.00287570880808806
0.0028188662804500475
0.002761484561679916
0.0027036418600390666
0.002645430621989057
0.00258695378534731
0.002528315312788616
0.0024696099751253964
0.002410916000540031
0.0023522921122905486
0.00229377862372403
0.002235401178775781
0.0021771754767493903
0.002119111669392548
0.0020612177135590185
0.0020035015390481273
0.0019459722652732424
0.0018886407655059575
0.0018315200377049547
0.0017746251528257728
0.0017179735805492998
0.0016615851339503729
0.0016054824882163186
0.0015496908274104761
0.00149423526668429
0.0014391494648451416
0.0013844656534790383
0.0013302209757589134
0.0012764542171157496
0.0012232060172537738
0.0011705301897094757
0.00111846781214374
0.0010670706206148534
0.001016409141192875
0.0009665188093517275
0.0009174752382204751
0.0008693416684318103
0.000822169565784045
0.0007760479895969774
0.0007310279747216331
0.0006871820962635304
0.000644577319691535
0.0006032773595658251
0.000563350042574465
0.000524849589534412
0.0004878364999973362
0.0004523535718395281
0.00041844955371549256
0.00038615356682042786
0.000355499984236826
0.00032650121842180824
0.00029917215786375836
0.00027349157223544653
0.0002494530711207117
0.00022706201619746493
0.00020622649899325763
0.00018696103730825366
0.00016915917385661552
0.000152802284770566
0.00013780520294049266
0.00012410106494465542
0.00011160969264727186
0.00010025968837269293
0.0000899883611368102
0.000080682385580842
0.00007222820355771649
0.00006470038055262622
0.00005788654033635923
0.000051737690564356366
0.00004629719229688785
0.00004135936199695489
0.00003692085503331556
0.000032999838493491986
0.000029446308851770855
0.000026234042961041703
0.000023471248319894645
0.000021010019431458755
0.000018709896158173605
0.000016696513888253644
0.000014904264840525175
0.00001327931917610292
0.000011865868917025147
0.0000105842753255444