0.005285440002035385
0.005283752863694286
0.0052778778821731456
0.005266395601671508
0.0052476272648213805
0.005219680417650162
0.005180557640423729
0.005128344209352781
0.005061474054009548
0.004979043305955956
0.004881104030732986
0.004768846032056644
0.0046445848834574584
0.004511528492533326
0.00437337222191034
0.004233832363061805
0.00409623724731732
0.003963255686221677
0.00383678313599155
0.0037179586113429107
0.0036072642788451256
0.00350466142300808
0.003409729746085683
0.003321791976339018
0.003240017349026362
0.003163504302419802
0.0030913454987438575
0.003022678348456982
0.002956722949032652
0.002892807905664649
0.002830383749421336
0.002769024028640029
0.0027084154712836346
0.002648340240471428
0.0025886544095197555
0.002529266794878932
0.0024701211961114986
0.0024111834094765394
0.0023524328141535785
0.0022938574151055323
0.0022354510551386335
0.002177211814713034
0.002119141048964781
0.002061242790387235
0.0020035233470465327
0.0019459914947610897
0.0018886576667763676
0.0018315349812508797
0.0017746383301120673
0.001717985218531818
0.0016615953608313282
0.001605491744613506
0.0015496975171789375
0.001494242191941507
0.0014391553728760852
0.0013844706445013846
0.0013302256342310045
0.001276458124146305
0.001223212667857971
0.0011705332098371245
0.0011184701450526744
0.0010670767404299419
0.0010164072282314192
0.0009665201476073814
0.0009174767928472407
0.0008693439559631208
0.0008221747172268974
0.0007760491667199873
0.0007310285691244217
0.0006871822143989935
0.0006445772831200133
0.0006032786514800499
0.0005633508861787216
0.0005248491972591445
0.00048783847615684766
0.00045235394973150715
0.00041845390602133353
0.00038615291285237985
0.0003555015220559
0.00032649905337721184
0.0002991726751150396
0.00027349284190233237
0.00024945402643913975
0.00022705199051011385
0.0002062260886058009
0.0001869638197501215
0.00016915944624223077
0.00015280243013055954
0.00013780495432344527
0.00012410092339384745
0.00011160831081253812
0.0001002589578327916
0.00008998824639965664
0.00008068016754488039
0.00007223441418819683
0.00006470206095075271
0.0000578819621648132
0.000051737897928650226
0.000046298853898271125
0.000041357666292672454
0.00003691752871060968
0.000033004767451608744
0.000029442762851050006
0.000026236353043099818
0.00002347156204942068
0.00002100943885836897
0.00001871185557696646
0.000016696715439027886
0.00001490393334182143
0.000013275537177713047
0.000011866216832749751
0.000010586356561840878