0.003914234823878347
0.00391411239328663
0.003913684457558136
0.003912840822030971
0.00391144085212124
0.003909306719653085
0.0039062158958142953
0.0039018932803028435
0.00389600371798229
0.0038881461638006934
0.0038778514016705825
0.0038645859166856586
0.003847765048467412
0.003826778535098037
0.0038010304725296686
0.003769993089865968
0.003733269538377313
0.003690655994240588
0.0036421897785769916
0.0035881703861942523
0.0035291456904098426
0.0034658648794554073
0.003399208888250671
0.00333011375775093
0.003259500624733117
0.0031882199298375064
0.0031170110968115586
0.0030464754678854312
0.002977060286769362
0.0029090537568931545
0.00284259103786079
0.0027776724704738492
0.002714191423179549
0.0026519693633500034
0.0025907909326759056
0.002530437690662295
0.0024707120215093385
0.002411452025316463
0.002352537141815545
0.0022938858520863592
0.0022354484781222485
0.0021771986539453974
0.002119125599702364
0.002061227805410857
0.002003509788831103
0.0019459794015767573
0.0018886467943205365
0.001831527579618961
0.0017746439098893483
0.0017179775966557759
0.0016615886425330748
0.0016054852853025936
0.0015496911571099203
0.0014942361012315422
0.0014391500248915402
0.001384467788916477
0.0013302237283502963
0.00127645568581198
0.0012232098416214848
0.001170531172902446
0.0011184695297413699
0.0010670752909039244
0.001016407512584545
0.0009665225878662701
0.0009174757091897959
0.0008693384821106698
0.0008221852969018623
0.0007760480250143098
0.0007310275234816013
0.0006871819533707173
0.0006445778611702551
0.000603278825866961
0.0005633522315637351
0.0005248429739881042
0.00048783565209098813
0.00045237286982771836
0.00041847603155067666
0.000386146054083543
0.000355501941835923
0.00032650968794201304
0.00029919480213505756
0.00027349128623871134
0.00024946585404313226
0.00022704592533394585
0.00020622222239400728
0.0001870500792516995
0.00016915380925836685
0.00015280237458634583
0.00013780414484155192
0.00012410477380799442
0.00011160586897573558
0.00010026546610642314
0.0000899879284877234
0.00008068574464917426
0.00007228487737982266
0.00006468654541282524
0.00005786296057966053
0.00005176395089646471
0.000046304458130850736
0.00004134098105183656
0.000036925024114720627
0.000033005849247119026
0.000029445875771148577
0.000026218843515906648
0.00002344993874095626
0.000021017630821720895
0.000018725378687183805
0.00001670168546720196
0.000014864347614818893
0.000013274745486665151
0.000011866369835998934
0.000010591726077043698