0.004127263307715278
0.004127041475603131
0.004126266418792525
0.0041247399231253016
0.00412221103413206
0.004118366121620199
0.0041128191931803955
0.0041051040000775205
0.0040946703531342735
0.00408088806027171
0.0040630627454038065
0.004040467992103556
0.004012397007462903
0.003978233524008331
0.003937535693765432
0.003890119150281147
0.003836119889123338
0.0037760160552817302
0.0037105966756969637
0.00364087925869746
0.0035679947954676966
0.0034930682309872005
0.003417121159187954
0.0033410126136740347
0.00326541938416583
0.0031908457726343015
0.0031176477920221617
0.0030460585339172567
0.0029762073109791285
0.0029081318403350316
0.002841786977422319
0.0027770552074400778
0.0027137618369440838
0.0026516956480800466
0.002590631912378868
0.0025303549514129227
0.0024706754437500674
0.002411440841434971
0.00235253846540132
0.002293892398546393
0.002235456585896143
0.0021772067352233133
0.0021191330527404652
0.0020612345578765075
0.0020035157871936345
0.0019459846460401099
0.0018886515764508704
0.001831530329816247
0.0017746397855194123
0.0017179808228258418
0.0016615915903429501
0.0016054877413745395
0.0015496940262230492
0.0014942389634227736
0.0014391526506651162
0.0013844684048594604
0.00133022768615749
0.0012764564434940534
0.0012232109921663085
0.0011705323279352228
0.001118470076931473
0.0010670757911800997
0.0010164076758254804
0.000966520178482235
0.0009174766982096782
0.0008693392071776766
0.0008221801656543791
0.0007760480022798407
0.0007310267689900348
0.0006871863317325591
0.0006445778253700797
0.000603278757137307
0.0005633462675150606
0.000524845322036289
0.0004878347914082021
0.00045236722864637263
0.0004184483084710276
0.00038614999885660183
0.0003555012415551572
0.0003265068231277985
0.0002991890761937573
0.00027349042719971125
0.00024946277030439784
0.0002270491872304853
0.0002062238841104352
0.0001870250624575216
0.00016915642040321742
0.000152801444105342
0.00013780195828053975
0.00012409813802764148
0.00011162574452987611
0.00010026496308910963
0.00008998634666590229
0.00008068824153660327
0.00007228896018711188
0.00006468751847027555
0.000057869727162497274
0.000051764607748608533
0.000046315630245831326
0.000041336770194452966
0.00003693048665956232
0.00003300339245810657
0.000029446336949530352
0.000026216597183670073
0.00002345518573197286
0.000021015476269097224
0.00001872554013771937
0.000016699684161333527
0.000014856583791520322
0.000013277444072793996
0.000011872115356689313
0.00001057249938037537