0.007892551649742834
0.00787912386164438
0.00783297387907845
0.007745402953069044
0.00760922958257562
0.007420799249282987
0.00718170455882455
0.006899353592233869
0.006585899325358396
0.006255858857512381
0.0059234047278649005
0.005600308239957819
0.00529497804342635
0.005012466229197505
0.004755041956156931
0.004522950630239674
0.004315120316279323
0.004129716091066662
0.003964530166934729
0.0038172348059210114
0.003685534993587189
0.0035672543473412328
0.0034603799791614893
0.003363084137848549
0.0032737337811391968
0.00319089394910754
0.003113326934127813
0.0030399868224378016
0.0029700081743701
0.002902688346868281
0.0028374646540020652
0.0027738892267883336
0.0027116050951162523
0.002650326360661265
0.002589823698031945
0.002529914743148085
0.0024704577841738184
0.0024113469190186693
0.0023525072851316767
0.0022938897290069576
0.00223546505812977
0.0021772184867061136
0.002119144933714738
0.0020612455748701473
0.002003525679028034
0.001945993503779718
0.0018886593656286376
0.001831536408989467
0.0017746402915898567
0.0017179862225256896
0.0016615962051894175
0.0016054919160583439
0.0015496988440610257
0.0014942426865070801
0.0014391560123932924
0.001384469698244877
0.0013302259590519908
0.0012764578805458538
0.0012232130948190581
0.0011705370734168721
0.0011185391363033605
0.0010670761316290145
0.0010164075875347554
0.000966519848744638
0.0009174772260311249
0.0008693389135545583
0.0008221743001242005
0.0007760497083107951
0.0007310291537502928
0.0006871828319016756
0.0006445778341270825
0.0006032784702511072
0.0005633522348138602
0.0005248483371092851
0.0004878388471727118
0.00045235912307846923
0.0004184485066195376
0.0003861542964355638
0.00035550070901547325
0.0003264989798279278
0.00029917845998111845
0.00027348844309320173
0.0002494682745958413
0.00022705360787923914
0.00020622543862709394
0.00018698283339632068
0.00016915877440874311
0.00015280152880287677
0.00013780877259228283
0.00012409919631014123
0.00011160745149041583
0.00010026346112286533
0.0000899895827510388
0.0000806834605416082
0.00007223765405857967
0.00006470469742557895
0.000057879607524602815
0.00005173213043353436
0.00004630285347028729
0.00004134164487272917
0.000036932416861301064
0.00003300027599666784
0.000029444199934514617
0.000026237016329480556
0.000023460569156159928
0.00002100975163519861
0.00001871859552885349
0.000016698564239979265
0.000014866794537843556
0.000013270772608086669
0.000011868413146497852
0.000010573109786609744