0.013002052151035807
0.01289592107894247
0.012549055827730854
0.011957090758382874
0.011172326399919406
0.010283213356979935
0.009378332617691984
0.008521579278804035
0.007747228763644574
0.007066851017725959
0.00647851736874322
0.005973845813797963
0.0055422524066732655
0.00517314093487451
0.004856861794153748
0.004585022015343117
0.004350486961980493
0.004147254166136261
0.003970288242260906
0.0038153575192629114
0.003678888960375838
0.003557846593960577
0.0034496337151352337
0.0033520170170783297
0.003263070144189412
0.0031811334308578256
0.00310478618397029
0.0030328272271116876
0.002964259219825642
0.0028982727485758193
0.0028342275395260696
0.0027716300797659935
0.0027101088023621335
0.0026493891313626333
0.002589270787550894
0.002529609018466054
0.002470300280560577
0.002411271890091784
0.002352474588321212
0.0022938769273682562
0.002235460740981173
0.0021772174133424744
0.0021191449518732633
0.0020612459060877298
0.002003526053926153
0.0019459938182302533
0.0018886596376190027
0.0018315369118322002
0.0017746400606558064
0.0017179868742361387
0.001661596790581247
0.001605491647448795
0.001549698594352827
0.0014942432022574407
0.0014391558569057845
0.001384470794111539
0.0013302264146230164
0.0012764584236604176
0.0012232127271947244
0.0011705335350195366
0.001118469924629856
0.0010670767915641204
0.0010164073237802368
0.0009665202419125717
0.0009174770674650999
0.0008693397631307178
0.0008221746676058513
0.0007760499386806974
0.0007310285581033794
0.0006871819705622878
0.0006445775051919589
0.0006032786759051403
0.0005633511693988409
0.0005248491721742472
0.0004878375646213956
0.00045235380133101067
0.0004184497278400315
0.000386155861849504
0.0003555017274854585
0.000326497586560848
0.0002991746139430188
0.0002734932260447621
0.00024945639803167035
0.00022705221942736508
0.00020622563696937236
0.0001869724285413362
0.00016915873896457037
0.0001528017816169494
0.00013780616460347647
0.00012410026494161962
0.00011160818779390486
0.00010026009187610506
0.00008998769610536419
0.00008068197204454781
0.00007223615710546094
0.00006470169413842087
0.00005787719748469886
0.000051735986674458125
0.00004630206804366429
0.00004135656127775291
0.00003693380575635566
0.00003300306790287336
0.000029442165878772283
0.000026235558430390964
0.000023463086849608514
0.000021007401147127022
0.000018714234904317668
0.000016697973674180663
0.000014866358595241242
0.00001327227787208369
0.00001186608451342251
0.000010574369222039902