0.00786190909490414
0.007848482719266553
0.007802337676177752
0.007714776499082475
0.007578619339240441
0.007390213796712037
0.007151155180150508
0.006868855003111354
0.006555470578404357
0.006225524454770166
0.005893195975452492
0.0055702648763406686
0.005265150163342799
0.00498291650488125
0.00472584812019314
0.004494208122524993
0.004286944902541122
0.004102246124904897
0.003937927990085812
0.003791686575546689
0.0036612480282753857
0.003544450995342746
0.0034392870730807212
0.003343917659063807
0.0032566792228922985
0.0031760843232227854
0.0031008218943445443
0.0030297574748417437
0.002961932070694869
0.0028965574494841145
0.0028330059672587162
0.002770794327632932
0.002709562375610712
0.0026490493935898284
0.0025890708572370805
0.002529498141763591
0.002470242536312836
0.0024112436761151773
0.002352461577402273
0.0022938711308607665
0.002235458095308994
0.0021772160452628053
0.002119007781460537
0.0020612452468289602
0.0020035255121213847
0.001945993338615442
0.001888659248420895
0.0018315364741408944
0.0017746396657993067
0.0017179864641896066
0.0016615964438975919
0.0016054929649047063
0.001549698338804241
0.001494242948641189
0.0014391558175519694
0.0013844708660410692
0.001330226196074003
0.0012764584051496142
0.0012232125799914006
0.0011705335242549579
0.001118470085937769
0.0010670768321811113
0.0010164073353212879
0.000966520232781174
0.000917476954853163
0.0008693450788638173
0.0008221747146323879
0.0007760496257567997
0.0007310285832953923
0.000687182094063232
0.0006445773112329931
0.0006032786770282468
0.0005633513514115
0.0005248493435690256
0.00048783712230201766
0.0004523534048782686
0.00041844918583611905
0.0003861549056953909
0.0003555016183201753
0.000326498177139265
0.00029917491711192485
0.0002734927465634557
0.00024945384187887137
0.00022705294262297782
0.00020622513696511613
0.00018696998651426242
0.0001691589745521805
0.00015280217058292447
0.00013780587555277773
0.00012410067051140354
0.00011160866576805887
0.00010025999665112464
0.00008998830975182656
0.00008068224575394353
0.00007223578572861013
0.00006470164848035663
0.00005788082050349382
0.00005173561601747933
0.00004629542670301265
0.00004135576117617531
0.00003693410806895727
0.000033004500272744716
0.000029442548186241904
0.000026235450653529022
0.00002346432879111317
0.000021007537997321566
0.000018714627400882055
0.000016697478552566826
0.000014866564865376068
0.000013274256678358866
0.000011866000362338648
0.000010587636644024185