0.0034703615845573113
0.0034703173058725388
0.0034701624881515484
0.003469857056333141
0.003469349554335634
0.003468574340673961
0.003467448244308541
0.0034658666625104867
0.003463699143481285
0.003460784601307908
0.003456926476447602
0.0034518883967825406
0.0034453912174661557
0.003437112700560698
0.0034266914645057524
0.003413737036251936
0.0033978476316920874
0.003378636377136192
0.0033557648526428866
0.003328980195326145
0.0032981492248791927
0.0032632814433394847
0.003224533611032494
0.0031821927907802047
0.0031366407402117023
0.0030883083680320576
0.0030376314437841304
0.0029850169996688746
0.0029308249129152484
0.0028753636164878848
0.0028188951464561546
0.0027616437905981298
0.0027038039226108274
0.0026455448849737133
0.0025870128252042956
0.0025283306214687927
0.0024695974015683745
0.0024108889304059926
0.002352259549642562
0.0022937456704600193
0.002235370256834943
0.002177147464363045
0.0021189505947854102
0.0020611955826927947
0.002003481978877857
0.0019459550232096851
0.0018886254944126403
0.001831506740714127
0.0017746134865060537
0.0017179634291873537
0.0016615761923159914
0.001605475175319137
0.001549682732229801
0.0014942292719869563
0.0014391438494510602
0.001384460408620682
0.0013302170700431608
0.001276450457794844
0.0012232056703367288
0.001170527529809469
0.0011184648986930442
0.0010670723512267433
0.001016403474859591
0.0009665169160404808
0.0009174741125282536
0.0008693426643911877
0.0008221726490587898
0.000776047870696174
0.0007310271020675071
0.0006871808478226556
0.0006445762654937051
0.000603277803999637
0.0005633506232311552
0.0005248487450141041
0.00048783662673387417
0.000452353002357266
0.0004184488552354968
0.0003861546358944646
0.00035550140301926627
0.0003264979840076881
0.00029917486355723335
0.0002734926137756575
0.0002494536802830841
0.00022705288362189022
0.00020622508134374574
0.00018697022809378836
0.00016915894341818375
0.00015280222015535592
0.00013780587510797015
0.00012410067005075152
0.00011160864184791076
0.00010025982821102934
0.00008998863905707472
0.00008068250910975137
0.00007223503738422538
0.0000647016796617057
0.00005788075742794201
0.000051735108571415616
0.00004629562978910834
0.00004135569811219098
0.000036934030483027536
0.00003300437102338028
0.00002944185983500116
0.000026234784396100092
0.00002346257851836122
0.00002100858994794967
0.000018713371042481047
0.000016697432741548724
0.000014865233196182961
0.000013272487538920633
0.000011866154769068437
0.00001058386268926438