0.004418260146872602
0.004417757282386322
0.00441600189858817
0.004412551734590077
0.004406856616828936
0.0043982466413046714
0.004385927704778419
0.004368990420342329
0.00434643994011821
0.004317254347864272
0.004280476557569304
0.004235337576924561
0.004181397351127169
0.004118675869470923
0.004047738025860507
0.003969698469024332
0.003886131004881302
0.003798895846315734
0.0037099240528700042
0.0036210091026092125
0.003533646879386997
0.003448944487744448
0.003367596706454673
0.0032899148728334645
0.003215888498997079
0.0031452622370887265
0.003077615883754716
0.0030124397932102314
0.002949201282446801
0.002887398553662076
0.00282659970253172
0.002766464825578008
0.0027067512392250867
0.0026473043481381395
0.0025880391095248574
0.0025289181355645754
0.0024699317343221663
0.002411083067007791
0.0023523791605399532
0.0022938267533918334
0.0022354312475714963
0.002177197177682395
0.0021191291338685573
0.0020612325974233062
0.002003514519075863
0.0019459836690416676
0.00188865080666839
0.001831528871862183
0.0017746329276935597
0.0017179804160116037
0.0016615911422275201
0.0016054877334989415
0.001549695296088777
0.0014942393206933274
0.001439153528070362
0.0013844687846657272
0.0013302236770269293
0.0012764565831896813
0.0012232082855843302
0.0011705314991878521
0.0011184693798600629
0.0010670722740053274
0.0010164099583834926
0.0009665197656189985
0.0009174760700424366
0.0008693422483030032
0.0008221704954232029
0.0007760484936955362
0.0007310288400849931
0.0006871824588543888
0.0006445775890832612
0.0006032774148783894
0.0005633502026905361
0.00052484912220808
0.0004878365033173034
0.00045235240110337365
0.0004184495456021889
0.0003861537612922364
0.0003555001315368008
0.00032650126341100865
0.0002991843319082495
0.0002734914954906403
0.0002494532395165901
0.00022706167687497987
0.00020622654704547936
0.00018696055098933105
0.0001691591323739388
0.00015280220936790656
0.0001378051505934524
0.00012410104041209026
0.0001116102550672831
0.00010025973528832318
0.00008998824094652898
0.00008068202308074379
0.00007222882555273244
0.00006469980110757791
0.000057886517102365696
0.000051738100507250036
0.000046296726846603086
0.00004135940273900037
0.00003692080880039072
0.00003299976044575142
0.000029448010679977143
0.0000262340569395838
0.000023471534628027293
0.00002100931330595938
0.000018709895998424865
0.000016697056361668845
0.000014904659736567587
0.000013279978500793749
0.000011865394875669929
0.000010584425784724567