0.0033443706809362025
0.003344345729257922
0.0033442584745263255
0.0033440862762374596
0.0033437999833571667
0.0033433622581807137
0.0033427255226776654
0.003341829469552973
0.003340598088584878
0.0033389361811602303
0.0033367253807057187
0.0033338197751295396
0.0033300413529264087
0.0033251756805601175
0.0033189684723594556
0.0033111240255187012
0.0033013068176364784
0.003289147803631623
0.0032742569365239557
0.003256242955937811
0.003234740348686581
0.003209441570589843
0.0031801304584053573
0.0031467109936328436
0.003109225163024377
0.003067855192855197
0.0030229087538959096
0.0029747896938561785
0.0029239599936436815
0.002870899991288248
0.0028160733187179024
0.002759900987747302
0.0027027463608183286
0.0026449101523653273
0.0025866327513082384
0.0025281005952568223
0.0024694539069119157
0.0024107943601696844
0.002352192353275024
0.002293694016470241
0.0022353279528573343
0.0021771113972934996
0.002119055291203643
0.002061167996756762
0.0020034576727956063
0.0019459336457223189
0.0018886066316811925
0.001831489955841633
0.0017745993885933198
0.0017179502338477138
0.0016615645648093065
0.0016054641248876567
0.0015496744586142883
0.0014942213183554833
0.0014391373118454068
0.001384453360646651
0.0013302117008353505
0.0012764454640314912
0.0012232022974707137
0.0011705277058326378
0.0011185309849756958
0.0010670691316274372
0.001016401554749456
0.0009665146671529953
0.0009174727845135515
0.000869335123609891
0.0008221710733433548
0.0007760469668976549
0.0007310268377619128
0.000687180882196476
0.0006445761987686512
0.0006032771065986828
0.0005633510965017171
0.0005248474034959513
0.000487838072922402
0.0004523584829261504
0.0004184479918656587
0.0003861538906079465
0.00035550037512909274
0.0003264986629331828
0.0002991784185975499
0.0002734882013307559
0.00024946815053792634
0.00022705352005506518
0.00020622534604027154
0.00018698328595358147
0.00016915872618359875
0.00015280162516908842
0.00013780878083157665
0.00012409919244434425
0.00011160741016177919
0.0001002634634709418
0.00008999008165798999
0.00008068391565329152
0.00007227701235399406
0.00006470478924475532
0.00005787947448518184
0.000051731255500027246
0.00004630383482041752
0.00004134102288138759
0.000036932762291847746
0.00003300243603817629
0.000029443758985956765
0.0000262165627405109
0.000023460226434653057
0.000021012484610327563
0.00001871623175978458
0.000016700000117415825
0.000014864420690352497
0.000013278011690215572
0.00001186764478071629
0.000010572688195406191