0.003993078525969887
0.003992863944714579
0.003992114243696882
0.003990637787634573
0.003988192092238094
0.003984474375203501
0.0039791124652078114
0.0039716576285993895
0.003961581744675027
0.003948282246973495
0.0039310990810552515
0.003909348086366357
0.0038823739181298544
0.003849622080409282
0.0038107235630061745
0.0037655780073594944
0.0037144151523120107
0.0036578135726007383
0.003596663348828591
0.0035320742122942022
0.003465247197707017
0.003397338292375716
0.003329342542515851
0.003262017835318748
0.0031958546119359266
0.0031310867340131605
0.003067732467198521
0.003005652814974389
0.0029446154423129005
0.0028843544925606984
0.0028246189618140833
0.002765204979102276
0.0027059705264149687
0.0026468345452117965
0.0025877651820456473
0.002528763205525462
0.002469846012601436
0.002411035642694557
0.002352351857406128
0.0022938095660088795
0.0022354190679100194
0.002177187595142757
0.002119121084841481
0.00206122562238051
0.0020035084016119388
0.0019459782844404264
0.0018886460602993396
0.0018315246976409304
0.0017746292531175694
0.0017179771865519099
0.0016615883030100583
0.001605485270789499
0.0015496932681234173
0.0014942374052702005
0.0014391513361565805
0.0013844672886316372
0.0013302224021943924
0.0012764554593941795
0.0012232070990778625
0.0011705311265293352
0.001118468623141207
0.0010670713237989121
0.0010164097421508883
0.000966519327645678
0.0009174756822927955
0.000869342037775714
0.0008221698924701277
0.0007760482634944271
0.0007310282061696771
0.0006871822910328461
0.0006445774827305794
0.0006032774964908359
0.0005633501553852832
0.0005248496835061371
0.0004878365746643903
0.000452353634094929
0.0004184496059291845
0.00038615361300173187
0.00035550001994422923
0.0003265012573143778
0.0002991721368116526
0.00027349159622762787
0.00024945312867783375
0.00022706190728309956
0.00020622651032081672
0.00018696093256824616
0.00016915917770931943
0.0001528022561874157
0.0001378051960796663
0.00012410106075275612
0.00011160970639817573
0.00010025975922139772
0.00008998822237381348
0.00008068226602900469
0.00007222853385243868
0.00006469916550932936
0.00005788654660941716
0.00005173787577120033
0.00004629709898361343
0.00004135936254617127
0.000036920987393304515
0.00003299980974430928
0.000029446480607408314
0.000026234335059512196
0.000023471338413334386
0.000021009603907957792
0.00001870987468933988
0.000016697072065614872
0.000014904234766878386
0.000013280012840201196
0.000011865445529766335
0.000010585373001045655