0.007844917924832554
0.007831492238502378
0.00778534960602565
0.007697793186939951
0.007561643939524411
0.007373250499147066
0.0071342094966628565
0.006851934126705447
0.006538583829605397
0.006208683833248643
0.005876416835850832
0.005553566747334019
0.005248557726355053
0.0049664607408503505
0.004709567623880778
0.004478150544785721
0.004271168458167853
0.004086821028047785
0.003922937598788361
0.0037772279118206222
0.0036474312285345875
0.0035313971084708247
0.0034271236457741085
0.0033327715779525014
0.0032466667307710683
0.0031672987507144635
0.003093320597237785
0.003023550415138719
0.002956975010367056
0.002892752354827637
0.002830209727126577
0.002768834603739551
0.0027082572159594803
0.002648226157321649
0.0025885805362956885
0.0025292229836520403
0.002470097067962527
0.0024111708593022897
0.002352426461491923
0.0022938541119188515
0.00223544915425997
0.002177210540808057
0.002119140070507127
0.002061241976477119
0.0020035227137253976
0.001945990876079313
0.0018886571416119556
0.0018315344822426385
0.0017746378694525019
0.001717984781071346
0.001661594979120628
0.0016054912328782394
0.001549698948603559
0.001494241920189879
0.001439155240130729
0.0013844706384863953
0.001330225426263728
0.0012764580460486229
0.0012232086781130912
0.0011705331004196744
0.0011184702369711724
0.0010670776866707778
0.0010164120611138034
0.0009665205091607704
0.0009174766577343594
0.0008692960584066647
0.00082217474297212
0.0007760489371539758
0.0007310287013155942
0.0006871827518168909
0.0006445779569905615
0.0006032785982554279
0.0005633505650876959
0.0005248497058837083
0.0004878374921516879
0.0004523538359488977
0.00041845265975036023
0.000386153356537784
0.0003555012848115802
0.00032650118931294074
0.00029917274167089446
0.00027349196797882204
0.0002494547561332995
0.0002270501581349644
0.00020622643300284446
0.00018696198073081557
0.00016915925065549896
0.0001528023377691935
0.00013780533149937535
0.00012410106701266302
0.00011160883912040075
0.00010025988674944811
0.00008998821467248003
0.00008068227830932735
0.00007223442061697154
0.00006470005987195563
0.00005788650476474469
0.00005173784634526147
0.00004629752679513445
0.00004135946952193083
0.000036918336765460734
0.0000330004265367136
0.000029446721148855596
0.000026235191460338654
0.000023471494721416542
0.000021010398021954463
0.00001871019472498232
0.000016696759520155096
0.000014904370639854527
0.00001327961039274581
0.000011866188606309604
0.000010585188215831527