0.0035800708263724534
0.0035800038909250577
0.0035797698867802794
0.0035793083760563057
0.003578541956860287
0.003577372259384979
0.0035756753028610955
0.0035732962953495483
0.003570044104166675
0.0035656858516017725
0.003559942416444337
0.003552486047428913
0.003542941779022973
0.003530894767841958
0.003515905808992892
0.003497536807633326
0.0034753864861705778
0.003449133900743479
0.0034185837330086826
0.0033837039503182577
0.0033446450594320216
0.00330173262350825
0.0032554311144340257
0.0032062856491136362
0.0031548551341957685
0.003101652536261873
0.0030471046486846487
0.0029915366589775175
0.002935179232254666
0.0028781904424660795
0.0028206829491067937
0.002762748094226431
0.0027044718903058967
0.0026459416803556973
0.0025872452929501877
0.00252846607337354
0.0024696770420421987
0.002410937823405308
0.002352291726224896
0.002293768892807663
0.0022353885229029927
0.0021771627207976935
0.002119099856994874
0.0020612071124199573
0.002003492130786189
0.0019459639585221622
0.0018886334078274342
0.0018315136116410949
0.0017746195146797659
0.0017179686628868021
0.0016615421829011925
0.001605478958894044
0.001549686300249825
0.0014942323621132496
0.0014391467707590346
0.0013844631281031395
0.0013302190750998167
0.0012764524119172566
0.0012232077006208895
0.0011705289013867503
0.0011184664164861139
0.0010670735196191983
0.0010164044534380918
0.0009665177636205277
0.000917474749837542
0.000869342218545694
0.0008221732325161182
0.0007760479056514221
0.0007310275044477717
0.0006871813185289973
0.0006445765314930549
0.0006032780239812526
0.0005633503628403452
0.0005248487673562701
0.0004878381167414774
0.0004523536592069092
0.00041845366857967264
0.0003861527203271978
0.0003555013674363265
0.00032649891682736093
0.0002991726295039214
0.00027349274737749227
0.0002494539171708876
0.00022705194770060523
0.00020622604887218045
0.00018696394036983314
0.0001691594232963076
0.00015280246063421873
0.00013780495302309045
0.0001241009209505149
0.00011160829073658359
0.00010025903504309675
0.00008998846504927733
0.0000806803333243649
0.0000722326206113196
0.0000647020804757235
0.000057881920790339826
0.000051734051326861614
0.00004630107491083664
0.00004135780748491888
0.0000369358359557942
0.00003300492646445986
0.000029442464376580358
0.000026236239201295684
0.000023466782339321796
0.00002100996424829164
0.00001871187941882184
0.000016696750453077153
0.00001486790705673235
0.00001327213773979504
0.000011866227306179089
0.000010586864296407239