0.00362561534967656
0.0036255613722850424
0.003625372640005964
0.0036250002834114234
0.003624381531547474
0.0036234362661509895
0.0036220628973302467
0.0036201335255511766
0.003617488422447815
0.003613929982024808
0.003609216485438216
0.003603056308036066
0.0035951035890076045
0.003584956867530089
0.0035721626961659645
0.0035562266161539057
0.0035366338539668364
0.0035128813232905933
0.0034845206764834635
0.0034512092030446755
0.003412761832959524
0.0033691945501202834
0.003320748681888377
0.003267887889748778
0.003211265063305466
0.0031516631182567094
0.003089919643096444
0.003026848460208311
0.0029631709534992884
0.002899467497208003
0.0028361532134603094
0.0027734790092093734
0.0027115523597652964
0.002650371801307021
0.0025898647436029087
0.002529925106066426
0.002470441179396278
0.002411314263072771
0.0023524679734581075
0.0022938497300263256
0.002235427377891382
0.0021771842330129396
0.0021191143381669255
0.002061218326046527
0.002003501557724821
0.0019459721804753177
0.0018886404417253894
0.001831521988474528
0.0017746389900795488
0.0017179732698298534
0.0016615848399244451
0.0016054819463115436
0.001549688228200118
0.0014942335350200044
0.0014391477793837596
0.0013844658268555058
0.001330222016657031
0.0012764541951020521
0.0012232085457835682
0.0011705300487300373
0.0011184685566099192
0.0010670744504847809
0.001016406788595903
0.0009665219658498525
0.0009174751763126829
0.0008693380269962842
0.0008221849094712706
0.0007760476963373311
0.0007310272456762752
0.0006871817194768625
0.000644577665059418
0.0006032786621519022
0.000563352095639418
0.00052484286146784
0.00048783555952480203
0.0004523727955965988
0.00041847597865729026
0.0003861460040518294
0.00035550190149148447
0.00032650965691483904
0.0002991658902246972
0.0002734912671998689
0.0002494658449271023
0.00022704591319540235
0.00020622220752649893
0.00018705024540004026
0.00016915380288943979
0.00015280240894869704
0.0001378041471781169
0.0001241047718662839
0.00011160586422899394
0.00010026546472956217
0.0000899881211214097
0.00008068584431701927
0.00007228494071992322
0.00006468649609032263
0.00005786294021143927
0.0000517639483701379
0.000046304570117706695
0.000041340824192614094
0.00003692500400561678
0.000033005959153213085
0.00002944566111124514
0.000026218402150290274
0.0000234497905741064
0.000021018054968847925
0.000018725355241821224
0.000016701648286973205
0.000014864496084211274
0.00001327206959744543
0.000011866318554057716
0.000010592988639148394