0.004066609955734056
0.004066391975023124
0.004065630385893805
0.004064130466715026
0.004061645756858483
0.0040578683763910295
0.0040524196500929775
0.004044842586183919
0.004034598631702021
0.004021072115011989
0.004003586623741409
0.003981437732895224
0.003953945222578881
0.003920524406596633
0.003880770155565254
0.003834539689584502
0.003782014119549191
0.0037237180766236176
0.0036604844807145613
0.003593366483059606
0.003523515053294036
0.0034520509233943652
0.00337995905609511
0.0033080237127322523
0.003236808138142878
0.0031666708520326275
0.0030978039737307454
0.003030278312999361
0.0029640836073358567
0.002899158018059996
0.002835406566272794
0.0027727119145169094
0.002710941914182318
0.002649957219612073
0.0025896199575443277
0.0025298026466127844
0.0024703955793507516
0.0024113112604373095
0.0023524853900538313
0.0022938748496952664
0.002235453813977707
0.0021772092832511173
0.0021191370518801786
0.002061238681901699
0.0020035196188517694
0.001945988074673494
0.0018886546485161098
0.001831532320307527
0.001774637422952535
0.0017179830592131354
0.0016615933730233362
0.0016054894704147229
0.0015496972821661295
0.001494240716672795
0.0014391542752434188
0.0013844670394950601
0.0013302247236941574
0.0012764574368723835
0.001223212876081081
0.001170537358216437
0.0011185677689641025
0.0010670745616441907
0.0010164071753813216
0.000966518722227763
0.0009174769106490325
0.0008693381750541785
0.0008221752591031376
0.0007760480006741394
0.0007310279520421359
0.0006871829841040411
0.0006445767278203859
0.000603278617841288
0.0005633493649091707
0.0005248485657689626
0.00048784136095311303
0.0004523604307472728
0.0004184509179571232
0.00038615396795176743
0.00035550024164768675
0.0003265051043041756
0.00029918077234173394
0.0002734908016692101
0.00024946453060579733
0.000227054977007992
0.00020622584415956426
0.00018699184484953578
0.0001691580505007747
0.0001527998764448786
0.00013780874418911027
0.00012409865470299308
0.00011160452468638569
0.00010026199079657965
0.00008998929918523873
0.0000806856928628955
0.00007223668825050539
0.00006469976291836763
0.0000578802984131511
0.00005173224730286573
0.00004630659864277177
0.00004134188221822525
0.0000369314863556941
0.00003300094986778276
0.000029445223597229145
0.000026218378168885616
0.00002345929854918335
0.000021014337391662703
0.000018718608073148182
0.00001669695340297099
0.000014866208898836334
0.0000132765110211801
0.000011866682528306472
0.00001057505822425833