0.012981921054579746
0.01287579082063894
0.012528928500560454
0.011936969216555893
0.011152214478772429
0.010263116150363344
0.009358256826443973
0.008501533646447443
0.007727224618042352
0.007046902939768021
0.006458644010636215
0.005954070889224126
0.005522605871433353
0.005153660367288493
0.004837593966075807
0.004566024612577266
0.004331830360462556
0.004129023100211657
0.003952583079592955
0.0037982947467165374
0.0036626003201866253
0.0035424762130645627
0.0034353325093699452
0.003338933897241751
0.003251339917364858
0.003170862222837171
0.003096036247299554
0.0030256040760359487
0.002958504524559027
0.0028938658284789693
0.0028309964416636992
0.002769370204233379
0.0027086073128275586
0.002648444334120888
0.002588709765048878
0.0025292955912007533
0.002470135833988064
0.0024111907249108793
0.002352436496365704
0.00229385938172148
0.002235452246788678
0.0021772126592853494
0.0021191417249382233
0.002061243367459723
0.002003523919839442
0.001945991935890609
0.0018886580662202514
0.0018315353190992867
0.001774638607526082
0.0017179854431537273
0.0016615955601752609
0.0016054918206549567
0.0015496998507335538
0.001494242318273818
0.001439155545654497
0.0013844708570720417
0.0013302257025825485
0.0012764582444364815
0.0012232083143444794
0.0011705332707333692
0.001118470305113778
0.00106707682840536
0.0010164130167634343
0.0009665206767866419
0.0009174767727612944
0.0008693435997481325
0.0008221747747880151
0.0007760490696537131
0.0007310286043917914
0.0006871822887684574
0.0006445780915697531
0.0006032786059141589
0.0005633507207300676
0.0005248488457356643
0.00048783793011836115
0.0004523538963284821
0.00041845323849450203
0.00038615309285048194
0.0003555012720444493
0.00032650186580196076
0.0002991723098815791
0.0002734919923392927
0.0002494547110476647
0.00022705032745712727
0.0002062263574730617
0.0001869628403741392
0.0001691593037895784
0.00015280242677728629
0.00013780544450319102
0.0001241011102303193
0.00011160846439280506
0.00010026001978746077
0.00008998820554513441
0.00008067992568598294
0.00007223448260128315
0.00006470065022421989
0.00005788307519294727
0.000051737428745263945
0.000046297824329598146
0.00004135958127025064
0.0000369180981888701
0.0000329990273574239
0.000029446722942936935
0.000026237045208373903
0.000023471430200727133
0.000021010247643051035
0.000018709737280360448
0.000016696661021353635
0.000014904327336017927
0.00001327979412569785
0.000011865829097707734
0.00001058554330563196