0.
0.0036225000000000007
0.0076824168749999935
0.012232568712656239
0.017332151384709477
0.023047508664413144
0.029452995335641018
0.03663194452241968
0.04467775182350184
0.05369509035618969
0.06380127251669958
0.07512777617309105
0.08782195514599177
0.10204895622987029
0.11799386769462708
0.1358641272187533
0.15589222058041777
0.17833870621550318
0.20349560499102518
0.23169019929369142
0.2632892908584047
0.29870397272955695
0.3383949774366509
0.38287867096212647
0.4327337704808032
0.48860887326636016
0.5512308947132732
0.6214145252499009
0.7000728291738263
0.7882291232965658
0.887030289934626
0.997761697444232
1.121863922410623
1.2609514910417057
1.4168338835849914
1.591539075027879
1.7873399183374954
2.006783713476748
2.252725346879065
2.528364432514712
2.837286937740864
3.1835118354730727
3.5715433896064455
4.006429753901423
4.493828646685019
5.040080955772235
5.652293231181731
6.338430138846924
7.10741807811269
7.969261311044796
8.935172114353456
10.017716647161636
11.230978432306404
12.590741578007403
14.114696123551793
15.822668180470671
17.7368778632625
19.882228365251443
22.286629940355557
24.98136300565349
28.00148508858614
31.386286913032908
35.17980355778163
39.43138733738376
44.19634985837286
49.536681603771385
55.52185840742676
62.22974531012355
69.74760955632095
78.17325591024671
87.61629906140898
98.19958967307412
110.06081262609783
123.35427825069912
138.25292984947103
154.95059362879468
173.66450030947155
194.63811122184023
218.14428565187745
244.48883064434165
274.014479444646
307.1053503375869
344.1919438908505
385.75674361567064
432.34049290726284
484.5492299258148
543.0621719393567
608.640551701034
682.1375208189338
764.50924895782
856.8273632694768
960.2928898842661
1076.2518788377906
1206.2129157074537
1351.8667477791287
1515.1082800734584
1698.061227392328
1903.1057430999515
2132.90938407927
2390.4618147068413
2679.113701332694
3002.620303268616
3365.1903273883017
3771.5406819204386
4226.957841762333
4737.366623655134
5309.407265961492
5950.521815826342
6669.050947587371
7474.342472008546
8376.872948003576
9388.383978975007