0.01285940667294888
0.012753276763332858
0.01240641557747917
0.011814458532236023
0.011029707517607318
0.01014061488419958
0.009235763849917198
0.008379052346473327
0.007604759384997444
0.006924459428979582
0.006336229463662812
0.005831694524725781
0.005400279354672209
0.005031398364643118
0.004715414785169598
0.004443950918470194
0.0042098899387663525
0.004007249611769491
0.0038310167178540484
0.0036769826424707048
0.0035415964944463226
0.0034218408008279194
0.0033151299600209195
0.003219229872221485
0.0031321967513486576
0.0030523331084470174
0.0029781587516860566
0.0029083941091590996
0.002841952249921913
0.0027779349693433466
0.0027156278050756216
0.0026544894875498684
0.0025941333639761216
0.0025343013033140922
0.0024748333678420655
0.00241563793202414
0.0023566664118521517
0.0022978948358066387
0.0022393122567902456
0.00218091449159286
0.0021227012299574383
0.0020646748991016532
0.002006840290754019
0.0019492044648669188
0.001891776745188589
0.0018345687587830277
0.0017775944661260086
0.0017208703097731644
0.001664415136628183
0.001608250466357824
0.0015524004691388196
0.0014968924355617988
0.001441756424896255
0.0013870230418135667
0.0013327315784895548
0.001278918487833282
0.001225628263194737
0.0011729052108699384
0.0011207961037009604
0.0010693597834040708
0.0010186451672821797
0.0009687081921686996
0.0009196241946731012
0.0008714348217219425
0.0008242188025288117
0.0007780426930868063
0.0007329606998130385
0.0006890617444264391
0.000646397678161724
0.0006050370471722094
0.0005650452138644378
0.0005264795771438185
0.0004893977721935798
0.00045384652658178126
0.00041987407115044305
0.0003875086330036865
0.0003567822540706152
0.00032771048243329865
0.0003003016121501808
0.00027455219725135903
0.0002504598272468755
0.0002279762842757213
0.0002070855981890729
0.00018775209474694045
0.00016988773903924348
0.00015348484315163172
0.00013841740852857308
0.00012466198874807363
0.00011212273166887072
0.00010072681145544076
0.00009039143180083167
0.00008104294257334532
0.0000726214631718247
0.00006501729186828852
0.000058123302877798924
0.0000520167739134755
0.00004649731429452704
0.000041522001820969014
0.000037141260616751625
0.00003316110861682456
0.000029584505881956168
0.000026438258481859597
0.00002358231577268244
0.000020992452188155767
0.000018788715174542787
0.00001682638588965028
0.000014974899800242156
0.000013362307654192446
0.000011927631704242783
0.000010622469385284599
9.493580992575222*^-6
8.467664345465071*^-6