0.003380137856580057
0.0033801001339739878
0.003379968226794256
0.0033797079374952247
0.003379275278005017
0.003378613987410716
0.0033776525188173186
0.0033763004343819567
0.003374444175186698
0.0033719422284841792
0.003368619813434055
0.0033642633655296588
0.003358615337734135
0.0033513701644374942
0.0033421726611090577
0.003330620430151743
0.0033162726786990096
0.003298666904574538
0.003277345565605973
0.0032518924066568043
0.003221976178137935
0.0031873962840455565
0.0031481221650804104
0.003104317094098862
0.0030563386568141964
0.0030047126500464764
0.0029500832788002204
0.002893148295260096
0.0028345911795500675
0.0027750226368803005
0.0027149403809977827
0.002654711657509633
0.0025945769746252515
0.002534670082972872
0.002475045951248066
0.002415710313680675
0.002356644148039228
0.002297821033470263
0.0022392172320484425
0.0021808159105610853
0.0021226077297707637
0.0020645897908039557
0.002006764269156018
0.0019491370519110342
0.001891717187390879
0.0018345162406829267
0.0017775481667467144
0.0017208303640761783
0.0016643861798344233
0.0016082189157573868
0.0015523728816950369
0.0014968678701909202
0.0014417336204538367
0.0013870038995417635
0.0013327142990025068
0.0012789038411595874
0.0012256198500837467
0.001172894306026026
0.001120789537606837
0.001069352573402494
0.001018638932390356
0.0009687058227296481
0.0009196167255583642
0.0008714308630953213
0.0008242157110953145
0.0007780363315811236
0.0007329677609006182
0.000689059002223601
0.0006463937162029325
0.0006050384719687671
0.0005650436922299991
0.0005264787948807166
0.0004893980543686795
0.0004538420859349609
0.0004198717337858188
0.00038752108155894443
0.00035678054151207504
0.00032770466806563976
0.00030030249420218456
0.00027455934612685495
0.00025045183571971723
0.00022797506693402456
0.0002070835314668578
0.00018773956009138964
0.0001698857797567667
0.00015350007996452745
0.00013841465804957152
0.00012466128014077728
0.00011211953112309925
0.00010072390002445502
0.00009040693840158243
0.00008104811408326127
0.00007262002876429076
0.00006502376466100714
0.00005818334839652772
0.000052002246420663146
0.000046480477183060334
0.000041548414911733005
0.000037160432040273576
0.00003313819856827436
0.000029594166401181833
0.000026442096118445528
0.000023580640727335454
0.000020973966200848496
0.0000187718063856805
0.00001683306950745715
0.000014990489402516656
0.000013365302082001821
0.000011878913355158389
0.000010620277543872824
9.497890880959404*^-6
8.454159397721707*^-6