0.004326312665464417
0.00432580891442997
0.004324050430234171
0.004320594146721618
0.004314888852326899
0.004306263311361502
0.004293921719770154
0.0042769525280057195
0.00425435815090948
0.00422511322471255
0.004188256345353867
0.004143013146872978
0.0040889369385183165
0.0040260395919417095
0.003954876187782182
0.0038765496892318807
0.003792620260355168
0.0037049325966254545
0.0036154007318897957
0.0035258004003405753
0.0034376104007413184
0.0033519235374901224
0.0032694259606061296
0.0031904296454281864
0.0031149377763492565
0.0030427248368384906
0.002973417847020874
0.0029065698816253863
0.0028417205213507233
0.002778440397674525
0.0027163590573228195
0.0026551773505208614
0.0025946673189942717
0.0025346637139153517
0.0024750514807884974
0.002415752833671521
0.0023567162281505323
0.002297908153557787
0.0022393075856673795
0.002180902410350105
0.002122687087488208
0.002064661048068466
0.0020066916063136786
0.0019491930963475954
0.0018917666679007289
0.0018345598859775024
0.0017775865818263426
0.0017208635436799097
0.0016644092292891499
0.001608245397064929
0.00155239600678723
0.0014968890911592802
0.001441751923065439
0.0013870200998694787
0.0013327281150687814
0.0012789155698162042
0.00122562641834716
0.0011729032433407545
0.001120797157908718
0.001069358974159931
0.0010186434220365395
0.0009687107056986393
0.0009196196750544857
0.0008714337222303755
0.0008242183511295173
0.0007780388718425112
0.0007329640273192711
0.0006890620528802228
0.0006463967234425912
0.0006050369558740866
0.0005650446372955785
0.0005264793967483828
0.0004893981577253963
0.0004538461975225037
0.0004198744301365986
0.0003875107602048946
0.0003567816965532536
0.0003277098359416663
0.0003003030215735067
0.0002745574634742361
0.0002504529402545998
0.00022797744669547833
0.00020708934361239633
0.00018774335030882896
0.00016988724555531008
0.000153492562826699
0.00013841722553370304
0.0001246619532111582
0.0001121234414011741
0.0001007264351559766
0.00009038985311915218
0.0000810431354540812
0.00007262166221689376
0.0000650175460783632
0.00005813003098127475
0.00005201860391986967
0.00004649156794625941
0.000041519404352567434
0.00003714002736734888
0.000033157475718151945
0.000029598160855149584
0.000026443042674416322
0.000023576720360247973
0.00002099358981106877
0.00001878131227751055
0.000016824904856925865
0.000014979611276419061
0.000013362713155984874
0.000011889507466366569
0.000010616921640213428
9.494176825275153*^-6
8.470834815848279*^-6