0.007725183324922995
0.0077117578540473655
0.007665615975057594
0.007578061043231885
0.007441914269217488
0.007253524612257328
0.007014489117041145
0.00673222150473154
0.006418881882653232
0.006088996319699938
0.005756748569039292
0.005433923856062334
0.005128947968198983
0.004846893873720523
0.004590055832163927
0.004358708923705705
0.004151815527452477
0.003967579249116629
0.0038038338279648915
0.003658293699923383
0.0035287028234169356
0.0034129149904138416
0.0033089313899003422
0.003214913857084154
0.0031291863596433827
0.0030502328633785717
0.002976696352514645
0.0029073809200774394
0.002841256560116875
0.0027774638336795663
0.0027153148593651063
0.002654286838540458
0.0025940062478223324
0.002534224561094938
0.0024747890540579355
0.0024156135906406263
0.002356653736159878
0.0022978885678715004
0.0022393092739153033
0.00218091307266832
0.0021227005036877932
0.0020646744640024427
0.002006839979276647
0.0019492042132544726
0.001891776530429521
0.001834568571666863
0.001777594302876689
0.0017208701649738816
0.0016644150094519286
0.001608250353954698
0.0015524003706424445
0.001496892341607853
0.0014417563101272264
0.001387022975481277
0.0013327315072307973
0.0012789184451555552
0.0012256282186353348
0.0011729051754931737
0.0011207961250406786
0.00106935977014568
0.0010186451502088515
0.0009687082511311327
0.0009196240962782224
0.0008714347997536401
0.0008242187869290452
0.0007780426507920602
0.0007329607672916634
0.0006890617292496772
0.0006463976583800593
0.0006050370459877786
0.0005650451993149259
0.0005264795748977997
0.0004893977559527264
0.0004538465334860887
0.0004198740342465193
0.00038750862563747515
0.00035678224021858454
0.00032771049102808374
0.00030030163141013376
0.0002745537939856142
0.00025045978214169345
0.00022797625383401282
0.0002070847353028536
0.00018775206004995835
0.0001698877437549385
0.0001534848993820366
0.0001384173961503387
0.0001246619798105799
0.00011212272060812669
0.00010072680645100752
0.00009039144643735792
0.00008104292826767886
0.00007262148530328773
0.00006501724555777747
0.00005812378649757705
0.00005201675755684467
0.000046497265001863246
0.00004152203548134649
0.00003714125887639961
0.000033161118837607096
0.000029584543279836933
0.000026438629353118783
0.000023582304709499876
0.000020992433853937753
0.00001878871965515766
0.000016826418639476703
0.000014974873458017344
0.000013362304769421951
0.000011927649927031494
0.000010622452741947084
9.49387544353003*^-6
8.467627236474296*^-6