0.0033196958561847473
0.00331966197468102
0.0033195434991689747
0.003319309715289773
0.0033189211167929658
0.003318327177642093
0.0033174636485519163
0.0033162493238550004
0.003314582249685437
0.0033123353948257247
0.003309351893963924
0.0033054401149635124
0.0033003690123141875
0.0032938645165250732
0.0032856080623151285
0.003275238725614637
0.003262360705360818
0.0032465578568488277
0.003227416406905016
0.003204555638364494
0.0031776642130386954
0.003146537314575262
0.003111107826057335
0.003071464417639149
0.003027851398079983
0.0029806491327302696
0.0029303383323120154
0.0028774548670634694
0.002822542991475887
0.002766114113181021
0.0027086162566414703
0.0026504168775575623
0.002591798968325134
0.0025329680276661775
0.0024740657229965204
0.002415185822660308
0.00235638877297365
0.0022977130805560846
0.002239183291945439
0.0021808153030654217
0.002122619955397194
0.002064605608043802
0.002006779999167585
0.0019491515377664675
0.0018917301635231597
0.0018345277322011169
0.001777558341212195
0.0017208386065173454
0.0016643887319348876
0.0016082259756106136
0.0015523788944549293
0.0014968733029714551
0.0014417401102986747
0.001387008478623631
0.0013327183858355496
0.0012789046243537967
0.0012256187575259876
0.001172896909816274
0.0011207928104400387
0.0010693587964132254
0.0010187374799936646
0.0009687054816904825
0.0009196169830082458
0.0008714300550855094
0.0008242164700782355
0.0007780372140805808
0.000732963256791066
0.0006890593275523239
0.0006463951693644616
0.000605036475333511
0.0005650433807130753
0.0005264788359844582
0.0004893959224484464
0.000453844912616281
0.00041987837441306223
0.00038751496112998137
0.00035678152620653014
0.00032770778560954145
0.00030030153031445055
0.00027455763325198306
0.0002504532584597968
0.00022797545634738758
0.00020708728978969352
0.00018774537092165536
0.00016988629250602402
0.00015349423803250208
0.00013841628865379088
0.00012465971927034172
0.00011212631923008837
0.00010072441631157165
0.00009038569834595497
0.00008104515545277737
0.00007262296362917766
0.00006502122451069156
0.00005817156527347287
0.000052016694740023206
0.000046491035044665736
0.00004151560343570519
0.00003715140791253257
0.000033143257355952166
0.000029595103622670524
0.00002643966017792193
0.000023579033320863703
0.000020975766102039088
0.000018776582897823448
0.000016832408651134196
0.000014983584898256529
0.000013364899343174906
0.000011886099459168687
0.000010619105206141875
9.49553418320644*^-6
8.45662791237981*^-6