0.003386731505362493
0.0033866858237998686
0.0033865261001168236
0.00338621098554391
0.0033856873829410526
0.0033848875468913352
0.0033837256218208515
0.0033820935960507514
0.003379856710771426
0.0033768484685636176
0.0033728655536380547
0.003367663221606424
0.0033609520464639095
0.003352397306194972
0.0033416226743445206
0.003328220112192832
0.0033117676820329832
0.0032918561295230955
0.003268123292783023
0.0032402927816987965
0.0032082105862604572
0.003171871553136242
0.0031314283725334415
0.0030871794072080054
0.0030395373808112503
0.002988986186724682
0.002936035481302886
0.0028811814054345453
0.0028248779965098147
0.0027675199428324115
0.002709434978671581
0.0026508836415315264
0.002592064396051994
0.002533122391455311
0.0024741600421562706
0.0024152476408469325
0.002356432566990416
0.0022977464195030506
0.0022392101738341326
0.002180837873484649
0.0021226393876151235
0.0020646225705875858
0.0020067949033849997
0.0019491646719221316
0.001891741733003145
0.0018345380117373022
0.0017775673235022067
0.001720846441844869
0.0016643948899184862
0.001608232020006522
0.0015523842480835062
0.0014968779523458918
0.0014417435965685924
0.0013870121231224944
0.0013327215788973236
0.0012789085434226281
0.0012256210866655713
0.0011728982997214787
0.0011207938448060159
0.0010693592125435984
0.001018709505777927
0.0009687075605362836
0.000919617830602704
0.0008714315488476106
0.0008242170973274893
0.0007780371454529355
0.0007329625206000385
0.0006890612145631451
0.0006463965204496587
0.0006050365239965119
0.0005650437150640307
0.0005264789891089254
0.0004893958770100501
0.00045384568418383635
0.00041987591024795595
0.00038751270324754317
0.0003567815289441631
0.00032770840009367636
0.0003003020135545837
0.00027455650120432356
0.00025045304870870464
0.00022797306488384227
0.0002070895288367262
0.000187743994379401
0.0001698868150586297
0.00015350498558259291
0.00013841701271426112
0.00012466136706302256
0.00011212634505788174
0.00010072496471720252
0.00009038862234680182
0.00008104662409735775
0.00007262324870215028
0.00006501898533072191
0.00005813126787699798
0.00005202169597933882
0.00004649028713125615
0.00004151548256103804
0.00003714821903273737
0.00003314302771988293
0.000029596463079102312
0.000026440807362391176
0.0000235783017235331
0.00002099464108975635
0.00001877724941315105
0.00001682916288799
0.000014983625002413456
0.000013363456451737699
0.000011888013626370291
0.000010620769544661335
9.495796409672549*^-6
8.456149687024532*^-6