0.0038898540623083884
0.0038896390578969375
0.003888887877030905
0.0038874085000447315
0.003884957947140209
0.003881232800248038
0.003875860075944786
0.003868390007778689
0.003858293167492471
0.0038449653412487694
0.003827744410346322
0.003805943643836695
0.003778904520320788
0.003746068654061038
0.0037070623264494774
0.0036617795625907903
0.003610443528888174
0.0035536253038318793
0.0034922067061557887
0.0034272888119934826
0.003360064247475203
0.0032916818471431953
0.0032231321725467426
0.0031551730466439875
0.0030883011716441745
0.003022764637135928
0.002958604678976155
0.002895713254702453
0.002833894221884446
0.0027729185328612673
0.0027125670018659756
0.0026526575204484145
0.0025930568447448885
0.002533679806495388
0.0024744804757655817
0.002415440098419116
0.0023565556800223563
0.0022978314390793833
0.002239273697029024
0.0021808886412902325
0.0021226819404699723
0.0020646592506663765
0.002006826965542431
0.0019491928626942303
0.0018917665596837386
0.0018345598080262268
0.0017775865623377682
0.0017208634259695903
0.0016644091113522626
0.0016082452247854623
0.001552395868560011
0.0014968887023174599
0.0014417518308369646
0.0013870199828576958
0.0013327282299363079
0.0012789158369804527
0.0012256262840087612
0.0011729033342328806
0.0011207975683751288
0.0010693589405990844
0.001018643723431761
0.0009687108236072868
0.0009196197486736596
0.0008714337923092511
0.0008242183223668395
0.0007780433339153223
0.0007329641264830282
0.000689061676982165
0.0006463967785625643
0.0006050366061460808
0.0005650444673155512
0.0005264794120555387
0.000489397790914844
0.0004538463734638826
0.00041987580478345
0.0003875085248889554
0.00035678241605909016
0.0003277111732395329
0.0003003029355240958
0.0002745567671206646
0.00025046074829372666
0.00022797754624002546
0.00020708844687076307
0.0001877424049816018
0.00016988720986696777
0.00015348960322335184
0.00013841769779285076
0.0001246622199172844
0.00011212252484934117
0.00010072668899023117
0.00009038949470466565
0.00008104208429504406
0.00007262162764461825
0.00006501549446658236
0.000058127311648937506
0.00005201901976122262
0.00004649270003408879
0.000041521658707359285
0.00003714347263694549
0.00003315954294702665
0.00002958114222114136
0.000026443332824658757
0.000023576893871899577
0.00002099443450712488
0.000018788532232204076
0.000016826872496225287
0.000014976842693856077
0.00001336194577891618
0.000011926915108956821
0.000010618184276975536
9.494392262635816*^-6
8.469075292649068*^-6