0.004309432110107829
0.004308929045836213
0.00430717296335352
0.0043037214202851365
0.004298024009103707
0.004289410525601484
0.004277086483033612
0.004260142006705357
0.0042375816310878
0.00420838266160025
0.004171587036651003
0.004126424548701288
0.004072453640384163
0.00400969245903723
0.003938703670085328
0.0038605992578641737
0.0037769499089630575
0.003689612270125501
0.003600513464730416
0.003511442831666616
0.003423892222692184
0.0033389652957195514
0.0032573546488295635
0.0031793715655574904
0.0031050085828710937
0.0030340173064644597
0.0029659888609892917
0.0029004290528349655
0.002836823427066958
0.0027746890069594177
0.002713610450085655
0.0026532595449681577
0.0025933988430354325
0.0025338724779015403
0.00247458904752819
0.002415501998753214
0.0023565920154133514
0.002297853956737773
0.002239288819389512
0.0021808997753372007
0.0021226908184623612
0.002064666716833969
0.0020068334243757823
0.0019491985198561003
0.0018917715371738345
0.0018345641836079794
0.0017775904317690631
0.0017208667829684895
0.001664412048848885
0.0016082477720266945
0.0015523981057268558
0.0014968904863816
0.0014417552674315453
0.0013870214673612558
0.0013327296297045443
0.0012789171659282784
0.0012256272376235122
0.001172904264108909
0.0011207944599026039
0.0010693595857862604
0.001018644465345809
0.0009687123267399097
0.0009196250508631081
0.0008714345627916249
0.0008242185367397759
0.0007779958109034246
0.0007329644029977147
0.0006890616594674217
0.0006463970879594921
0.0006050368452216029
0.0005650445896735146
0.0005264795095259832
0.000489397902928699
0.000453846570364284
0.00041987487959887506
0.00038750834067860024
0.0003567821072287945
0.0003277109375445759
0.0003003027223502175
0.0002745517876628285
0.00025046040726097975
0.0002279766873307496
0.0002070871301990971
0.00018774058205182169
0.00016988703885211667
0.00015348705675460463
0.00013841750585968641
0.00012466212414680703
0.00011212290195677246
0.00010072683296959224
0.00009039002414587525
0.00008104302536371664
0.00007262156912699567
0.00006501758199235885
0.00005812866783060115
0.0000520170139920888
0.00004649724795801631
0.00004152164154695693
0.000037142127334719216
0.000033161187585146746
0.000029581974395179452
0.00002643896381922033
0.0000235808900952975
0.00002099332556606508
0.00001878848114027022
0.00001682777108656627
0.000014975181207024519
0.00001336200082349376
0.000011927352482333695
0.000010622276074649777
9.494362520367613*^-6
8.468388938134885*^-6