0.003278828013284173
0.0032788003432894573
0.0032787035827954642
0.0032785126249963606
0.0032781951436697313
0.0032777097266782737
0.0032770036319662932
0.003276009980021868
0.0032746444914671445
0.0032728016186659723
0.0032703501417774214
0.0032671283314000513
0.0032629389304830356
0.0032575444201407558
0.0032506633252752885
0.0032419686778377217
0.0032310901415908487
0.0032176216035981696
0.0032011360652239446
0.003181209161741443
0.00315745135515027
0.0031295466998510803
0.0030972933776409997
0.0030606387496382053
0.0030197006517831454
0.002974768083505084
0.002926278481158944
0.00287477439201723
0.002820847653552779
0.0027650821915796075
0.002708006174706508
0.0026500609967772958
0.0025915893210276563
0.0025328397464914757
0.0024739821011666905
0.0024151270366110805
0.0023563443786223325
0.002297677568441383
0.002239153693521417
0.0021807899677714635
0.002122597928339086
0.002064586291462581
0.002006762996420999
0.0019491365351751817
0.001891716959102928
0.0018345161024951287
0.0017775480772700889
0.0017208297666425239
0.0016643823782415607
0.001608219160494339
0.0015523727913167242
0.0014968680577685655
0.0014417366084650495
0.0013870042394847305
0.0013327146577780432
0.0012789042972393084
0.0012256161570170382
0.0011728944840368038
0.0011207894229548654
0.0010693524371809097
0.0010186387892558238
0.0009687023074873031
0.000919616137397011
0.0008714305572661569
0.0008242164195530516
0.000778036499635241
0.0007329650139085806
0.000689058455023768
0.0006463945313902601
0.0006050376944968404
0.0005650436360672723
0.0005264785986018126
0.0004893948799840827
0.00045384355738052503
0.00041987143071966517
0.0003875171045832798
0.00035678144656812685
0.0003277070531186402
0.00030030049009551726
0.00027455761141670175
0.00025045278888103295
0.00022797516458495474
0.00020708933536292909
0.00018774789438832478
0.00016988589994808856
0.00015349620843924724
0.0001384145309116837
0.00012466033006979055
0.00011212643994736375
0.00010072237101950829
0.00009038322163761819
0.00008104747218039424
0.00007262196018195509
0.00006502372503774248
0.00005817522176014048
0.000052014664840721024
0.0000464858627804823
0.000041549746352710915
0.00003715919066690366
0.00003314444941634737
0.000029594589460521953
0.000026439954680362395
0.000023578976978026247
0.000020978601551521653
0.000018772792436110877
0.000016833643782469164
0.000014986591426588964
0.000013364158848078237
0.000011881222154610978
0.00001061815173718404
9.496717132487112*^-6
8.457162244905337*^-6