0.012862102523305212
0.012755972511250418
0.012409110967148898
0.011817153214786423
0.011032401024186192
0.010143306591986902
0.009238452939374243
0.008381737747800062
0.00760743971141581
0.006927132894116462
0.006338893780032129
0.005834346780206696
0.005402915864117527
0.0050340144945906825
0.0047180047514602695
0.004446507559474381
0.004212404475511988
0.004009711407908404
0.003833413072280325
0.003679298664491959
0.0035438151234688914
0.0034239430607066286
0.0033170955472272895
0.0032210381704245736
0.0031338283217861034
0.003053771611360862
0.0029793931074555717
0.002909420535919867
0.002842775683406273
0.0027785693712751446
0.0027160950662081414
0.002654817009677962
0.0025943508243545252
0.0025344373673050467
0.0024749130867508357
0.0024156812669139066
0.0023566879231964803
0.0022979042603853868
0.0022393155573009146
0.0021809149996735526
0.0021227006326804063
0.0020646739620283406
0.0020068393193892605
0.0019492035619257475
0.0018917193210696386
0.001834568041040343
0.001777593827141477
0.0017208697547740073
0.0016644146553517107
0.0016082500513911642
0.0015524001047993357
0.001496892179620334
0.0014417564789656234
0.0013870228016047734
0.0013327308222342866
0.0012789182406606997
0.0012256281114363886
0.0011729050506850823
0.0011207955360124922
0.0010693601599542333
0.0010186450164959217
0.0009687074557480448
0.000919624795846007
0.0008714348208513944
0.0008242187771074856
0.0007780429077422506
0.0007329600284741724
0.0006890617615233764
0.0006463972178100591
0.0006050369907599323
0.0005650446886490212
0.000526479589874025
0.0004893978682532328
0.00045384660228329186
0.0004198746082218064
0.00038750837855811585
0.00035678235418340996
0.00032771096004594616
0.0003003014431942071
0.0002745519908015314
0.00025046008384234337
0.00022797648894711417
0.00020708713368751267
0.0001877526045080679
0.0001698871462374784
0.00015348563825663816
0.00013841817972303362
0.00012466206887100804
0.00011212281627046746
0.0001007268521003966
0.00009039077639332042
0.00008104300448826972
0.00007262161582888598
0.00006501719918348705
0.00005812811490408148
0.000052016185100611635
0.000046497268699919674
0.00004152156372148935
0.00003714164514471999
0.00003316102645697716
0.0000295845982861215
0.000026438284379753392
0.0000235808579708843
0.000020992846137654383
0.00001878838358841228
0.00001682687718446739
0.000014974977725691629
0.000013362330649607565
0.00001192713657265098
0.000010622831389988566
9.493805654762917*^-6
8.467842357754183*^-6