0.0034892251911075667
0.003489157259440016
0.0034889197713986195
0.003488451384403932
0.0034876735306553215
0.003486486345050638
0.0034847639379243216
0.0034823490916516624
0.0034790476059573874
0.0034746227440245435
0.003468790558474637
0.0034612173041640363
0.0034515206335595417
0.0034392767046203974
0.003424035484663183
0.0034053460650513125
0.0033827923307195866
0.003356036651275123
0.0033248656876144426
0.003289229054388013
0.003249260246434618
0.003205271598912792
0.0031577213543185247
0.0031071591525693404
0.003054162847067737
0.0029992813698095106
0.002942994752413931
0.002885695483336456
0.002827688528159788
0.0027692032302844096
0.0027104097344629857
0.0026514345772999
0.0025923729231875706
0.002533297159027471
0.0024742626298097405
0.002415311479135667
0.002356475340368726
0.0022977774091100895
0.002239234264954675
0.0021808576456628613
0.0021226562069587584
0.0020646371690675605
0.0020068077022894733
0.0019491759385376903
0.0018917516584733356
0.0018345467124536348
0.0017775749259842375
0.0017208531953883473
0.0016644004563755132
0.0016082372325802179
0.0015523893535122828
0.0014968813356080863
0.0014417467963217488
0.0013870156916973024
0.0013327238286546255
0.0012789116101643992
0.0012256236299517734
0.0011729004126916263
0.001120795024656571
0.0010693569347951682
0.0010186412056072906
0.0009687090090412984
0.0009196182799984967
0.0008714325406630498
0.0008242176241863486
0.0007780378623342244
0.0007329632101126398
0.0006890611937330543
0.0006463966433752431
0.0006050366339010936
0.0005650443123214523
0.0005264792444123488
0.0004893969538804155
0.00045384611760047037
0.00041987572963548625
0.00038751185666762486
0.00035678272506605406
0.00032770965553594153
0.0003003033523347422
0.0002745595631169977
0.00025045321762072145
0.00022797793846914108
0.0002070880834921795
0.00018774310419205847
0.00016988707632283124
0.00015349775648086295
0.00013841656480891514
0.00012466157665552062
0.00011212517767791118
0.00010072620433262413
0.00009038905538155472
0.0000810373991297859
0.00007262166468894559
0.00006501846319152743
0.00005813078665906391
0.00005201984915607035
0.000046492112373161836
0.00004151643506519652
0.00003714725043353096
0.00003315520033590325
0.000029594390989369673
0.000026444332911093725
0.000023575456582012724
0.000020994473432512827
0.000018779041969619946
0.000016825447622886466
0.000014979406479717024
0.000013361123759433684
0.000011886924534660658
0.00001061474599148226
9.495220024090806*^-6
8.457453879705103*^-6