0.005160081327540788
0.005158394628596373
0.0051525211837240145
0.005141041936279667
0.005122278643476881
0.005094339511634035
0.005055227964542785
0.0050030303513505705
0.004936181960292716
0.004853780635200778
0.0047558805880367405
0.0046436742966218195
0.004519480641609088
0.004386511584032032
0.004248467399282507
0.004109070249226758
0.003971655351695816
0.0038388994002188327
0.003712706582873187
0.0035942251367385575
0.0034839463136034712
0.003381839346813812
0.0032874893445766135
0.0032002201452168673
0.0031191958842076498
0.003043502030106813
0.0029722096033413348
0.002904426427844563
0.0028393377868293408
0.0027762368490223256
0.0027145436974264515
0.0026538115131825
0.002593719720776295
0.002534056203176281
0.0024746929259541373
0.0024155603068703327
0.0023566249201190186
0.002297873097401768
0.002239300719941472
0.002180907935805031
0.0021226970124787682
0.0020646717901866857
0.002006837763097034
0.0019492023039925392
0.0018917748605943496
0.001834567105384741
0.0017775930111513004
0.0017208690316277233
0.0016644140185482228
0.0016082494878529407
0.0015523996111087785
0.0014968917074546573
0.0014417558885866447
0.001387022468892092
0.0013327305503456298
0.001278918029058307
0.0012256278873813736
0.001172904874648173
0.0011207956543004475
0.0010693600194781432
0.0010186449332914291
0.0009687077669066502
0.0009196242844010241
0.0008714347089955036
0.000824218697216296
0.0007780426933394628
0.0007329603809975054
0.0006890616842839206
0.0006463971819383138
0.0006050369860394029
0.0005650452044686662
0.0005264795394671599
0.0004893977849510022
0.0004538466264656687
0.0004198741591784991
0.00038750865450871134
0.00035678228062328485
0.0003277109559733275
0.0003003015431456837
0.0002745521138400732
0.0002504598659090917
0.00022797636877483528
0.00020708534420758632
0.00018775227694869056
0.00016988772082350052
0.00015348515959854342
0.00013841744498214632
0.00012466202344584031
0.00011212276661399214
0.00010072682734105356
0.00009039090137990668
0.0000810429664384014
0.00007262143852474868
0.00006501746689489563
0.00005812310694883731
0.00005201612532927112
0.00004649729554721124
0.00004152184560709919
0.00003714160896638687
0.00003316107833350695
0.000029584745181768915
0.000026438291842014907
0.00002358230339863552
0.000020992434269865184
0.000018788408350011073
0.000016826641745203217
0.000014974849379099145
0.000013362313324535696
0.000011927573586537685
0.000010622747234646638
9.49361907104891*^-6
8.467676482371316*^-6