0.0035280056840994866
0.0035279357966207237
0.0035276914690861123
0.0035272095837098907
0.0035264092862326703
0.003525187781548522
0.0035234154438795306
0.0035209303156029446
0.003517532215088407
0.0035129769026927067
0.0035069710843658865
0.0034991694663977667
0.003489175574208896
0.003476548499072465
0.00346081791541969
0.003441509278142767
0.0034181796841553447
0.0033904622571295437
0.003358113387719767
0.003321053823789019
0.0032793932178172796
0.003233429921286775
0.0031836237700856025
0.0031305473294253212
0.003074827075660387
0.003017087420592251
0.002957907024084108
0.0028977908739571006
0.0028371564480910386
0.0027763299887764645
0.00271554940627504
0.0026549720051507594
0.002594686290834934
0.002534727078882015
0.002475092187985305
0.00241575847109094
0.0023566949550206735
0.002297871889759864
0.002239265668925455
0.002180860472572559
0.0021226478746958597
0.0020646255650620254
0.0020067959557259463
0.0019491650814608698
0.0018917419412600891
0.0018345380559181537
0.0017775674089924888
0.00172084657270927
0.001664395727494034
0.001608232114579848
0.0015523842769542468
0.001496878017235083
0.0014417442342676413
0.0013870120812781207
0.0013327215282892952
0.001278907360985516
0.0012256211360933112
0.0011728989732043245
0.0011207945965776408
0.0010693603360899444
0.0010187387593816274
0.0009687066234931938
0.0009196179612478569
0.0008714308906461528
0.0008242171814572757
0.0007780378176444092
0.0007329637670018441
0.0006890597572465567
0.0006463955296519139
0.0006050367761643021
0.0005650436307304026
0.0005264790427883829
0.0004893960924735081
0.0004538450519813687
0.0004198784848172379
0.00038751505063602094
0.00035678160010196695
0.00032770784500741837
0.0003003015777059951
0.0002745576688015382
0.0002504532876021395
0.00022797547747693456
0.0002070872984874026
0.0001877453674592478
0.0001698863097655437
0.000153494039703782
0.00013841629503855095
0.00012465967698564707
0.000112126305003196
0.00010072441884601085
0.00009038571540852121
0.00008104515399637093
0.00007262274518121428
0.00006502105164348719
0.00005813073952622728
0.000052016707007008146
0.00004649105051998596
0.0000415159151699996
0.000037151247241203155
0.00003314348464493527
0.00002959514002967855
0.000026439449683188237
0.000023579289090644173
0.00002097629555301436
0.000018776198631306482
0.000016831907663982456
0.000014983562688706902
0.000013364085553530361
0.000011888515206006318
0.00001061916907153117
9.494851640027265*^-6
8.45684567000727*^-6