0.0036448644912148737
0.0036447517645957226
0.003644357761842626
0.0036435810874520455
0.003642292427900989
0.0036403284397538652
0.0036374850232605664
0.003633510387978091
0.003628098671983339
0.0036208853714818027
0.0036114464565626834
0.0035993036988891526
0.0035839391970545423
0.003564821966247287
0.00354144823648811
0.0035133943081218097
0.0034803764287841266
0.0034423071205230537
0.003399333797477245
0.0033518460061360057
0.0033004437599563107
0.003245870070219115
0.003188921673043117
0.0031303584505375606
0.003070830926311683
0.0030108381369762438
0.0029507183762001463
0.00289066696801552
0.0028307704966344695
0.0027710461338555465
0.0027114769100897297
0.002652037535933496
0.0025927092892322743
0.0025334854751958486
0.002474370534755726
0.0024153760977581153
0.002356516575201338
0.002297805832147233
0.0022392554740892174
0.0021808745825140762
0.0021226703973267974
0.0020646493986921756
0.00200668238040671
0.0019491853329148372
0.0018917599286341032
0.0018345539820992377
0.001777581397365511
0.001720858989625815
0.0016644052304771158
0.001608241888139869
0.0015523929304126507
0.0014968863968725322
0.0014417495661826
0.001387018040978904
0.0013327263192173646
0.0012789140059732242
0.0012256250590861801
0.0011729020642037061
0.0011207961372176984
0.0010693580926621257
0.0010186426626101854
0.0009687100532268241
0.0009196191160499588
0.00087143324475942
0.0008242179446231374
0.0007780385269435207
0.000732963735760186
0.0006890618073765205
0.0006463965175609504
0.0006050367839754241
0.0005650444944224674
0.0005264792785702195
0.0004893980606582318
0.0004538461178816316
0.0004198743663866648
0.00038751070844917203
0.0003567816541946079
0.00032770980183747866
0.00030030299454473716
0.00027455744649070273
0.0002504529232342263
0.00022797742723025495
0.00020708933796490883
0.00018774334658017752
0.00016988723711820503
0.00015349266179541326
0.00013841722212712643
0.00012466197505748148
0.00011212344596432676
0.00010072643773217399
0.00009038984524225246
0.00008104308124940457
0.0000726217741248532
0.00006501763729042851
0.000058129779561206134
0.00005201861589159689
0.00004649154458126757
0.00004151923141303802
0.00003714009661778485
0.00003315745361250667
0.000029598132327349392
0.00002644312201683027
0.000023576567982713064
0.000020993363794952757
0.000018781203689483698
0.000016825155909182312
0.00001497832084934853
0.000013362698447029229
0.00001188925471099503
0.000010615296016667168
9.494179424685895*^-6
8.466316672131607*^-6