0.0033562287929361605
0.003356184519633869
0.0033560297207381926
0.0033557243260857288
0.0033552168859204735
0.0033544417668958442
0.0033533158084081576
0.003351734421071077
0.0033495671700998503
0.0033466529912240385
0.0033427953523688892
0.0033377579162009183
0.0033312615818254605
0.003322984166712793
0.0033125643589805233
0.00329961177296327
0.003283724733802797
0.0032645165039006103
0.003241648832120708
0.003214869063890563
0.0031840442743904305
0.003149184276676372
0.0031104462062939374
0.0030681175738727405
0.0030225806646150557
0.0029742669993759554
0.002923613045546027
0.0028710266151136714
0.0028168684377856256
0.0027614478574658186
0.002705027862505513
0.0026478337180192513
0.0025900607893769405
0.002531879424369896
0.0024734368013566714
0.002414856878877815
0.002356239947177289
0.0022976630512382486
0.0022391819635538715
0.002180834703818705
0.0021226460426340657
0.0020646321510696918
0.0020066685855230607
0.0019491737099831031
0.0018917498280871744
0.0018345451304847304
0.001777573623287887
0.0017208521603133734
0.0016643992334862872
0.0016082366256105045
0.0015523883164534815
0.001496882355926601
0.001441746031157348
0.0013870149528545264
0.0013327236255882835
0.0012789116602650425
0.0012256230202701303
0.0011729002955495713
0.0011207946062183444
0.0010693567704418295
0.001018641523451087
0.0009687090745310441
0.0009196182775516744
0.0008714325285588643
0.0008242173348708299
0.000778038009595101
0.0007329632984143854
0.0006890614391307688
0.0006463962087327778
0.0006050365261248566
0.0005650442801127279
0.0005264791012989885
0.0004893979152344112
0.00045384599839115044
0.00041987427149852916
0.00038751063135075253
0.0003567815905830028
0.00032770975044326247
0.0003003029539392221
0.0002745574228252353
0.00025045289751356094
0.00022797739951233215
0.00020708933135035593
0.00018774334297598833
0.00016988722376068012
0.0001534928274272452
0.00013841721710440254
0.0001246620108243097
0.00011212345465260407
0.00010072644297831469
0.00009038983089850802
0.00008104299596632333
0.00007262194141526289
0.00006501778333918156
0.000058129406784339264
0.00005201863730890976
0.000046491505074231874
0.000041518968351038974
0.00003714019798770346
0.0000331574163241409
0.000029597674393863305
0.000026442885769176002
0.00002357617082186036
0.000020993027749826187
0.000018779602945046454
0.00001682583310805568
0.000014978357601572375
0.000013362680114649947
0.000011888276702530404
0.000010615188898041351
9.494330534547245*^-6
8.467075052028456*^-6