0.012875980632232473
0.012769850067586231
0.012422986590982192
0.011831025024260505
0.011046266490404591
0.010157162355899167
0.009252294581586978
0.008395559500521165
0.0076212340999256434
0.006940890293459338
0.006352601871384008
0.005847989891194752
0.0054164741792051795
0.005047463126979063
0.004731312678967557
0.00445963644654147
0.004225307435665456
0.004022331809430114
0.003845683562156558
0.0036911406647723182
0.0035551391814039705
0.003434650479785567
0.003327081835313345
0.003230198700959805
0.003142066366668042
0.0030610083590264024
0.002985578517000721
0.002914543062236116
0.002846868396258355
0.002781710204317194
0.0027184001038507138
0.0026564276249854287
0.0025954173917394434
0.0025351032994798415
0.0024753025880653273
0.0024158926850073696
0.002356792697152409
0.0022979500357590706
0.002239331465446366
0.002180917303009689
0.0021226975618291203
0.0020646692501104795
0.002006834455854346
0.0019491990425292538
0.001891771877419905
0.0018345644570763753
0.0017775906236135262
0.0017208670315526239
0.0016644122853764595
0.0016081644008145047
0.001552398329845835
0.0014968909794335185
0.0014417537108923884
0.0013870216403887201
0.0013327295864042008
0.0012789169422101243
0.0012256274014615417
0.0011729042176177697
0.00112079791014887
0.0010693596430063409
0.0010186441859415325
0.0009687112864476154
0.0009196201513881621
0.0008714341363504428
0.0008242186110357968
0.0007780393543591409
0.0007329643107672689
0.0006890620285409513
0.0006463969167175072
0.0006050366610375802
0.0005650446790875133
0.0005264794977282043
0.0004893980307498049
0.0004538463313940125
0.0004198765522024773
0.00038750921916427377
0.00035678258973856114
0.00032771131811330713
0.0003003029941617093
0.00027455722120096876
0.00025046122278882325
0.0002279778907087057
0.0002070890341835548
0.00018774299215195206
0.00016988723085943147
0.0001534906434863963
0.0001384181352271358
0.0001246623033565135
0.00011212285359747815
0.00010072692609302121
0.00009038879416939961
0.00008104217350440877
0.00007262184873549085
0.00006501564457457499
0.000058128687770462045
0.00005201825234171805
0.00004649192165167588
0.00004151968614545785
0.00003714555447776344
0.000033158930191124345
0.00002957999677901266
0.000026443031884394085
0.000023577072237543456
0.00002099383991693932
0.0000187881629693244
0.000016826594139658978
0.000014977149619707334
0.000013362255521039462
0.000011926357263905778
0.000010617724458376092
9.49460454193174*^-6
8.469559382310783*^-6