0.003230265437989301
0.0032302404913279793
0.0032301532541433265
0.0032299810904967883
0.0032296948552508835
0.0032292572182879677
0.003228620611307453
0.003227724739455883
0.0032264936083794067
0.0032248320396549564
0.0032226216923422774
0.0032197166868243505
0.0032159390526527516
0.0032110744080874973
0.00320486853265459
0.0031970258054110972
0.003187210806458333
0.003175054618650115
0.0031601673540816665
0.003142157949284037
0.0031206611334877263
0.003095369659006938
0.0030660677223632556
0.0030326597374131974
0.002995188204525767
0.002953835951754545
0.0029089113435609034
0.002860819012373847
0.0028100218081387185
0.002757001009356555
0.0027022212419474763
0.0026461045453836495
0.0025890153265215377
0.002531255352682859
0.002473066079134276
0.0024146350431984973
0.002356103633063618
0.0022975747928933926
0.0022391203344251497
0.002180787976779129
0.00212260811075119
0.002064599973343876
0.002006776733348049
0.0019491492145349816
0.0018917282808448965
0.0018345262173568063
0.0017775569629265673
0.0017208373393899985
0.0016643868962200152
0.0016082250048981039
0.00155237809725889
0.0014968725650388755
0.00144173888376147
0.0013870080060133197
0.0013327179876700935
0.0012789054158590032
0.00122561836838314
0.0011728959416097225
0.0011207918035433834
0.0010693574539001442
0.0010187080584377608
0.000968706255629236
0.000919616712623904
0.0008714305939283199
0.000824216284330759
0.0007780364556559823
0.0007329619374450375
0.0006890607234980276
0.0006463961087358169
0.0006050361801845999
0.0005650434293175829
0.0005264787527621384
0.0004893956827312895
0.00045384552489157484
0.00041987578491768564
0.00038751260171840916
0.00035678144449533385
0.0003277083313942958
0.0003003019592791193
0.0002745564610153991
0.00025045301538164456
0.00022797300638187926
0.00020708952438036694
0.0001877439916286424
0.00016988679449649293
0.00015350524317070651
0.0001384170057376606
0.00012466142062959968
0.00011212636393811126
0.00010072496833290123
0.00009038860076660462
0.00008104662764715007
0.00007262338460633014
0.0000650191920894382
0.00005817132952695956
0.00005202174725938572
0.000046490222022192105
0.00004151511458823624
0.000037148401759828074
0.000033142753874615256
0.000029596403984807645
0.00002644095260927197
0.000023577991397287105
0.000020974838605666682
0.0000187772496972373
0.00001682972723085471
0.000014981221077162498
0.000013365244133639924
0.000011887462042078695
0.000010620705606680074
9.495821208950504*^-6
8.455910987114759*^-6