0.005194369453422009
0.005192681322967599
0.005186802871912694
0.005175313743492151
0.0051565340192457065
0.005128569756090717
0.005089421633308395
0.005037172511505409
0.004970253265460197
0.0048877561838104495
0.004789728526303756
0.004677354128349432
0.0045529412132243804
0.004419688729450984
0.004281281259925544
0.0041414223414938285
0.004003425538735373
0.003869943060418173
0.00374285243911224
0.003623274446488675
0.0035116743566129417
0.0034080003495832165
0.0033118260168731217
0.003222478709744454
0.0031391466741491963
0.003060964321194887
0.002987077482386166
0.002916690709313398
0.0028490981461845905
0.0027836993334526615
0.0027200019037912537
0.0026576142123207907
0.002596231796365614
0.0025356216072140434
0.002475607088940217
0.0024160558209779187
0.0023568700970772634
0.0022979799209206352
0.002239337560598292
0.0021809129302232232
0.0021226894518292477
0.002064660422701946
0.002006826077213486
0.0019491914609715993
0.0018917651353385866
0.0018345585193701153
0.001777585294383719
0.001720862303142951
0.0016644084537541573
0.0016082442502594568
0.0015523955061409063
0.0014968867241852667
0.001441751510027628
0.0013870198094359596
0.0013327274203278495
0.0012789147378392126
0.001225626348458546
0.001172902770955435
0.0011207970660311766
0.0010693586977857093
0.001018642724463993
0.000968710313982345
0.0009196193980059747
0.0008714334956025329
0.0008242184371979463
0.0007780385521321556
0.0007329637932323008
0.0006890616847630875
0.0006463970551202755
0.0006050369776989813
0.0005650445980662176
0.0005264794807608271
0.0004893971481852462
0.0004538462768509888
0.0004198758570164879
0.00038751196005477434
0.0003567828091598455
0.00032770972343784704
0.00030030340605421665
0.00027455959627632347
0.0002504532509048525
0.0002279779774649851
0.00020708809444509434
0.00018774311253222684
0.00016988709421007257
0.00015349755439790638
0.00013841657245774525
0.00012466153239060597
0.00011212516702779322
0.00010072619998663506
0.00009038906968275821
0.00008103751863527081
0.00007262143975445149
0.00006501827887907498
0.00005813128972097616
0.000052019814903185924
0.000046492151720642575
0.00004151679499422612
0.00003714706178721762
0.000033144130349296894
0.00002959445645030732
0.000026443442992599252
0.000023576663456710797
0.000020994911169364158
0.000018779284264428668
0.00001682443186572578
0.000014978225161337835
0.000013362519767460651
0.000011887232364491531
0.000010614923912469283
9.495085189420725*^-6
8.457670894218424*^-6