0.003951941563826212
0.003951723601721328
0.003950962077662329
0.003949462286927682
0.003946977790698862
0.003943200737047743
0.00393775248656651
0.003930176093088446
0.003919933061520095
0.003906407793339313
0.0038889239681361813
0.0038667772760097763
0.0038392876402801495
0.003805870551744903
0.0037661210979711523
0.003719896762339028
0.0036673789713425275
0.003609092728753302
0.003545871386173448
0.0034787685834050982
0.0034089358271020497
0.0033374944184110717
0.0032654298964408107
0.0031935270736567533
0.0031223496848124346
0.0030522566459823225
0.0029834403600280746
0.0029159718103434597
0.002849840828719976
0.0027849856481872285
0.0027213114128664772
0.002658701036275063
0.0025970228132267616
0.002536138075390512
0.002475909875573951
0.00241621189875734
0.0023569358210352143
0.0022979957204520836
0.002239329037621748
0.0021808945491564825
0.002122668479016893
0.0020646400407782193
0.0020068074221021386
0.0019491747773441616
0.0018917503621943452
0.0018345454341864363
0.0017775738885878031
0.001720852264613449
0.001664400725548783
0.0016082365004149487
0.001552388122198054
0.0014968813849892838
0.001441747180259108
0.001387014654813059
0.0013327237730476277
0.0012789093157659828
0.0012256228351441695
0.001172900447105402
0.0011207958724274714
0.0010693614366425717
0.0010187396851286598
0.0009687074390782049
0.000919618659999706
0.0008714314874816776
0.0008242176895900934
0.00077803824876465
0.000732964131441177
0.0006890600641519095
0.0006463957869987639
0.0006050369910399018
0.0005650438093162686
0.0005264791905062044
0.0004893962139646573
0.00045384515151511136
0.00041987856441971295
0.00038751511516715875
0.00035678165288153445
0.0003277078873420945
0.0003003016114590682
0.000274557694545034
0.0002504533084062551
0.00022797549285958
0.00020708730612050005
0.00018774536744134906
0.00016988632118948487
0.00015349391381434894
0.00013841629958016863
0.00012465964952404956
0.00011212629718433716
0.00010072442058845364
0.00009038572501214821
0.0000810451530157314
0.0000726225909203743
0.00006502093720909085
0.00005813106116477266
0.000052016715986926016
0.000046491059673528874
0.00004151613397555517
0.00003715113471060416
0.00003314363790296522
0.00002959515734907898
0.00002643936879102325
0.00002357946805342701
0.000020976670318147167
0.00001877635107249756
0.00001683140739671273
0.000014983564690863667
0.000013362196400364915
0.000011889282214592955
0.000010619216167508236
9.494670951092012*^-6
8.458276427996174*^-6