0.003723929778927289
0.0037238129207144187
0.00372340446986463
0.003722599281401076
0.003721263205211177
0.003719226728145757
0.0037162778573382365
0.003712154803529941
0.003706539095748921
0.003699050427838775
0.0036892451072735133
0.0036766206488770686
0.003660629539530235
0.0036407051177900153
0.0036163013444805285
0.003586945519786284
0.00355229871215585
0.0035122137311035763
0.003466776969293076
0.0034163209364207847
0.003361400293480197
0.003302734387523129
0.003241129494578862
0.003177399296122734
0.0031123000897652544
0.003046489456075509
0.002980507949555046
0.002914777137979778
0.0028496059007448488
0.002785199401445192
0.0027216689590148302
0.002659043910839418
0.0025972868904134464
0.002536312836087233
0.002476009797579937
0.002416258853173804
0.002356949940573179
0.002297991975958963
0.0022393170434661432
0.0021808797431737918
0.002122653560516926
0.0020646261363287876
0.002006794887727715
0.0019491636154940323
0.0018917405118082432
0.0018345367484903156
0.0017775662119235449
0.0017208456984100279
0.0016643963689308215
0.0016082314381333663
0.0015523835561051457
0.0014968774861479168
0.0014417448562974173
0.0013870114447201533
0.0013327209426335829
0.00127890977011753
0.0012256209141257254
0.0011728986107946504
0.0011207929952176232
0.0010693555223133362
0.0010186414470708012
0.0009687045910896587
0.0009196180938729552
0.0008714322283851967
0.0008242178423079172
0.0007780377067617373
0.0007329660343171788
0.0006890593144270721
0.0006463952519568992
0.0006050382961263964
0.0005650441361162167
0.0005264790122097308
0.0004893952200084336
0.000453843836121065
0.0004198716575684772
0.00038751728340624756
0.0003567815943402732
0.00032770717175327723
0.0003003005849286959
0.00027455768238100135
0.0002504528471901167
0.0002279752068564831
0.00020708935201836407
0.0001877478853334798
0.00016988593376588565
0.00015349580660553174
0.00013841454375913178
0.00012466024403602787
0.00011212632080413456
0.00010072237658544485
0.00009038325609048033
0.00008104746705140681
0.00007262150939614474
0.00006502337188108242
0.00005817505989628669
0.00005201472410278259
0.00004648567435764223
0.00004154975394886383
0.00003715881384345039
0.000033144856743509144
0.000029594605430913013
0.0000264398605552105
0.000023579502659257543
0.000020980093976173478
0.00001877322914095461
0.000016835999419388374
0.000014986993684925532
0.000013364208287068915
0.000011885508177684517
0.000010618856310752467
9.496159352565432*^-6
8.458545938444462*^-6