0.003878872944805138
0.0038786583700214446
0.003877908691638161
0.003876432280261146
0.0038739866592044326
0.003870269055944677
0.0038649073116968358
0.0038574527088329723
0.0038473771470715675
0.0038340780859105507
0.0038168955038258142
0.0037951452818948328
0.0037681721278600222
0.003735421611856639
0.003696524806553527
0.003651381456961336
0.0036002214308498677
0.0035436234626808347
0.0034824778298086015
0.003417894504231224
0.003351074812684216
0.003283175093238165
0.003215190808377223
0.0031478803322731856
0.0030817346662782383
0.0030169883041115068
0.002953660209313066
0.00289161213825398
0.0028306125494334776
0.002770396405264838
0.002710713534689621
0.002651360909286117
0.0025921973699895647
0.0025331427515007925
0.0024741661544231955
0.0024152693926944814
0.002356471029425022
0.002297794416283442
0.0022392607929938133
0.0021808867278285946
0.0021226843719293078
0.00206466301226812
0.0020068308545492116
0.001949196477441887
0.0018917698046632737
0.0018345626767365699
0.0017775891223472846
0.001720865615778267
0.0016644110192243224
0.0016082468560089335
0.001552397303722415
0.0014968896866578468
0.0014417541209221026
0.0013870209246872255
0.001332729203431118
0.0012789168561639604
0.0012256268679225087
0.001172903990286312
0.0011207948879871663
0.0010693593583501805
0.0010186443637232629
0.0009687072764169657
0.0009196238660880391
0.0008714343509106339
0.0008242183923320142
0.0007780424394442935
0.0007329601607900355
0.0006890615001550925
0.0006463970275540662
0.0006050368571068671
0.0005650450974732366
0.000526479450832411
0.0004893977122261667
0.00045384656673469513
0.00041987411162087876
0.00038750861554825994
0.00035678224892089956
0.00032771093093978565
0.00030030152199790285
0.00027455209130644527
0.0002504598766495298
0.000227976354142621
0.00020708533551933302
0.000187752336784278
0.00016988771468811516
0.00015348523022035474
0.00013841744277573098
0.0001246620395036889
0.00011212277010489482
0.00010072682947043802
0.00009039089449592455
0.00008104292588420931
0.00007262152276410424
0.0000650175344097511
0.00005812290989320548
0.000052016123435048124
0.00004649729192642003
0.00004152173628925268
0.00003714166496751785
0.00003316107884959649
0.00002958466955805402
0.00002643832637021376
0.000023580714708577224
0.000020992581981264465
0.000018788356607620404
0.000016826843429215546
0.000014974859742961828
0.000013362317712244344
0.000011927219345795707
0.000010622706998145415
9.493620348874771*^-6
8.468577321344696*^-6