0.0034745448977982216
0.0034744989590176473
0.003474338323983966
0.0034740213567232537
0.00347349451516001
0.0034726893448843595
0.003471518839527602
0.003469873102270895
0.003467614281992543
0.003464570833656723
0.003460531284514752
0.003455237898359392
0.0034483809424688985
0.0034395946894902876
0.003428456814284582
0.003414493399509901
0.003397192171409806
0.0033760265492165475
0.003350492198682638
0.003320155638362225
0.003284710949781237
0.0032440363387998797
0.0031982386221485358
0.003147672713560185
0.0030929265123953924
0.003034769317142226
0.002974071888224759
0.0029117139417393608
0.0028484969284778678
0.0027850802095759145
0.0027219455792230176
0.0026593939998019642
0.002597566646937915
0.002536483096413023
0.002476080399639976
0.0024162583256892994
0.0023569073036763684
0.002297929017409757
0.002239247642355616
0.0021808118595837145
0.002122590796004351
0.002064569637060589
0.0020067447048688863
0.0019491188827944598
0.0018917009725702687
0.0018345021747542766
0.001777535126534395
0.001720824242292374
0.0016643691119741133
0.0016082102012316014
0.0015523651206971719
0.0014968613149359514
0.0014417284043430642
0.0013869952723446757
0.0013327064459515278
0.0012789010008537954
0.0012256156435506752
0.0011728918723451396
0.0011207868000232676
0.0010693499743572507
0.0010186374189025673
0.0009687034813058402
0.0009196150611706709
0.0008714285511901524
0.0008242144744190419
0.0007780344633848599
0.0007329619209321201
0.0006890587213552796
0.0006463949488071843
0.0006050353936386033
0.0005650428427752212
0.000526477395835775
0.0004893947039281114
0.0004538454388909142
0.0004198735191580296
0.0003875317564379987
0.00035681693988856886
0.00032770779457652794
0.0003003048503615496
0.00027456496968119074
0.0002504585672105094
0.00022797909845343638
0.00020708184055281988
0.00018773485260283615
0.00016989105737579393
0.0001534723859702212
0.0001384151552889078
0.00012480219405373
0.00011211978102488122
0.00010073015726393596
0.00009038729689878033
0.00008105032426696265
0.00007262189954629087
0.00006502700554048485
0.00005818156980805776
0.000052016795812438806
0.00004646981759653258
0.000041551057703622394
0.00003714910718262485
0.00003314085381674547
0.000029582739698817842
0.000026562411512530412
0.0000235807953866541
0.000020976779896102753
0.000018787346498949475
0.000016846633009207173
0.000014982020895254219
0.000013365863027389716
0.000011887336947454104
0.000010619860371324742
9.491867896700626*^-6
8.468918446881163*^-6