0.012902771812666563
0.01279664005697663
0.012449772415178173
0.011857802627590841
0.011073030423557353
0.010183905382463656
0.009279007184218549
0.008422229264270237
0.007647844946885857
0.006967421540056871
0.006379027078259686
0.005874275477221558
0.005442577778086757
0.00507333168060078
0.004756880291175135
0.004484822070792085
0.004250012547603653
0.004046438327937959
0.0038690524326112094
0.003713611700501267
0.0035765329265334163
0.0034547730130912602
0.0033457333237302575
0.0032471862577318038
0.0031572208752080684
0.0030742039042345303
0.00299675149022792
0.0029237069591316325
0.002854120057738386
0.0027872247445646144
0.0027224137222962436
0.0026592119216445713
0.0025972501593549946
0.002536242099569101
0.0024759660786801874
0.0024162515833698276
0.002356969855095708
0.002298026902207382
0.0022393576630339983
0.0021809204777335006
0.00212269168764192
0.002064660663068705
0.0020068256759880054
0.0019491909095517546
0.0018917645890374436
0.0018345580359215964
0.0017775849430449963
0.0017208619100519038
0.0016644082592264387
0.0016082439429264265
0.0015523947154057816
0.0014968862243970968
0.0014417514300426484
0.0013870197957492989
0.0013327270389118394
0.0012789142747751383
0.0012256264451434057
0.0011729025166378078
0.0011207971130388983
0.0010693617369194122
0.0010186440327460686
0.0009687100580846529
0.0009196196768053076
0.0008714333397166793
0.0008242185416425217
0.0007780385134052001
0.0007329636533439519
0.000689061882781814
0.0006463971058302568
0.0006050370207094162
0.0005650447210845606
0.0005264794297955118
0.0004893971077362282
0.0004538461359965722
0.0004198754221797136
0.0003875128349546414
0.00035678171102768326
0.0003277089938734424
0.0003003035344694775
0.00027455628317884443
0.0002504532348555011
0.00022797759408630403
0.0002070887548179693
0.00018774352419807902
0.00016988705967025162
0.00015350078322679689
0.00013841654465086972
0.00012466149902602157
0.0001121254464403146
0.00010072609619612665
0.00009038834687023103
0.00008103746257424847
0.00007262151804057614
0.00006501766146318206
0.00005813096216337547
0.0000520189327651173
0.00004649242667683567
0.00004151531021533486
0.00003714801776784513
0.000033143720820962575
0.000029593357713670882
0.00002644052030074627
0.000023578128145624476
0.000020994547033472678
0.00001877895410201668
0.000016825648298406063
0.000014981182530358403
0.00001336413551542887
0.000011888464344951755
0.000010614149807276192
9.496551098331085*^-6
8.456429633678745*^-6