0.003199762725563396
0.003199739187162409
0.0031996568747651305
0.0031994944310390514
0.0031992243582307685
0.003198811438292969
0.003198210797895293
0.0031973655644768036
0.0031962040677085057
0.003194636562316161
0.0031925514910740426
0.003189811381419976
0.003186248588015697
0.0031816612686070586
0.0031758102172927917
0.003168417466184337
0.003159167858231746
0.0031477149930322816
0.0031336928934040144
0.003116734231475805
0.0030964948216143625
0.003072682382547069
0.0030450855561052546
0.003013597904053032
0.0029782314883295734
0.002939116764405819
0.002896488907804044
0.0028506642220529725
0.0028020122494199374
0.0027509289239899624
0.002697814125781409
0.0026430546218713744
0.0025870117198464842
0.0025300123855954795
0.002472342838342479
0.00241424428122938
0.002355911013250492
0.0022974914246285897
0.002239092124139808
0.002180784807113188
0.002122614765871623
0.0020646095538260074
0.0020066502482725874
0.0019491582525959354
0.0018917363759290242
0.0018345333361041412
0.001777563262712065
0.0017208430578594329
0.0016643912397878162
0.0016082296105071209
0.0015523821656343098
0.0014968769689807447
0.0014417413183502167
0.0013870108357527978
0.0013327200343578691
0.0012789085327014177
0.0012256203019917868
0.0011728979374377865
0.0011207925649556426
0.0010693550075311757
0.0010186400044874336
0.0009687077696231543
0.0009196171595683161
0.0008714315736346366
0.0008242165218858093
0.0007780373197918176
0.0007329627152596891
0.0006890609481763394
0.0006463957969430067
0.0006050361823148606
0.0005650439943674009
0.0005264788649251267
0.0004893977218217816
0.0004538458389807988
0.0004198741468208856
0.00038751052992945376
0.0003567815055968304
0.0003277096813395227
0.0003003028996813323
0.00027455739533696687
0.0002504528627826172
0.0002279773662204495
0.0002070893267790921
0.00018774334277193452
0.00016988720444091629
0.00015349308370408808
0.00013841721072821832
0.00012466206435913642
0.00011212346997069449
0.00010072645251965496
0.00009038982631287119
0.00008104287444245707
0.00007262216313600932
0.0000650179966978657
0.000058128919074848395
0.000052018672928774724
0.000046492120856758366
0.00004151936524735264
0.00003714032835910473
0.000033157358214227745
0.000029597578206391605
0.000026442678339977785
0.000023575927616893146
0.000020992872560861142
0.000018779341493061738
0.000016826352339752458
0.000014978427230634721
0.000013362663008838003
0.00001188794378486558
0.000010614784689044836
9.49421912424945*^-6
8.467145791224767*^-6