0.00401238356422152
0.004012161761014294
0.004011386805287609
0.004009860509133133
0.004007331951910912
0.004003487546816365
0.003997941356831911
0.0039902272036154
0.003979794987021356
0.003966014626997767
0.003948191887606312
0.003925600526575921
0.003897533965700097
0.0038633761996573228
0.003822685696762625
0.003775278466876134
0.0037212909446807177
0.0036612017764790124
0.0035958005448744053
0.003526105351697408
0.0034532477922012894
0.0033783533878813674
0.0033024442354638857
0.0032263797501164656
0.003150836943546649
0.0030763201632985297
0.00300318530651628
0.002931665238540086
0.0028618890167941575
0.002793894171886508
0.00272763553722279
0.002662995816227135
0.00259980081952688
0.002537840130697207
0.0024768901040886264
0.0024167363892499474
0.0023571911961007917
0.0022981036733642547
0.00223936297772475
0.00218089515664242
0.0021226562533904867
0.002064624223538373
0.0020067916920905792
0.0019491602914887083
0.0018917373860621474
0.001834533942668259
0.0017775637141222897
0.0017208440221722825
0.001664398173448282
0.0016082294405607499
0.0015523821094381612
0.0014968759522237844
0.0014417406904177583
0.001387010075731192
0.0013327196862145839
0.00127890853233448
0.0012256239277952596
0.0011728978433152306
0.0011207925995945734
0.001069355217835811
0.0010186412105421929
0.0009687077801133754
0.0009196184025497434
0.000871432295491623
0.0008242169306072637
0.0007780373662650429
0.0007329686355448732
0.0006890597387272713
0.0006463943338313873
0.0006050389876566675
0.0005650441208428821
0.0005264791494027427
0.0004893983458760937
0.00045384232482513276
0.000419871928241049
0.0003875212356890751
0.00035678066821253935
0.00032770476965211456
0.00030030257513717585
0.0002745594074371083
0.000250451885730256
0.00022797510351340425
0.00020708356158185081
0.00018773958289981725
0.0001698858076312134
0.00015349975713966333
0.0001384146697126001
0.000124661209917592
0.00011211952635873255
0.0001007239036520154
0.00009040688983770244
0.00008104811680768963
0.0000726196441069535
0.00006502347773036662
0.00005818252080288793
0.00005200450253878166
0.00004648051552599706
0.00004154841970487063
0.000037160141608539006
0.000033137766877271813
0.000029594161097110456
0.00002644189567418729
0.00002358058066933382
0.000020974905315652193
0.000018770036783829636
0.00001683268444915868
0.000014990479611763735
0.000013364919778884647
0.00001187968356591173
0.00001062039000803315
9.50027086715397*^-6
8.455724264439017*^-6