0.005233149946560135
0.005231459860294527
0.005225574569746452
0.005214071942944466
0.005195269774969563
0.005167271192735339
0.005128073139410678
0.005075753735604231
0.005008737874739391
0.004926110342627629
0.004827909052345121
0.004715306290734678
0.004590596154027002
0.004456960523917913
0.004318063690697534
0.0041775855546015775
0.004038812892188475
0.0039043686662913
0.0037761001392380327
0.0036550992159124314
0.0035418073280213055
0.0034361586719867184
0.0033377284326402005
0.003245866886600435
0.003159810902741847
0.003078770371977628
0.003001989754056343
0.0029287860999340424
0.0028585660661158397
0.0027908260919447163
0.002725141575603308
0.002661151640171651
0.0025985451640129775
0.002537051527064118
0.002476436647104893
0.0024165028129331913
0.0023570897117292113
0.0022980744015704104
0.00223936896456961
0.0021809157571329204
0.0021226811195663494
0.0020646488186963903
0.0020068143306499597
0.001949180603894778
0.001891755418125355
0.0018345498628345859
0.0017775777773918942
0.0017208556804638735
0.001664403724872686
0.00160823913225911
0.0015523904295850588
0.0014968834058110996
0.0014417489479735112
0.0013870161990181679
0.0013327251199620471
0.0012789104886603295
0.0012256238546043676
0.0011729013314670381
0.001120796637952229
0.0010693620972168304
0.0010187402443166047
0.0009687079284341652
0.0009196190792545156
0.0008714318455856164
0.0008242179944716931
0.0007780385074380821
0.0007329643501059038
0.0006890602482898948
0.0006463959414067471
0.0006050371199644456
0.0005650439164684359
0.0005264792791371246
0.0004893962868730389
0.00045384521123225627
0.0004198786124127424
0.00038751515406862207
0.0003567816845501171
0.0003277079127171986
0.0003003016316747277
0.000274557710103255
0.00025045332088561255
0.00022797550214934283
0.00020708731119463514
0.00018774536826901434
0.0001698863277210511
0.00015349384421700106
0.00013841630229442223
0.00012465963413152501
0.00011212629334195438
0.0001007244216243935
0.00009038572988619408
0.00008104515245140323
0.00007262249912390437
0.00006502087204477695
0.000058131255324178415
0.00005201672130881257
0.0000464910645014121
0.000041516263750572015
0.00003715106812912169
0.00003314372640030921
0.000029595164591135917
0.00002643932195887513
0.000023579573736116873
0.00002097690029662612
0.00001877644004095338
0.00001683119616612213
0.000014983567199031961
0.000013362227435422643
0.000011889470274842898
0.000010619244583172491
9.495407655401977*^-6
8.4583597520971*^-6