0.00774747512907117
0.007734048764610129
0.007687903760610107
0.007600342660679681
0.007464185629196749
0.007275780283082872
0.007036721952582768
0.00675442217880556
0.006441038309607456
0.006111092938160605
0.005778765463849619
0.005455835693245976
0.005150722720895156
0.004868491325871855
0.004611425864821115
0.004379789620554676
0.004172531191408313
0.003987838494059733
0.0038235280313918727
0.0036772962388169957
0.003546869679985158
0.0034300874771850667
0.0033249417557327963
0.0032295944850949743
0.003142382732623326
0.0030618196584168834
0.0029865947780722494
0.0029155741715230373
0.0028477993372628737
0.0027824824946983493
0.00271899643874536
0.0026568583433154887
0.002595708607951459
0.0025352872040630184
0.0024754104686865773
0.002415950831200925
0.0023568208316540945
0.0022979615460620123
0.0022393346113063145
0.002180916711912697
0.0021226955739086493
0.0020646669197548345
0.00200669622967684
0.001949196982626995
0.0018917700392307997
0.0018345628387625977
0.0017775891745807635
0.0017208658210611165
0.0016644112289407645
0.0016082471516991373
0.0015523975450950312
0.0014968904383955643
0.0014417531015665978
0.0013870211293569672
0.001332729013024152
0.0012789163517519353
0.0012256270979926456
0.0011729038329196606
0.0011207976682616526
0.0010693594149140987
0.0010186438017482406
0.0009687110319370372
0.0009196199545585149
0.0008714339609670762
0.000824218554383955
0.0007780390442922672
0.0007329641730980378
0.0006890621756331078
0.0006463968263826867
0.0006050370418231339
0.0005650447087320798
0.0005264794558369207
0.0004893982062857473
0.00045384623733890357
0.0004198744621314388
0.0003875107861679962
0.0003567817177199711
0.0003277098529564366
0.0003003030350758524
0.00027455747228397363
0.0002504529487322655
0.00022797745666705557
0.0002070893467590987
0.00018774335252959713
0.00016988724964581663
0.00015349251655958281
0.00013841722726240144
0.00012466194288368625
0.00011212343946888215
0.00010072643404102469
0.00009038985658601748
0.00008104316171800143
0.00007262160631767514
0.00006501750225775949
0.0000581301574799675
0.00005201859868067901
0.000046491578812945326
0.00004151949011964737
0.00003713999226940438
0.000033157485969928146
0.000029598172990425645
0.000026443003720611907
0.000023576795305865092
0.000020993703358368344
0.000018781365578198707
0.00001682477521303518
0.000014979597291883234
0.000013362721218532258
0.000011889631615328028
0.000010616962954770367
9.494171119438963*^-6
8.471690279302038*^-6