0.0051710624450363
0.005169375316464125
0.005163500369109014
0.0051520181560554944
0.005133249931404879
0.005105303255929588
0.005066180728782884
0.005013967650288373
0.00494709798070562
0.0048646678905308795
0.004766729494548974
0.004654472658555201
0.004530213034061101
0.004397158626227325
0.00425900491917586
0.00411946835485334
0.003981877449734123
0.0038489012413698773
0.0037224354592245495
0.0036036194445056213
0.0034929357483944566
0.003390346100718843
0.003295430708746131
0.003207512859587669
0.0031257623895735867
0.0030492783631312333
0.0029771540730044238
0.0029085275442930357
0.002842619459280309
0.0027787589766187543
0.002716397164602806
0.002655108124345001
0.0025945791955316183
0.0025345932581708765
0.002475007247296523
0.002415731012594968
0.0023567095707163533
0.0022979101201977097
0.0022393136239766825
0.0021809098492666687
0.002122694581019432
0.0020646680285845453
0.0020068338740902537
0.0019491986892448466
0.0018917715487393571
0.0018345642366743972
0.0017775904511417207
0.0017208668418190458
0.0016644121106761636
0.001608247856629469
0.0015523981759463738
0.00149689072311427
0.0014417535985513717
0.0013870215270625622
0.0013327295768508199
0.0012789170098747992
0.0012256273034676256
0.0011729042185947413
0.0011207983338756482
0.0010693596017270473
0.0010186442929999277
0.0009687113129633838
0.0009196201679283802
0.0008714341504136253
0.0008242186272508425
0.0007780435878106399
0.0007329643451516143
0.0006890618611109408
0.0006463969329733191
0.0006050367350787879
0.0005650445744751697
0.000526479500688651
0.0004893978637396989
0.0004538464331912821
0.00041987585232434874
0.0003875085638993858
0.0003567824477425848
0.00032771119861818766
0.00030030295578511963
0.000274556780200477
0.000250460737529992
0.00022797756047396897
0.00020708845135987357
0.00018774240809754685
0.00016988721624121894
0.0001534895317780758
0.000138417700149904
0.0001246622038412484
0.00011212252192607496
0.0001007266873274213
0.00009038950240393825
0.00008104212534872691
0.00007262154403234662
0.00006501543020144089
0.000058128788259869524
0.000052019010728641626
0.00004649271712617283
0.00004152176662868825
0.00003714341273395731
0.000033159386664155296
0.000029581226266266997
0.000026443271940830634
0.00002357700811418691
0.00002099460210412018
0.000018788583257250586
0.00001682667351471829
0.00001497683211782807
0.000013361959894685577
0.000011926922182314607
0.000010618239668815822
9.49438823721905*^-6
8.469553107980032*^-6