0.0031350422930566217
0.003135025617087038
0.003134967298377139
0.0031348521887791378
0.0031346607605691767
0.003134367958070315
0.003133941775107613
0.0031333415050612923
0.0031325156072281794
0.0031313991352125096
0.003129910684253767
0.0031279488409043047
0.003125388168960775
0.0031220748513629947
0.0031178222420744947
0.0031124067769174803
0.00310556495271831
0.003096992395731715
0.003086346352838369
0.003073253146784109
0.003057322068868748
0.0030381666247892326
0.0030154328193640065
0.0029888322824108402
0.0029581758201494947
0.002923401241116301
0.0028845889655850286
0.002841960727756306
0.002795860413143761
0.002746720588208659
0.0026950217712721682
0.0026412525513053006
0.0025858769814576317
0.0025293123311202464
0.002471916898046169
0.002413985638379833
0.0023557510931337825
0.00229738791299582
0.002239020121949925
0.0021807304565311324
0.0021225707909504786
0.0020645723218841163
0.0020067542083633374
0.0019491299535514684
0.0018917114894103102
0.001834511486721249
0.0017775440199835559
0.0017208259666046648
0.001664376907776238
0.001608216238579293
0.0015523704105308025
0.0014968658321728866
0.0014417329936604424
0.0013870028602573318
0.0013327134990813452
0.0012789015062920006
0.0012256149707450814
0.0011728929941108954
0.0011207892520794867
0.0010693552595478944
0.0010187063078859289
0.0009687046245181813
0.0009196153151786045
0.0008714294002985175
0.0008242152681092349
0.0007780355933923597
0.0007329612084098111
0.0006890601096278061
0.0006463955941176767
0.000605035750390355
0.000565043072120374
0.0005264784573320923
0.0004893954400721817
0.0004538457417850419
0.000419875631844704
0.00038751247792271807
0.0003567813389333796
0.0003277082443890417
0.0003003018909591705
0.000274556412454346
0.00025045297363402645
0.00022797292906100465
0.0002070895272817077
0.00018774482553632693
0.00016988676543495514
0.00015350563119334926
0.00013841699750154237
0.0001246614972988111
0.00011212639591989048
0.0001007249746266225
0.00009038856399849953
0.00008104663270412477
0.00007262370580730362
0.00006501948015316034
0.0000581715166480712
0.000052022784893201944
0.00004649012681355898
0.00004151486078324159
0.000037148638395625545
0.00003314256098700021
0.000029596971794603372
0.000026441733465291114
0.000023578285178657815
0.000020974064522905793
0.000018776909136920434
0.000016830436418732166
0.000014980615489774946
0.000013364522545419328
0.000011886693350445726
0.000010620096865794294
9.496012957768293*^-6
8.455008395961933*^-6