0.0034549370650784174
0.003454870564920845
0.003454638083061941
0.00345417957704334
0.003453418154738209
0.003452256100445396
0.0034505702690097537
0.0034482069313473106
0.0034449763006396384
0.0034406471952635946
0.0034349426200550245
0.0034275374722821336
0.0034180600617878263
0.0034060995591829258
0.003391221624000355
0.0033729939727628064
0.0033510221436626846
0.0033249929910570764
0.003294719831354922
0.0032601797446151454
0.0032215322033994453
0.0031791105961138685
0.0031333846820220165
0.0030849005880417535
0.0030342120571261906
0.002981819078721436
0.0029281268733690993
0.002873431201867621
0.002817928168775391
0.002761740745854073
0.002704951528098183
0.002647631878091871
0.002589860847597298
0.002531731754989709
0.0024733484668345495
0.0024148159650280807
0.0023562301634104804
0.0022976705855912234
0.002239197424297855
0.0021808526512446733
0.002122663767608268
0.0020646485365512462
0.002006819388173007
0.0019491867815584927
0.001891761383728893
0.0018345552984682604
0.0017775826427520343
0.001720859923876288
0.001664406021169579
0.001608242470174454
0.0015523934584802128
0.0014968863189781252
0.001441751175084212
0.0013870183511532387
0.0013327269586724051
0.0012789149013834934
0.001225625168874497
0.0011729025163843643
0.0011207936101968235
0.0010693582564878146
0.001018643414434818
0.0009687064580101619
0.0009196231696993813
0.00087143375413047
0.0008242178841925207
0.0007780420182201571
0.0007329597925364088
0.0006890611932783503
0.0006463967702658788
0.0006050366422066033
0.000565044919271127
0.0005264793031034116
0.0004893975911951815
0.0004538464671619672
0.00041987403307183725
0.0003875085508570657
0.00035678219609592995
0.0003277108906879083
0.00030030148620407624
0.0002745520518596213
0.0002504598995839077
0.00022797633075016083
0.00020708532092673432
0.00018775244622270198
0.0001698877040956254
0.00015348535863918692
0.00013841743936230042
0.0001246620683778124
0.00011212277725103526
0.00010072683389810692
0.0000903908809778714
0.00008104285537441938
0.0000726216612678395
0.00006501765374310143
0.000058122580594979554
0.00005201733686085464
0.000046497285709341845
0.00004152155167291428
0.000037141757982150836
0.000033161078283973186
0.00002958453759739117
0.000026438355001566568
0.000023580543489589384
0.000020992290866413168
0.000018788267488061354
0.000016827257690505927
0.00001497488117907457
0.00001336176034737664
0.000011927249386273626
0.000010622014266601614
9.494043217522164*^-6
8.467481322742156*^-6