0.003257608354703089
0.003257577430892818
0.0032574692985738217
0.0032572559284432547
0.003256901273271015
0.003256359240879505
0.003255571237967916
0.0032544632385838267
0.003252942355697588
0.0032508929427765877
0.003248172336217681
0.00324460648283702
0.0032399858924054017
0.0032340626188971278
0.0032265492907934544
0.003217121525866399
0.0032054252629064653
0.003191090431927405
0.003173751726881043
0.0031530758669424687
0.0031287926334118477
0.0031007247433073853
0.003068810102163266
0.0030331103906263827
0.0029938028849117223
0.0029511571238838756
0.0029055026512600957
0.0028571963114224627
0.002806596384614399
0.0027540469978550594
0.002699871845640968
0.002644373361730912
0.002587832999843063
0.0025305097587660134
0.0024726363229250203
0.002414414022322084
0.002356008631960792
0.002297548799183388
0.002239127951353508
0.0021808093952101373
0.002122633416850254
0.0020646248179319857
0.0020067995426078043
0.0019491696231165288
0.001891746361012631
0.0018345421060408965
0.001777571014962463
0.001720849767880347
0.0016643971177383837
0.001608234699984248
0.0015523477828972467
0.0014968806205879683
0.0014417447608765183
0.0013870138066728959
0.001332722842722284
0.0012789111455682662
0.0012256222063997577
0.0011728997969395623
0.0011207945066366127
0.0010693562961665067
0.0010186414450973375
0.0009687088662180637
0.0009196180716814927
0.0008714323599089236
0.0008242171028357849
0.0007780423277696915
0.0007329632517862286
0.0006890609404983012
0.000646396160901208
0.0006050360903402264
0.000565044038647655
0.0005264790575108506
0.000489397500157185
0.0004538461344601093
0.00041987561836436676
0.0003875083698764084
0.0003567822894786355
0.00032771107176437494
0.00030030285429345673
0.00027455672008090806
0.0002504608149315635
0.00022797749514374193
0.00020708843469960102
0.00018774239865797018
0.00016988718193331989
0.00015348994123872905
0.00013841768935557024
0.00012466229384616433
0.0001121225415882429
0.00010072669920436219
0.00009038945318121612
0.00008104209684407699
0.00007262196056731724
0.00006501577601733694
0.000058126514957666175
0.0000520190677387053
0.00004649261838723276
0.00004151759157201602
0.00003714154616824592
0.000033159298073890554
0.00002959882553458424
0.000026443389814759462
0.000023576418828612524
0.000020993996888811995
0.000018783906749383003
0.000016827828321109863
0.000014977377393880685
0.000013362015505762432
0.000011889078049604525
0.000010616345708398653
9.494075826872285*^-6
8.467338913868558*^-6