0.003622572687052552
0.003622460854018808
0.003622069976275948
0.0036212994699900613
0.003620021067907498
0.0036180727689140296
0.003615252187704562
0.003611309713889563
0.0036059422450144306
0.0035987887530062163
0.003589429561737121
0.003577391861689859
0.003562164444342166
0.003543224514079036
0.003520078203813077
0.0034923136112589835
0.00345966076481363
0.0034220478755642497
0.003379639594033222
0.0033328434672236238
0.003282276903398978
0.003228697583447891
0.0031729113072106628
0.0031156778225267393
0.0030576345533317394
0.002999251341937932
0.002940819950637712
0.002882473716569922
0.0028242277194884713
0.002766027472836764
0.0027077953340312834
0.002649466031158939
0.002591006929102215
0.002532422832227769
0.0024737491201270835
0.0024150388571978166
0.0023563494797071215
0.00229773285395672
0.002239230136698205
0.0021808709432696986
0.0021226753271059414
0.0020646569429389828
0.002006826172977359
0.0019491925635422337
0.0018917664198326754
0.0018345597150035032
0.0017775865256613008
0.0017208633335390148
0.0016644090109882799
0.0016082450903954302
0.0015523957559601044
0.0014968883000848212
0.0014417527748581498
0.0013870198871032149
0.0013327288135138776
0.0012789160993768446
0.0012256261797288692
0.0011729034067772188
0.0011207945922820021
0.0010693584477966419
0.0010186440110708528
0.000968707269948836
0.0009196232598277991
0.0008714340835899979
0.0008242181771607051
0.0007780421434321875
0.0007329603266043142
0.0006890613609972605
0.0006463973497392482
0.0006050367881199161
0.0005650449853512536
0.0005264793976273458
0.000489397610541967
0.00045384641385522764
0.00041987393928716375
0.0003875085477522732
0.00035678217681631906
0.00032771044116014655
0.00030030158899327906
0.0002745537496621254
0.0002504598047660087
0.00022797622485211283
0.00020708555524251673
0.00018775218185738675
0.00016988773139281
0.0001534850429856719
0.00013841739179578532
0.00012466201240005556
0.00011212272788837765
0.00010072681089405733
0.00009039143418751387
0.00008104284650169192
0.00007262165167709637
0.00006501738126854357
0.00005812294091057996
0.00005201796050005632
0.000046497257577355555
0.00004152181630587553
0.00003714136570062233
0.000033161119624092136
0.000029584390057995628
0.000026438323485228774
0.000023582120739321995
0.000020992216608392906
0.000018788359454185134
0.00001682716485492575
0.000014975170950101734
0.000013362297168657859
0.000011927286669722384
0.000010622620202450548
9.49357327530724*^-6
8.468533374034148*^-6