0.0038381306417703243
0.0038380280964791427
0.003837669592651356
0.003836962499326109
0.0038357881296523836
0.0038339955419996632
0.003831394314447642
0.003827746390815679
0.0038227573089471356
0.003816067459228046
0.003807244520218829
0.003795778865637072
0.0037810846062131683
0.003762509619516816
0.0037393585116650726
0.003710932067752164
0.003676584983878384
0.003635799855151456
0.003588270128353792
0.0035339777476275534
0.003473247719832628
0.0034067616666681785
0.003335519508422373
0.003260751546351804
0.00318379575512654
0.003105964735717493
0.003028427295292415
0.002952123101487681
0.0028777184272912927
0.0028056011982169407
0.002735907175651104
0.002668566666131099
0.002603361533301384
0.0025399839815062565
0.0024780904903461782
0.00241734608138521
0.0023574558201319576
0.002298182558095255
0.0022393463856317524
0.002180846381323335
0.0021225961744585674
0.0020645643285476783
0.002006736411479886
0.0019491109825321758
0.0018916927112397105
0.0018344943149102967
0.001777524342724387
0.0017208132571840337
0.0016643641199293382
0.0016082051631392874
0.0015523613963767144
0.001496857518716785
0.0014417293334383257
0.0013869668007288859
0.0013327086892327097
0.0012788982944645206
0.001225613257343767
0.0011728925813587786
0.0011207854830896336
0.001069348567065832
0.0010186356927566274
0.000968699811646922
0.0009196221534420654
0.0008714292319225098
0.0008242166697013896
0.0007780351585292046
0.0007331246230928614
0.000689058509812416
0.0006463952960086561
0.0006050344582391713
0.0005650423128338103
0.0005264783096423107
0.0004893942181378538
0.00045384624311339914
0.00041987823871644163
0.0003875583419161381
0.0003567799158105658
0.00032770674610659804
0.0003003010118693973
0.0002745658649876733
0.00025044807205607726
0.0002279744842119629
0.00020708164716071994
0.00018773689655039797
0.00016989435427610964
0.00015367508683256879
0.00013840670265633493
0.0001246595589317668
0.00011210370508017793
0.00010073373578845852
0.0000903833324485113
0.00008103704866323539
0.00007263273147279483
0.00006501775832794344
0.00005818251541816016
0.000052018154205708176
0.00004645531849103741
0.000041559397083085474
0.00003713708884945712
0.00003315914623554327
0.000029569272864664184
0.000026464341449247765
0.000023579068611302867
0.000020988918902783752
0.000018784729146222108
0.00001684369255079802
0.00001498641426365404
0.000013367559286680595
0.000011923114213109056
0.000010621186439164851
9.492128054304033*^-6
8.464703699399448*^-6