0.004480662653468982
0.0044801492360425485
0.004478356950290967
0.004474833965010397
0.004469017791507524
0.004460222765651266
0.004447634726110063
0.004430318904552489
0.004407248537536311
0.004377361864212908
0.004339652473992818
0.004293290936414744
0.004237764073641905
0.004173004809220266
0.004099476482093255
0.004018178443744248
0.003930558287871568
0.0038383449488483845
0.003743342993610092
0.0036472387426627006
0.0035514594623769157
0.0034571046592841237
0.0033649450686793697
0.003275469024245268
0.0031889503091850962
0.0031055145902184524
0.0030251896383167126
0.0029479340935979967
0.0028736477778599713
0.002802172079861117
0.0027332886390847243
0.0026667241977199043
0.0026021634740652326
0.002539270281477704
0.002477710949680322
0.002417179039623252
0.002357412585734076
0.002298204067550084
0.0022394021747948346
0.0021809061899008874
0.0021226557775965832
0.0020646197896331494
0.002006786369354486
0.0019491550711391518
0.0018917326347395208
0.0018345297654684266
0.001777559861880998
0.0017208420833311003
0.0016643882374240116
0.0016082268460875706
0.0015523797194524015
0.0014968739886254425
0.0014417382584871457
0.0013870076009927298
0.0013327174033271254
0.0012789082151553745
0.0012256202428155187
0.001172897319527242
0.0011207916566802428
0.0010693542461867218
0.0010186408235879484
0.0009687074207511577
0.000919618362272567
0.0008714348060176758
0.0008242160379861761
0.0007780370860754708
0.0007329738247797245
0.0006890598231850592
0.0006463951398138513
0.0006050363878539435
0.0005650438408190416
0.0005264791490981497
0.0004893972220039971
0.0004538463359551424
0.0004198728073408726
0.0003875245067714319
0.0003567813872143032
0.00032770041129606713
0.00030030265289649404
0.00027456187214725854
0.00025045693936059964
0.0002279759650872548
0.00020708164197402485
0.00018773633267622105
0.00016988966112585198
0.00015346928538993552
0.0001384120673945753
0.00012466211538468452
0.00011212170480111758
0.00010073052285356291
0.00009038706720513358
0.00008104861887063165
0.00007262109418885207
0.0000650248438901314
0.00005817910709843856
0.000052003561928627656
0.000046473777706858745
0.00004154776557424005
0.00003715219050035341
0.00003314296093177445
0.000029588795385245638
0.000026444276849018583
0.000023579766004708847
0.00002097744490443561
0.000018767356110152968
0.000016832156298567646
0.000014989927016055853
0.000013366943617928392
0.000011887555881413386
0.000010617503796031853
9.494580989643957*^-6
8.474956009235179*^-6