0.012946223180887274
0.012840089119685368
0.012493213415572092
0.011901227716641595
0.01111642905800412
0.010227263567512994
0.00932230652577686
0.008465445790051323
0.007690947651003338
0.007010370603097001
0.006421771716603712
0.0059167513851229245
0.005484704149060944
0.005115007838623676
0.0047979820369290355
0.004525197965312677
0.004289480525908242
0.00408478326287349
0.003906025541949544
0.003748932964034302
0.003609897860848772
0.0034858650892915346
0.0033742428123767353
0.0032728351525992184
0.0031797919318388634
0.00309356966973021
0.0030128977579943405
0.0029367446990788797
0.002864281545004806
0.0027948428369270516
0.002727888082163711
0.002662968186487001
0.0025997004495381254
0.002537753600055155
0.002476841510175076
0.0024167225652003094
0.0023572008111394805
0.002298125902712452
0.0022393902084130216
0.002180922952039768
0.002122682451926518
0.0020646480261932096
0.0020068129353295336
0.0019491791425439993
0.0018917540675520517
0.0018345486514450033
0.0017775766924305093
0.0017208547920177408
0.0016644035342839843
0.001608238445720849
0.0015523897775644776
0.0014968828734764376
0.0014417489419995097
0.0013870157032886809
0.001332724675214869
0.0012789096851292879
0.0012256236030148981
0.0011729010483655545
0.0011207970698371961
0.0010693572652477692
0.001018642933758673
0.0009687070104334012
0.0009196190683990051
0.0008714312081066354
0.0008242181540232717
0.0007780384217575996
0.0007329658080413794
0.0006890600747316315
0.0006463958959395765
0.0006050373324037341
0.0005650441159398062
0.000526479281639208
0.0004893959287963065
0.00045384476585067667
0.00041987190722019165
0.00038751551039955195
0.0003567816368539365
0.0003277079867395446
0.0003003011067768901
0.0002745581073668013
0.0002504528025171122
0.0002279752593342742
0.00020708789878173673
0.0001877459834921238
0.0001698859608282502
0.00015349421271299395
0.0001384150135266619
0.00012465935823405383
0.00011212413293791073
0.00010072307497741617
0.00009038578144528764
0.00008104647271677826
0.00007262125558676175
0.00006502193026230889
0.00005813318232427879
0.00005201408332864061
0.000046491414053209036
0.00004151671397686348
0.000037153426012779694
0.00003314496561453993
0.000029597034379752034
0.000026439450699981827
0.000023578942127890747
0.000020979699412755254
0.00001877625286667988
0.00001683597775863652
0.000014986525810291143
0.000013363190243449543
0.000011886497316344086
0.000010618938476415817
9.495170658626878*^-6
8.458381773000226*^-6