0.005194369453422009
0.005192681322967599
0.005186802871912694
0.005175313743492151
0.0051565340192457065
0.005128569756090717
0.005089421633308395
0.005037172511505409
0.004970253265460197
0.0048877561838104495
0.004789728526303756
0.004677354128349431
0.0045529412132243804
0.004419688729450984
0.004281281259925544
0.004141422341493829
0.004003425538735373
0.003869943060418173
0.0037428524391122393
0.003623274446488675
0.0035116743566129417
0.003408000349583216
0.0033118260168731217
0.003222478709744454
0.003139146674149197
0.003060964321194887
0.002987077482386166
0.0029166907093133975
0.0028490981461845905
0.0027836993334526615
0.0027200019037912537
0.0026576142123207907
0.002596231796365614
0.0025356216072140434
0.0024756070889402166
0.0024160558209779187
0.0023568700970772634
0.0022979799209206352
0.0022393375605982914
0.0021809129302232232
0.0021226894518292477
0.002064660422701946
0.002006826077213486
0.0019491914609715989
0.0018917651353385866
0.0018345585193701153
0.0017775852943837192
0.0017208623031429507
0.0016644084537541573
0.0016082442502594568
0.0015523955061409063
0.0014968867241852667
0.001441751510027628
0.0013870198094359592
0.0013327274203278495
0.0012789147378392126
0.001225626348458546
0.001172902770955435
0.0011207970660311766
0.0010693586977857093
0.001018642724463993
0.000968710313982345
0.0009196193980059747
0.000871433495602533
0.0008242184371979463
0.0007780385521321557
0.0007329637932323008
0.0006890616847630875
0.0006463970551202755
0.0006050369776989813
0.0005650445980662175
0.0005264794807608271
0.0004893971481852462
0.0004538462768509888
0.0004198758570164879
0.00038751196005477434
0.0003567828091598455
0.00032770972343784704
0.00030030340605421665
0.00027455959627632347
0.00025045325090485254
0.0002279779774649851
0.00020708809444509434
0.00018774311253222682
0.00016988709421007257
0.00015349755439790635
0.00013841657245774525
0.00012466153239060594
0.00011212516702779324
0.00010072619998663506
0.00009038906968275821
0.0000810375186352708
0.00007262143975445148
0.00006501827887907498
0.000058131289720976176
0.00005201981490318594
0.000046492151720642575
0.00004151679499422613
0.00003714706178721762
0.0000331441303492969
0.00002959445645030731
0.00002644344299259926
0.000023576663456710797
0.000020994911169364154
0.000018779284264428674
0.000016824431865725785
0.000014978225161337837
0.000013362519767460651
0.000011887232364491533
0.000010614923912469285
9.495085189420727*^-6
8.457670894218422*^-6