0.0031045395806207944
0.0031045243129115474
0.0031044709189890257
0.003104365529311491
0.0031041902635391637
0.0031039221780654355
0.0031035319616855984
0.003102982330072393
0.0031022260665475093
0.0031012036578640153
0.003099840482975927
0.003098043535490451
0.00309569770431441
0.0030926617118734743
0.003088763926703921
0.0030837984376823613
0.0030775220044496694
0.0030696527700799317
0.003059871892160717
0.0030478294289758767
0.0030331557570129376
0.0030154793479177547
0.0029944506531006583
0.0029697704490386076
0.002941219103953301
0.002908682053767574
0.0028721665298281694
0.002831805937417909
0.0027878508544249793
0.002740648502842066
0.0026906146551060996
0.002638202627793025
0.002583873374782579
0.002528069364032945
0.002471193657260843
0.0024135948764107155
0.0023555584733206555
0.0022973045447301967
0.0022389919116645807
0.002180727286877494
0.0021225774461632652
0.002064581902366294
0.00200662734722332
0.001949138991612311
0.0018917195844947012
0.0018345186054684133
0.0017775503197927148
0.001720831685078725
0.0016643812513440393
0.0016082208442088507
0.0015523744789286127
0.0014968702371402386
0.0014417354282512168
0.0013870056900247428
0.0013327155457558768
0.0012789046231344147
0.0012256169043901228
0.0011728949899388753
0.0011207900134915499
0.0010693528039747925
0.0010186381054839823
0.0009687061385094508
0.0009196157621058278
0.0008714303800105725
0.0008242155057008831
0.000778036457507632
0.0007329619862252888
0.0006890603346335594
0.0006463952821479985
0.0006050357525236074
0.0005650436371925421
0.0005264785694239766
0.0004893974813026312
0.00045384563945650747
0.00041987399518995987
0.00038751040645987735
0.0003567813990073697
0.0003277095935813713
0.0003003028316915872
0.000274557369217188
0.000250452818415401
0.00022797733278070688
0.00020708932994726402
0.000187743135272378
0.00016988717745787025
0.0001534934692766377
0.00013841720357593974
0.0001246621414011525
0.00011212349582244298
0.00010072646908521929
0.00009038978417619512
0.00008104271091334967
0.00007262243667598251
0.00006501833576318208
0.0000581283270806109
0.00005201799784306319
0.00004649203876004403
0.000041518921037496086
0.00003714724045836229
0.00003315785109532737
0.000029597415108314006
0.000026052202851819872
0.000023576084489741063
0.000020992344629956525
0.000018779436321249524
0.000016827184883923556
0.000014977665335485818
0.000013365119817017097
0.00001188722356147325
0.000010615277195319352
9.49439337939116*^-6
8.466710304114663*^-6