0.003060747313182694
0.0030607347280777455
0.0030606907147779977
0.0030606038364774796
0.003060459343178591
0.0030602382970751378
0.0030599164847970217
0.0030594630720959196
0.003058838951637039
0.003057994732039247
0.0030568683186199203
0.0030553820472533095
0.003053439357949863
0.003050921041989285
0.0030476811756242296
0.0030435429756159884
0.0030382949865513645
0.0030316882386411943
0.0030234352797839387
0.0030132122502568278
0.003000665291215689
0.0029854225204263025
0.0029671122745636336
0.002945387284137336
0.0029199529970782385
0.0028905966465435735
0.002857212526979059
0.0028198188601022828
0.0027785628672201924
0.002733712883849667
0.002685638762439926
0.0026347836056079027
0.0025816307015566983
0.00252666956826908
0.0024703646627568755
0.002413129846796817
0.0023553110582600614
0.0022971786185856007
0.0022389291015490306
0.0021806949902321814
0.0021225590114625006
0.002064569594407571
0.002006754518299345
0.0019491311098838436
0.0018917127817979136
0.0018345126467621605
0.0017775451303501093
0.0017208270232185637
0.001664377141467168
0.0016082171678247637
0.0015523311188714852
0.0014968671573998597
0.0014417329808353028
0.001387003515335228
0.0013327138655853325
0.0012789033262863225
0.0012256154112341364
0.0011728939019565432
0.0011207894054948214
0.0010693518890692501
0.0010186376469269722
0.0009687056039789776
0.000919615276769984
0.0008714299726142978
0.0008242150703239991
0.0007780406997300737
0.0007329617936673922
0.0006890597135087577
0.0006463951312740944
0.0006050352299041851
0.0005650433239598158
0.0005264784664913096
0.000489397019621451
0.00045384573522472824
0.00041987533219659115
0.0003875081177778507
0.00035678208016800677
0.00032771090329681353
0.00030030271830746105
0.00027455666828600305
0.0002504528801284015
0.0002279774446328251
0.00020708844573795747
0.00018774241872042364
0.00016988712379935444
0.00015349073050898565
0.00013841768211863322
0.0001246624546081933
0.00011212258877670944
0.00010072673198884052
0.00009038933551306918
0.00008104174708280632
0.00007262250182198015
0.00006501649666768533
0.000058166175783776964
0.00005201938209010806
0.000046492421577534595
0.00004151711876292594
0.00003714168405188533
0.00003315873953925422
0.000029598631163135354
0.000026443928516353012
0.000023576044308761137
0.000020991663499650044
0.000018781494160214364
0.00001682909680139895
0.000014977008730404702
0.000013365695669228464
0.00001188742547009473
0.000010615354829705199
9.494275531841615*^-6
8.466205830199613*^-6