0.003465918182588686
0.003465851252803359
0.003465617268461718
0.0034651557968339787
0.003464389442681072
0.003463219844755896
0.0034615230332649223
0.0034591442303003542
0.0034558923210680184
0.0034515344506094925
0.0034457915265834835
0.0034383358342712734
0.0034287924543001105
0.00341674660144452
0.003401759143898015
0.0033833920783945294
0.0033612442417009915
0.003334994832208121
0.0033044487076970205
0.0032695740523708385
0.003230521638190432
0.0031876173500189
0.003141326046191535
0.003092193302412555
0.0030407785624921276
0.002987595411745858
0.0029330713430321884
0.0028775323183160935
0.0028212098412315288
0.0027642628734505024
0.0027068049952745374
0.002648928489324111
0.0025907203223526215
0.0025322688099843043
0.0024736627881769366
0.0024149866707527164
0.0023563146400781753
0.002297707608387165
0.002239210328333066
0.002180854564706311
0.0021226613361489326
0.002064644774950191
0.0020068154991662274
0.0019491831668109376
0.0018917581387495022
0.0018345524297579167
0.001777580082742659
0.0017208577340676113
0.0016644041132975191
0.0016082408389509826
0.0015523534212239848
0.0014968853346377388
0.0014417488848454925
0.0013870174093237085
0.0013327259851775954
0.0012789138821999856
0.0012256245849607494
0.0011729018603309324
0.0011207962925929645
0.0010693578387367185
0.0010186427741433158
0.0009687100080218829
0.0009196190499218289
0.0008714331954725729
0.0008242178142280375
0.0007780429126906329
0.0007329637620319231
0.0006890613701055237
0.0006463965212082047
0.0006050363912453175
0.0005650442887107871
0.0005264792643315298
0.0004893976696411488
0.00045384627390161004
0.00041987572627527224
0.0003875084600706014
0.0003567823632841941
0.00032771113094944915
0.0003003029017148169
0.00027455674640898157
0.0002504607712815048
0.00022797752366899432
0.00020708844059442078
0.0001877424011004135
0.00016988719873302068
0.00015348973338699803
0.00013841769403312248
0.00012466224878509639
0.00011212253089947619
0.0001007266925105442
0.00009038947969811733
0.00008104220262348143
0.00007262176667374785
0.00006501560690972755
0.000058126991241688
0.000052019037331750455
0.00004649266874354482
0.000041517912763137726
0.00003714357309398763
0.00003315952492377603
0.00002959948016203624
0.000026443439781797405
0.000023576699487789647
0.000020994482614398002
0.000018783805605432152
0.000016827205906592846
0.000014976865432720682
0.000013361997842036602
0.000011890950146575789
0.000010614841187395942
9.49440254088996*^-6
8.47007037562792*^-6