0.013013647248638988
0.012907508591280342
0.012560616815501607
0.011968599402856116
0.011183748029244175
0.010294501968455992
0.009389427785619646
0.008532402323051944
0.007757678044155935
0.00707679622035055
0.006487792666858869
0.005982241841545522
0.005549507082421251
0.005178929353245791
0.004860785692061137
0.004586599741900921
0.004349145460161253
0.004142325184001651
0.003961011737022209
0.00380089578363194
0.003658355027541488
0.00353034949576862
0.0034143407180245978
0.003308229043186054
0.0032103015431789584
0.0031191829278722173
0.003033783860622729
0.0029532446939899144
0.002876876911692354
0.0028041080107339047
0.002734435886158562
0.002667398115562144
0.0026025570591202657
0.0025394994957730157
0.0024778448609914434
0.0024172582836428347
0.0023574608994004044
0.0022982351975165964
0.0022394238843005724
0.0021809226439126377
0.0021226691298220557
0.0020646311234519756
0.0020067962049203406
0.0019491637463944765
0.0018917402739371232
0.0018345364548078044
0.0017775658466498221
0.001720846443603816
0.0016643928632802394
0.0016082308853140965
0.0015523834381668124
0.0014968770736683405
0.001441741386408196
0.0013870105615129227
0.0013327200576581082
0.0012789099815932025
0.001225621364563875
0.0011728986550441146
0.0011207931270005786
0.0010693557226955114
0.0010186416062545692
0.0009687082199818692
0.000919619081649372
0.0008714342661058932
0.0008242165382544
0.000778037554993718
0.0007329710022424565
0.0006890600142644382
0.0006463953237725228
0.0006050361124149172
0.0005650439574700875
0.000526479215542318
0.0004893988189851921
0.00045384127798271564
0.00041987262737820316
0.00038752226051662797
0.00035678099297235116
0.0003277034411071586
0.00030030263383991747
0.00027456051899525067
0.00025045595604593454
0.0002279755394439744
0.00020708333703898924
0.00018773778170707664
0.00016988576269843974
0.0001534700133219915
0.00013841410551140135
0.0001246602584942788
0.0001121199917482006
0.0001007279114469993
0.00009037781064449971
0.00008104957735116482
0.00007262134869864336
0.00006502424175794643
0.00005817975649157538
0.00005200263510469655
0.00004647407363198432
0.00004154660518979847
0.0000371620436538014
0.00003314165291627206
0.000029592797632986557
0.00002644166444104459
0.000023580239366686165
0.000020982290969174217
0.000018771003912415555
0.0000168279180428134
0.00001499121044434816
0.000013365439910375829
0.000011878576453282026
0.000010619175425160534
9.498625743981007*^-6
8.46963243680502*^-6