0.007901825117080128
0.007888389086227101
0.0078422102806713
0.007754582478972859
0.00761831456838178
0.007429739737377053
0.007190434958927109
0.006907788555356785
0.006593928696238772
0.006263341577665488
0.005930161592493151
0.005606113482792392
0.005299549856023492
0.005015456543155283
0.0047560261591372225
0.0045214183750722885
0.004310469218930232
0.004121250846288532
0.003951470293118492
0.0037987345811460204
0.0036607187416170476
0.003535268598979068
0.0034204608638060373
0.0033146338639120565
0.0032163952654591654
0.0031246094117968453
0.003038366569368087
0.002956938383495647
0.0028797265937721217
0.002806214176884492
0.002735926020507265
0.0026684051905145317
0.00260320476302242
0.002539893771624048
0.0024780699375784006
0.002417377037152656
0.0023575171892376377
0.002298257460054309
0.002239429200433906
0.0021809204914636864
0.0021226642640170238
0.0020646256613195196
0.002006790981170215
0.0019491589574185493
0.001891736006069606
0.0018345327182535094
0.001777562454635497
0.0017208443607123183
0.0016643902370756722
0.001608228600721727
0.0015523812577605712
0.0014968753358752653
0.0014417394369883887
0.0013870086304803365
0.0013327183012824524
0.001278908997079084
0.0012256209224618387
0.0011728979091060465
0.0011207921670331725
0.0010693546869409074
0.0010186412032908631
0.0009687077469894069
0.0009196186417765379
0.0008714350447541823
0.0008242162412410448
0.0007780372585246759
0.0007329739705563354
0.0006890599459366008
0.000646395242752184
0.0006050364738027015
0.0005650439122544956
0.0005264792081854827
0.0004893972706119695
0.0004538463757640249
0.0004198728397507726
0.0003875245327548995
0.000356781408327556
0.00032770042819877076
0.00030030266635576057
0.0002745618825408216
0.0002504569476770049
0.00022797597131405986
0.0002070816469957035
0.00018773633649937966
0.0001698896640737136
0.0001534692868979799
0.0001384120692844026
0.000124662105306401
0.00011212170409979963
0.00010073052346146994
0.00009038706843029077
0.00008104861925174044
0.00007262103127180589
0.00006502480136082956
0.00005817909179941462
0.00005200357640071387
0.0000464737827824112
0.00004154776589998951
0.00003715214655677831
0.00003314300980541539
0.00002958879874660559
0.0000264442434276183
0.000023579836527501012
0.000020977593494320515
0.000018767403331422258
0.000016832023842620895
0.000014989937310414836
0.000013366957124441391
0.000011887677780540112
0.000010617523305216807
9.494599713559101*^-6
8.474977618955138*^-6