0.003913161070688082
0.003912945064394395
0.003912190379828568
0.003910704087475363
0.003908242034975001
0.0039044993004031165
0.0038991009804642245
0.00389159486898962
0.0038814484522408993
0.00386805363452213
0.0038507434422374743
0.003828825113768422
0.003801632699622948
0.0037685987572846974
0.0037293386672061263
0.0036837335492385576
0.0036319916178971096
0.0035746671228883828
0.003512623686056538
0.0034469438139910916
0.0033788028557045517
0.0033093360960198613
0.003239527480673732
0.0031701388968007724
0.0031016854562197845
0.003034450595199581
0.0029685280883578976
0.0029038764197228148
0.0028403729087887273
0.0027778588896951732
0.0027161717410544234
0.0026551636084242033
0.0025947094455793978
0.002534708155538555
0.002475080317404944
0.0024157649068020674
0.002356716206383266
0.002297901239802309
0.0022392976336506336
0.0021808917222467853
0.002122676811279791
0.0020646516447837687
0.0020068191686656647
0.001949185634420982
0.0018917600794075798
0.0018345540907219442
0.0017775814055796145
0.0017208588872925266
0.0016644054544302568
0.0016082416184153038
0.0015523931987545243
0.0014968847033632183
0.0014417497423132215
0.0013870182652310932
0.0013327260734133386
0.0012789135649448659
0.0012256253289997191
0.0011729018865935742
0.0011207963005064147
0.001069358036657703
0.0010186421548958008
0.0009687098246263607
0.0009196189787510004
0.0008714331374985721
0.000824218132316956
0.0007780382934577265
0.0007329635745637411
0.0006890615006271924
0.000646396900714621
0.0006050368487752472
0.0005650444909123671
0.000526479392129953
0.0004893970753036959
0.0004538462171339299
0.00041987580908431766
0.0003875119211605612
0.0003567827775950777
0.00032770969800231743
0.0003003033859036498
0.00027455958338293393
0.0002504532384253673
0.00022797796253922143
0.00020708808992391027
0.00018774310901369527
0.00016988708769882514
0.00015349762600450458
0.00013841656961595793
0.00012466154824129056
0.00011212517090592041
0.00010072620137242489
0.00009038906485249174
0.00008103747540551568
0.00007262152410451987
0.00006501834573125541
0.00005813110008861996
0.0000520198267864466
0.00004649213763654808
0.00004151666121193019
0.000037147131846184295
0.000033144040024983104
0.00002959443480460552
0.000026443500015324424
0.000023576555464215706
0.000020994746325222877
0.000018779194789566944
0.00001682462785202231
0.00001497889665854225
0.000013362505961011366
0.000011887037777278757
0.000010614857215005586
9.495087509729045*^-6
8.457589138373566*^-6