0.005233149946560135
0.005231459860294527
0.0052255745697464525
0.005214071942944466
0.005195269774969563
0.00516727119273534
0.005128073139410678
0.005075753735604231
0.005008737874739391
0.004926110342627629
0.004827909052345121
0.004715306290734678
0.004590596154027002
0.004456960523917913
0.004318063690697534
0.0041775855546015775
0.004038812892188475
0.0039043686662913
0.0037761001392380327
0.0036550992159124314
0.0035418073280213055
0.0034361586719867184
0.0033377284326402005
0.003245866886600435
0.0031598109027418464
0.003078770371977628
0.003001989754056343
0.0029287860999340424
0.0028585660661158393
0.0027908260919447168
0.002725141575603308
0.0026611516401716506
0.002598545164012978
0.0025370515270641183
0.002476436647104893
0.0024165028129331913
0.0023570897117292113
0.0022980744015704104
0.00223936896456961
0.0021809157571329204
0.0021226811195663494
0.00206464881869639
0.0020068143306499597
0.001949180603894778
0.001891755418125355
0.0018345498628345859
0.0017775777773918942
0.001720855680463873
0.0016644037248726858
0.00160823913225911
0.0015523904295850588
0.0014968834058110996
0.0014417489479735112
0.0013870161990181679
0.0013327251199620471
0.0012789104886603295
0.0012256238546043676
0.0011729013314670383
0.001120796637952229
0.0010693620972168306
0.0010187402443166047
0.0009687079284341652
0.0009196190792545158
0.0008714318455856164
0.0008242179944716928
0.0007780385074380821
0.0007329643501059037
0.0006890602482898948
0.0006463959414067471
0.0006050371199644456
0.000565043916468436
0.0005264792791371248
0.0004893962868730389
0.00045384521123225627
0.0004198786124127423
0.000387515154068622
0.00035678168455011714
0.0003277079127171986
0.0003003016316747277
0.00027455771010325504
0.0002504533208856126
0.0002279755021493429
0.0002070873111946352
0.00018774536826901434
0.0001698863277210511
0.00015349384421700106
0.00013841630229442223
0.00012465963413152501
0.00011212629334195437
0.0001007244216243935
0.0000903857298861941
0.00008104515245140323
0.00007262249912390437
0.00006502087204477695
0.00005813125532417843
0.00005201672130881257
0.000046491064501412084
0.00004151626375057201
0.0000371510681291217
0.00003314372640030921
0.00002959516459113591
0.00002643932195887513
0.00002357957373611687
0.00002097690029662612
0.00001877644004095338
0.000016831196166122136
0.000014983567199031965
0.000013362227435422643
0.000011889470274842904
0.000010619244583172491
9.495407655401975*^-6
8.458359752097098*^-6