0.004262066521497049
0.004261815901579744
0.004260940201227574
0.004259215202543902
0.0042563566341185756
0.004252008497498884
0.004245731357134621
0.00423699216830118
0.004225158155378824
0.004209498349874653
0.004189197403989122
0.004163386675249082
0.004131196672284421
0.004091831672189253
0.004044661694208017
0.003989319551939411
0.003925784271055907
0.003854430326775215
0.0037760281268074715
0.0036916925072436324
0.003602790329118293
0.0035108261637934023
0.0034173256347785476
0.003323731290584252
0.0032313183642796615
0.003141133961108702
0.0030539606312375905
0.0029703040378753166
0.0028904028079202305
0.002814256857626414
0.002741669182242542
0.002672295697255403
0.002605698055693212
0.002541394978014753
0.002478908177934824
0.0024177995090516107
0.002357696686146498
0.002298306388787475
0.0022394097543280453
0.0021808804579077743
0.0021226167787802876
0.0020645788042638717
0.00200674787785608
0.0019491206784154648
0.0018917011321739796
0.0018345016931785468
0.0017775308223195892
0.0017208189490882126
0.0016643691179843941
0.001608209548974038
0.0015523652416205213
0.0014968608864709863
0.001441732279430504
0.0013869693742638248
0.0013327109339910422
0.0012789002491819452
0.0012256149563946372
0.0011728940552598818
0.0011207867589394967
0.0010693496689235568
0.0010186366419977543
0.0009687006272310985
0.0009196228521939025
0.0008714298287580869
0.0008242171778345311
0.00077803558964939
0.0007331250599155399
0.0006890588166898286
0.0006463955533535381
0.0006050346731103793
0.0005650424914215178
0.0005264784573604086
0.000489394339706893
0.0004538463426354381
0.0004198783197392305
0.0003875584065225315
0.0003567799685937211
0.00032770678832359914
0.0003003010454245731
0.00027456589079448564
0.00025044809284832306
0.00022797449962979355
0.0002070816597139942
0.00018773690620367173
0.00016989436164432424
0.00015367508491502633
0.00013840670695046262
0.00012465956239157371
0.0001121037030011575
0.00010073373670609539
0.00009038333500933424
0.00008103704966289198
0.00007263256927042071
0.00006501771403000913
0.000058182467913196714
0.00005201818261592554
0.0000464553228427557
0.000041559384315439085
0.00003713699583214485
0.000033159264685861816
0.000029569272158489858
0.00002646423764058945
0.000023579239749291887
0.00002098929733076958
0.000018784820989275585
0.000016843349975053533
0.000014986475794133478
0.000013367616977084896
0.000011923150914563392
0.000010621250417024821
9.492205590225423*^-6
8.464762875690662*^-6