0.0030434772815818275
0.0030434658815888995
0.003043426012399619
0.003043347311798092
0.003043216412332712
0.0030430161450389448
0.003042724546946961
0.0030423136299918612
0.003041747863177305
0.0030409823155225697
0.0030399604063376757
0.003038611214754619
0.003036846316829848
0.003034556152639418
0.0030316059867324255
0.003027831624379292
0.003023035195200521
0.0030169815236758065
0.0030093958703727927
0.002999964122497889
0.0029883367691532397
0.0029741381183622734
0.0029569819234843905
0.0029364939813578544
0.0029123407612730717
0.0028842614354282047
0.00285209878363544
0.0028158233570581767
0.002775545624743594
0.002731512858249122
0.002684090693798216
0.002633732498040833
0.0025809416820140535
0.0025262326919418005
0.0024700954212732366
0.0024129668442122625
0.0023552121688326755
0.0022971166412111155
0.0022388875886152925
0.002180664669872796
0.0021225350148670994
0.0020645495125135955
0.0020067371956773977
0.001949115961845565
0.00189169946837186
0.0018345009465426762
0.0017775347995890908
0.0017208180454848993
0.0016643692706239388
0.001608210328469407
0.001552365257587261
0.0014968621624517034
0.0014417283614948833
0.0013869995161496387
0.001332710160046553
0.0012788999309228215
0.0012256128276582339
0.0011728914531067799
0.0011207869519136244
0.0010693501598359498
0.0010186358257348227
0.0009687041811599621
0.0009196140851002436
0.0008714289476349319
0.000824214286410321
0.0007780354226437534
0.0007329611110948095
0.0006890595989236165
0.0006463946642236087
0.0006050352366937597
0.000565043208614288
0.0005264782147277928
0.0004893971957830745
0.00045384539928231487
0.00041987382233518494
0.00038751026591393755
0.000356781270397808
0.0003277094851271648
0.00030030274998936495
0.00027455735371487047
0.00025045276320655673
0.00022797730977954745
0.00020708935175405834
0.00018774316360768822
0.00016988694203380516
0.00015349404571980704
0.00013841719719697706
0.00012466224880892227
0.00011212353837510911
0.00010072649524510556
0.00009038971582815908
0.00008104249940748313
0.00007262275656166454
0.00006501874810499862
0.00005816814957471755
0.00005201895459709609
0.00004648938467534887
0.00004151752304211202
0.00003714692790753957
0.00003315766796159653
0.000029597146725088244
0.00002644323822874319
0.00002357495538806
0.000020992427318157955
0.000018778566768641614
0.000016827696092037283
0.000014978505824685292
0.000013364198970213172
0.000011884786407239856
0.00001062160826695414
9.494495324372246*^-6
8.465111515528604*^-6