0.004356815377903739
0.004356310218608963
0.004354546809625803
0.004351080806192821
0.00434535934936053
0.004336709091370095
0.004324331533196018
0.004307311702998661
0.0042846476915944605
0.00425530870206572
0.004218326546636872
0.004172918452292653
0.004118627403171368
0.004055452731439065
0.003983934503162103
0.00390515802847834
0.0038206632086035175
0.003732272222267753
0.003641875192574069
0.0035512241181798175
0.003461776712595479
0.0033746108139499926
0.0032904081268063205
0.0032094914787160886
0.0031318944925454503
0.0030574440241872163
0.0029858402827777327
0.0029167246719462602
0.0028497300800547905
0.0027845124830411187
0.0027207661734888876
0.002658227274033137
0.0025966709256693256
0.002535906680995802
0.002475774721600956
0.0024161435956406383
0.002356908847963659
0.002297991521822589
0.0022393357959521365
0.002180905580016055
0.0021226804330903965
0.0020646514675863783
0.0020068178191383194
0.0019491840582866217
0.0018917585728167447
0.0018345527672299859
0.0017775802820410348
0.0017208578252116415
0.0016644048857213493
0.0016082407914625016
0.0015523919384188474
0.0014968846877485478
0.0014417494884778803
0.0013870172701398002
0.0013327260683768628
0.0012789124529737903
0.0012256244847488776
0.0011729012475126487
0.0011207963964963562
0.0010693614134425684
0.0010187113541464021
0.0009687091917035292
0.000919619228104033
0.0008714327425168037
0.0008242181135910602
0.000778038007697692
0.0007329632495050258
0.0006890618283624947
0.0006463970351228406
0.0006050369537476191
0.0005650440722419257
0.0005264792845436784
0.0004893961199893578
0.0004538458832541044
0.00041987606930022654
0.0003875128321520944
0.0003567816345059034
0.000327708485271039
0.00030030208107902003
0.00027455655259957647
0.0002504530903217842
0.00022797313396137966
0.000207089540837187
0.00018774400355356767
0.00016988683806851306
0.00015350471994489328
0.00013841702157809353
0.00012466130943868627
0.00011212632889338422
0.00010072496193237877
0.0000903886416341678
0.00008104662053030747
0.00007262293642536165
0.00006501875427555593
0.00005813189617499281
0.00005202164722423617
0.00004649035692129492
0.00004151592841930619
0.00003714744358760878
0.00003314334131600804
0.000029596078605967475
0.00002643881407879568
0.000023578370995665832
0.000020995159055682262
0.000018777557414535404
0.000016827113751782214
0.000014983562955614056
0.000013363796633081681
0.000011889444039745265
0.000010618547395579228
9.496581694475537*^-6
8.456336000130291*^-6