0.0036448644912148733
0.0036447517645957226
0.0036443577618426254
0.003643581087452046
0.003642292427900989
0.0036403284397538652
0.003637485023260567
0.003633510387978091
0.0036280986719833385
0.0036208853714818027
0.0036114464565626834
0.003599303698889152
0.0035839391970545415
0.003564821966247287
0.0035414482364881103
0.0035133943081218097
0.003480376428784127
0.0034423071205230537
0.003399333797477245
0.0033518460061360057
0.0033004437599563107
0.0032458700702191158
0.003188921673043117
0.0031303584505375606
0.0030708309263116833
0.003010838136976244
0.002950718376200146
0.0028906669680155207
0.0028307704966344695
0.002771046133855547
0.0027114769100897297
0.0026520375359334963
0.0025927092892322743
0.0025334854751958486
0.002474370534755726
0.0024153760977581153
0.002356516575201338
0.002297805832147233
0.0022392554740892174
0.0021808745825140762
0.0021226703973267974
0.0020646493986921756
0.0020066823804067106
0.001949185332914837
0.0018917599286341032
0.001834553982099238
0.0017775813973655106
0.001720858989625815
0.0016644052304771158
0.0016082418881398694
0.001552392930412651
0.0014968863968725322
0.0014417495661826
0.0013870180409789041
0.0013327263192173644
0.0012789140059732242
0.0012256250590861801
0.0011729020642037061
0.0011207961372176984
0.0010693580926621257
0.0010186426626101854
0.0009687100532268241
0.0009196191160499588
0.00087143324475942
0.0008242179446231374
0.0007780385269435207
0.000732963735760186
0.0006890618073765205
0.0006463965175609505
0.0006050367839754242
0.0005650444944224674
0.0005264792785702196
0.000489398060658232
0.0004538461178816315
0.0004198743663866648
0.00038751070844917214
0.00035678165419460785
0.00032770980183747866
0.00030030299454473716
0.00027455744649070273
0.0002504529232342263
0.00022797742723025495
0.0002070893379649089
0.00018774334658017754
0.00016988723711820503
0.00015349266179541326
0.0001384172221271264
0.00012466197505748148
0.00011212344596432676
0.000100726437732174
0.00009038984524225246
0.00008104308124940459
0.0000726217741248532
0.00006501763729042851
0.000058129779561206134
0.00005201861589159689
0.00004649154458126757
0.00004151923141303803
0.00003714009661778485
0.00003315745361250667
0.000029598132327349392
0.000026443122016830275
0.00002357656798271306
0.000020993363794952767
0.00001878120368948369
0.000016825155909182316
0.000014978320849348527
0.000013362698447029225
0.000011889254710995027
0.000010615296016667168
9.494179424685896*^-6
8.466316672131607*^-6