0.0036753672036472385
0.003675253068767756
0.0036748541412272946
0.0036740677469162776
0.0036727629249276345
0.0036707742197554525
0.0036678948366793956
0.003663869562963955
0.003658388212661183
0.0036510808488277586
0.003641516657838369
0.0036292090043013665
0.00361362966169995
0.0035942351057367565
0.0035705065518598297
0.003542002647359659
0.003508419377023335
0.003469646746155522
0.0034258082581507983
0.0033772697239633784
0.0033246100718176542
0.0032685573466789855
0.0032099038392610375
0.003149420283846334
0.0030877876425078757
0.0030255573243249704
0.002963140811957004
0.002900821758336395
0.0028387800553385367
0.0027771182192221394
0.0027158840262557975
0.002655087459445771
0.002594712895907328
0.002534728442278617
0.0024750937755626387
0.0024157668597272327
0.002356709195014464
0.002297889200412035
0.0022392836843698753
0.002180877752180024
0.0021226637429289895
0.002064639818210083
0.0020068086246547647
0.0019491762948538633
0.0018917518335501082
0.001834546863351754
0.0017775750975800237
0.0017208532711575028
0.001664400886909315
0.0016082372825371308
0.0015523888620439742
0.0014968819934182264
0.0014417471315938376
0.0013870152112487426
0.0013327242725256331
0.00127891088913081
0.0012256231254858757
0.0011729000683756035
0.0011207953758053451
0.0010693605328100976
0.0010187106106230002
0.0009687085392317971
0.0009196186690998013
0.0008714322650464503
0.0008242177070835185
0.0007780376627993544
0.0007329629579459282
0.0006890615828462886
0.0006463968292507635
0.0006050367818482701
0.0005650439293710821
0.0005264791663700513
0.0004893960227835821
0.00045384580362979805
0.0004198760054255339
0.000387512780383479
0.00035678159228106493
0.000327708451270838
0.0003003020541001394
0.00027455653191724345
0.00025045307368064203
0.00022797310685966816
0.00020708953529512613
0.0001877439992154638
0.00016988682920453067
0.00015350481926039032
0.0001384170180222635
0.0001246613312735909
0.00011212633446248266
0.00010072496282948387
0.00009038863481758138
0.00008104662183642865
0.00007262306048802976
0.00006501884320439859
0.00005813164327133056
0.000052021664875631434
0.000046490330434446085
0.00004151575183055252
0.00003714753136374753
0.000033143219444649
0.000029596062720863723
0.00002643886781764116
0.00002357822038442591
0.000020994940256008797
0.000018777436482116672
0.00001682738134079157
0.000014983584753655518
0.000013364984857172505
0.000011889191738515655
0.000010618494319809932
9.496590540831969*^-6
8.456326874199747*^-6