0.005293591946955447
0.005291898019587498
0.0052859992973717344
0.0052744701651499205
0.0052556239361816175
0.005227558002503966
0.005188262009676082
0.00513580484613119
0.005068599800240653
0.004985717176286086
0.004887176971815255
0.004774129541300826
0.00464884247944695
0.0045144661718303355
0.0043746282894916045
0.004232967259138685
0.004092724865526667
0.00395647771401701
0.003826029297938992
0.0037024359842047425
0.003586119293120545
0.0034770176414570145
0.0033747427716632754
0.003278719563060148
0.003188298161476061
0.003102833889293835
0.003021734700544548
0.002944479528130669
0.0028706142541900207
0.0027997346156439958
0.002731465699959621
0.002665446420123721
0.002601323170313097
0.0025387535823708125
0.0024774168756195687
0.002417027303425798
0.0023573450867947878
0.0022981823544825806
0.0022394029046726113
0.0021809163646191666
0.0021226688939399454
0.002064633001456544
0.002006798600638401
0.0019491661180393222
0.001891742441993175
0.0018345383713164111
0.0017775676029263756
0.0017208474380227066
0.0016644011727721844
0.0016082320724047135
0.0015523844168251666
0.0014968779730478014
0.0014417424581323415
0.0013870116199363016
0.001332721033129003
0.0012789097052069223
0.0012256249472970791
0.0011728987276768787
0.0011207933651193299
0.00106935587896381
0.001018641780094235
0.0009687082694691154
0.0009196188218045364
0.0008714326535956063
0.000824217235488912
0.0007780376249384508
0.0007329688542093486
0.0006890599228543838
0.0006463944882388979
0.000605039116579598
0.0005650442279960438
0.0005264792380336795
0.0004893984187836938
0.0004538423845414901
0.00041987197685565647
0.0003875212745999465
0.00035678069988458335
0.00032770479501034456
0.00030030259533134196
0.00027455942299680367
0.0002504518982165182
0.00022797511282949659
0.00020708356910925473
0.00018773958862622
0.00016988581403569255
0.0001534996877785857
0.00013841467255435485
0.00012466119446423958
0.00011211952538932164
0.00010072390459821707
0.00009040688107721546
0.00008104811742323841
0.0000726195495025906
0.00006502341246453385
0.00005818249653034472
0.00005200451574514838
0.00004648052286341851
0.00004154842028753029
0.000037160071346274154
0.00003313784891232594
0.000029594155788582296
0.000026441849502582326
0.00002358068733581354
0.00002097514136906506
0.000018770119434807288
0.000016832485238816803
0.000014990484461620311
0.000013364810698976357
0.000011880341000867107
0.000010620419389348048
9.50026646301009*^-6
8.45499614222206*^-6