0.003356228792936161
0.003356184519633869
0.003356029720738193
0.0033557243260857288
0.003355216885920474
0.003354441766895844
0.003353315808408157
0.003351734421071077
0.0033495671700998508
0.003346652991224039
0.0033427953523688892
0.003337757916200918
0.003331261581825461
0.003322984166712793
0.0033125643589805233
0.0032996117729632694
0.0032837247338027976
0.0032645165039006108
0.0032416488321207085
0.003214869063890563
0.0031840442743904305
0.003149184276676372
0.0031104462062939374
0.0030681175738727405
0.003022580664615056
0.0029742669993759554
0.0029236130455460264
0.0028710266151136714
0.0028168684377856256
0.002761447857465819
0.002705027862505513
0.0026478337180192513
0.0025900607893769405
0.0025318794243698955
0.0024734368013566714
0.002414856878877815
0.002356239947177289
0.0022976630512382486
0.002239181963553871
0.002180834703818705
0.0021226460426340657
0.002064632151069691
0.0020066685855230607
0.0019491737099831031
0.0018917498280871744
0.0018345451304847304
0.001777573623287887
0.0017208521603133734
0.0016643992334862872
0.0016082366256105045
0.0015523883164534813
0.0014968823559266009
0.001441746031157348
0.0013870149528545262
0.0013327236255882833
0.0012789116602650425
0.00122562302027013
0.0011729002955495713
0.0011207946062183444
0.0010693567704418295
0.001018641523451087
0.0009687090745310441
0.0009196182775516744
0.0008714325285588643
0.0008242173348708299
0.000778038009595101
0.0007329632984143854
0.0006890614391307688
0.0006463962087327776
0.0006050365261248566
0.0005650442801127279
0.0005264791012989885
0.0004893979152344111
0.00045384599839115033
0.00041987427149852916
0.00038751063135075253
0.00035678159058300283
0.00032770975044326247
0.0003003029539392221
0.00027455742282523536
0.00025045289751356094
0.00022797739951233218
0.00020708933135035593
0.00018774334297598833
0.00016988722376068012
0.0001534928274272452
0.00013841721710440254
0.00012466201082430973
0.00011212345465260405
0.00010072644297831466
0.00009038983089850802
0.00008104299596632333
0.00007262194141526288
0.00006501778333918154
0.000058129406784339264
0.00005201863730890976
0.00004649150507423186
0.000041518968351038974
0.00003714019798770346
0.0000331574163241409
0.00002959767439386331
0.000026442885769175996
0.000023576170821860356
0.000020993027749826183
0.000018779602945046454
0.000016825833108055686
0.000014978357601572375
0.000013362680114649948
0.000011888276702530402
0.000010615188898041351
9.494330534547245*^-6
8.467075052028462*^-6