0.004405377953185113
0.004404870070556948
0.004403097138264467
0.004399612340678956
0.004393859629644073
0.0043851615997604005
0.0043727145538548584
0.004355596943564646
0.004332798574682197
0.004303278281076736
0.004266054996072015
0.004220330096868355
0.004165627281001652
0.004101922743492322
0.0040297292957828
0.003950100900904965
0.0038645425437360322
0.0037748392072158073
0.0036828439037163464
0.0035902753306372237
0.0034985669342580223
0.003408787854794135
0.0033216337821418748
0.0032374704910133603
0.003156406939802829
0.0030783761559377556
0.003003207420375773
0.0029306800515896438
0.002860555925461103
0.002792593665264171
0.002726551106247921
0.002662183725426783
0.0025992449201754433
0.002537491074804418
0.0024766907436127093
0.0024166355890981412
0.002357149593522374
0.002298094297369518
0.0022393691550445754
0.0021809075710102358
0.002122670250678335
0.0020646377857050824
0.00200680408221127
0.0019491713789267866
0.0018917472510749044
0.0018345426523685537
0.0017775713963845557
0.0017208502524641664
0.0016644003677428567
0.0016082349470587368
0.001552386632480713
0.0014968801804782386
0.001441747213180252
0.0013870135036112106
0.0013327227384848123
0.0012789113339229594
0.0012256222733886741
0.0011728997899312728
0.0011207940159086412
0.001069356403811217
0.0010186422064691713
0.0009687052435613557
0.0009196186528772102
0.0008714327058556513
0.0008242182488155975
0.0007780380516588918
0.0007329663258689571
0.0006890595599471694
0.0006463954578334141
0.0006050384680231607
0.0005650442789870792
0.0005264791303841968
0.0004893953172121023
0.00045384391574552195
0.00041987172238761
0.0003875173351904047
0.00035678163656467806
0.00032770720557328203
0.0003003006119098447
0.00027455770306842274
0.00025045286383222317
0.00022797521920656932
0.00020708935849662953
0.00018774788577917203
0.00016988594247122294
0.00015349571055547613
0.00013841454738113332
0.00012466022281448812
0.00011212629166605625
0.00010072237805206937
0.00009038326291626014
0.00008104746603046557
0.00007262138298647035
0.00006502328217194522
0.000058175026780734874
0.00005201473918125227
0.000046485685902550536
0.00004151811399600216
0.00003715870664159269
0.00003314496433150038
0.00002959460253205367
0.000026439813972747622
0.000023579647714720576
0.000020980392195198578
0.000018772592271555797
0.000016835708599893925
0.00001498773372078983
0.000013363961543380165
0.000011885761488761357
0.00001061889135911943
9.496114557542077*^-6
8.458856900876505*^-6