0.008021726975383087
0.008008278261242745
0.007962055111861818
0.007874339838026642
0.007737926618529137
0.0075491299086786635
0.007309503000073103
0.007026404527714264
0.0067119258050407915
0.00638050780455929
0.006046230225892138
0.005720752866814996
0.005412353027856545
0.0051259319292428175
0.0048635911542028515
0.004625398377670476
0.004410105382078877
0.004215720114477262
0.004039920788416234
0.003880337526763736
0.0037347347786782416
0.0036011214536240937
0.003477806973765224
0.003363413596835787
0.003256853148007604
0.0031572767308907963
0.003064008757984155
0.0029764781550003397
0.002894158520049454
0.0028165252191514763
0.002743033854488465
0.002673115744945589
0.0026061919056389717
0.0025416957522755115
0.002479092365553852
0.002417914120663331
0.002357773693759221
0.0022983595658486048
0.0022394547631176312
0.0021809134936910243
0.002122644588169205
0.0020646036514447067
0.0020067701289297715
0.0019491390778161232
0.0018917180790204546
0.0018345167090212376
0.0017775472733913087
0.0017208294751793801
0.0016643783830971935
0.0016082188949996037
0.001552372676235468
0.001496868400634618
0.001441734804065681
0.0013869933899160758
0.001332714160658684
0.0012789056628292259
0.001225623826114463
0.001172895193277622
0.0011207893833474797
0.0010693519035039813
0.0010186376052072656
0.0009687048018601774
0.0009196190585775344
0.0008714299310420287
0.000824216157535676
0.0007780361710662998
0.0007329610146710709
0.0006890591517367469
0.0006463956038315609
0.0006050359007051558
0.0005650433858951337
0.0005264787990591124
0.0004893946549962499
0.0004538462332535963
0.00041987516455127023
0.0003875433926484036
0.00035678003577565285
0.00032771057485741497
0.00030030042081783206
0.0002745630587074288
0.00025045075145822436
0.00022797662032143613
0.00020708275113341063
0.00018773699160429624
0.00016989298287956237
0.00015347669643083094
0.00013841124044106066
0.0001246595018089526
0.00011211255325257373
0.00010072982809890041
0.0000903831576996141
0.00008104532381202883
0.00007262674506860804
0.0000650317315013038
0.00005818437606070089
0.000052016112851329394
0.000046463643043844226
0.000041561664117708605
0.00003713823716715176
0.00003315111649342232
0.000029575607417612215
0.000026562557432180206
0.000023582135096669873
0.000020989790157716907
0.000018787098864670002
0.00001684397376841208
0.000014984390383996887
0.000013366267610713219
0.000011878566228441932
0.000010619498662928764
9.491379956861141*^-6
8.461368010091055*^-6