0.013119829906544977
0.013013681097454165
0.012666753827348753
0.012074666392478102
0.011289698678684613
0.010400274926680601
0.009494942667440484
0.008637554829153831
0.007862334096747274
0.007180785052713528
0.006590898894483011
0.006084196700715925
0.005649979276822452
0.005277516327422887
0.004957006666444627
0.004679892475150498
0.004438869356511466
0.004227773828819818
0.0040414378794128925
0.0038755507516740483
0.003726542187970605
0.0035914876586041426
0.0034680290665712247
0.003354301786352383
0.003248859861097315
0.0031505951379520326
0.003058652260693949
0.0029723457047672254
0.0028910855318798937
0.002814322734404958
0.0027415142285798794
0.0026721092915780163
0.0026055546840036414
0.0025413126128322233
0.002478876704044403
0.0024178028736706785
0.0023577211619806243
0.002298340812154691
0.0022394522194316142
0.0021809172800891126
0.002122650870730465
0.0020646099647180093
0.0020067758753721248
0.0019491446357907556
0.0018917232446869926
0.0018345219454123545
0.0017775518805390122
0.0017208331181438415
0.001664382001080627
0.0016082216980706024
0.001552375202166383
0.0014968702838192597
0.0014417363058608524
0.0013869993888061397
0.0013327099323786624
0.001278906393071452
0.0012256219351507187
0.0011728958197451012
0.0011207900829509542
0.0010693527693114327
0.0010186400116781761
0.0009687057130401286
0.0009196173342892618
0.0008714294201829085
0.0008242160981921623
0.0007780370424017254
0.0007329616938896986
0.0006890593017476504
0.0006463956441345461
0.0006050359408333726
0.0005650432280214837
0.0005264787729933731
0.000489394495598269
0.00045384557937981385
0.00041987459611334693
0.00038753385164035743
0.000356779876550272
0.00032771087717639526
0.00030030161007288294
0.000274565718816125
0.0002504519205911948
0.00022798017918408076
0.0002070830891283307
0.00018773682333288316
0.00016989176050564585
0.00015347584829487995
0.00013840805792103556
0.0001246610859029685
0.00011211559638310433
0.00010073054961028604
0.00009038340472988099
0.00008105144479201971
0.00007262362851123348
0.00006502927753560977
0.00005818242934759998
0.00005201531979589439
0.000046462246353478195
0.00004155145735882389
0.00003714081327786718
0.00003313744703517591
0.000029581049902000792
0.000026558337389825315
0.000023583224114820968
0.00002098121435042121
0.000018788045985802718
0.000016844894238259027
0.000014985033680067278
0.000013363645038036513
0.00001187989820236863
0.000010619746544061393
9.48786878472703*^-6
8.469949452678042*^-6