0.0030211854775551686
0.003021174971147643
0.0030211382269685824
0.003021065694471717
0.003020945052474775
0.0030207604743345755
0.0030204917115262955
0.0030201129560384825
0.0030195914363432695
0.0030188856971814565
0.0030179435116460037
0.0030166993776883626
0.0030150715642492396
0.0030129587006010295
0.003010235954626749
0.003006750927552732
0.0030023195312594577
0.0029967222787363164
0.0029897016669328696
0.0029809615835663674
0.0029701699125275465
0.0029569656315910483
0.002940971557651937
0.002921813353347034
0.0028991443882931288
0.0028726746403898926
0.0028422003575992397
0.002807630105602649
0.0027690028475870435
0.0027264941972303396
0.002680409114417961
0.0026311609890592104
0.0025792393218934733
0.00252517004897372
0.002469474006644594
0.002412629603651963
0.002355045073338459
0.0022970436630199795
0.002238862251223871
0.002180661030641702
0.002122539943775223
0.002064557056758258
0.002006744978900672
0.0019491231924705801
0.001891705959570069
0.0018345066794469417
0.0017775399278559501
0.001720822389854597
0.0016643730511351025
0.0016082135307249681
0.001552368083135298
0.0014968640656639921
0.0014417315807200692
0.0013870013622739987
0.001332712660967835
0.0012789020243264418
0.0012256139489117824
0.001172892795680293
0.0011207853450247466
0.0010693505083058563
0.001018637174197776
0.0009687013048331764
0.0009196183098916694
0.000871429789593051
0.0008242145186410446
0.0007780392083510011
0.0007329575862893995
0.0006890591527680849
0.0006463955055901362
0.0006050352392895674
0.0005650437116007875
0.0005264783334561544
0.0004893967527739257
0.0004538456898854195
0.0004198734209667988
0.00038750809694822566
0.00035678179977351323
0.0003277101325402836
0.0003003012986312366
0.00027455342200622925
0.0002504601813102939
0.000227976118429691
0.0002070871577638804
0.00018774048221206587
0.0001698876405005917
0.00015348624964253352
0.000138417383097612
0.00012466229557070452
0.0001121228313842891
0.00010072688199059763
0.00009039079426818411
0.00008104225328738598
0.00007262261422732785
0.00006501851015675185
0.00005815935097049076
0.00005201744082621475
0.000046497288668292224
0.000041516995759251686
0.000037140771987531206
0.00003315905792251157
0.00002960058934581609
0.000026442658528646336
0.000023575896861063443
0.00002099161524272476
0.00001878198673075197
0.00001682915944981979
0.000014974785058508152
0.000013363809509886384
0.000011888669923726374
0.00001061917312487321
9.493507335676593*^-6
8.464669005991866*^-6