0.0031367357897001294
0.0031367176324473742
0.003136654135087672
0.0031365288113887274
0.003136320419163008
0.0031360017224335715
0.0031355379648309437
0.003134885002795565
0.0031339870477037576
0.0031327739740482754
0.003131158171457412
0.003129030958969164
0.0031262586502409833
0.003122678469561677
0.0031180946811675014
0.0031122755127638998
0.0031049517165298605
0.003095817874709698
0.003084537731469225
0.0030707547867926815
0.0030541088978426707
0.003034258670266149
0.0030109078854561426
0.0029838325279964387
0.002952903833710305
0.0029181028256657915
0.002879523471467317
0.002837364373476012
0.0027919116101026136
0.002743516750942921
0.0026925737377864853
0.0026394968619601485
0.00258470059102801
0.0025285813153021735
0.0024715012945632307
0.002413775711301663
0.002355664166909006
0.002297367774508627
0.0022390321476251883
0.0021807553735436096
0.0021225990033752807
0.0020645996547310895
0.002006779182665005
0.001949152259780769
0.0018917312375234946
0.0018345288426258473
0.0017775593626235796
0.0017208395298756412
0.001664388126390986
0.001608226809088692
0.0015523403998124086
0.0014968745610155225
0.0014417394593529175
0.0013870091752075156
0.0013327188027744345
0.0012789076270404143
0.0012256191484369217
0.001172897144125342
0.0011207922107467228
0.0010693543129264927
0.0010186397361619452
0.0009687073982060378
0.0009196168139627061
0.0008714312856235139
0.0008242161881936788
0.0007780415859691422
0.0007329625957060757
0.0006890603882243337
0.0006463956976150772
0.0006050357033259437
0.0005650437170924956
0.0005264787915778336
0.000489397283028621
0.00045384595501574864
0.0004198754845015253
0.0003875082551894872
0.0003567821948833648
0.00032771099577190085
0.0003003027931769661
0.0002745566918441022
0.00025046089383623906
0.00022797746556754884
0.00020708843342175578
0.00018774240198860464
0.00016988715787094393
0.00015349025702401153
0.0001384176847055456
0.00012466236010154463
0.00011212255963511491
0.00010072671120719199
0.00009038941287894813
0.00008104194282505517
0.00007262220703612071
0.00006501601466523517
0.00005812594729808985
0.00005201911845187834
0.00004649254063788771
0.000041517212993479274
0.000037142065783171544
0.00003315924997970104
0.00002959883080591421
0.000026443616902220473
0.000023576042648957102
0.00002099268733122046
0.00001878222212654267
0.000016828428712226908
0.00001497686843666423
0.000013363462003960068
0.000011888441515072245
0.000010616087681839345
9.493706475652697*^-6
8.465853642236213*^-6