0.00298730671764378
0.002987297975229018
0.0029872673997166288
0.0029872070415008964
0.0029871066411797705
0.00298695301377811
0.002986729278466391
0.0029864138985011023
0.0029859794899569905
0.0029853913517854506
0.0029846056647707788
0.0029835673047104907
0.0029822072182929095
0.0029804393228296485
0.0029781569193299755
0.0029752286608652726
0.002971494205663972
0.002966759819836722
0.0029607943837481757
0.002953326523681167
0.002944043870097151
0.002932595764961174
0.002918600924351602
0.0029016615065748314
0.002881384524865133
0.0028574104253535114
0.002829446922067226
0.0027973041234945054
0.0027609252119212505
0.0027204062334587834
0.002675999543803847
0.0026280982024687424
0.002577202494023472
0.00252387367100071
0.0024686828037232605
0.0024121634979951774
0.002354775974458127
0.00229688700716255
0.0022387663555258086
0.002180596739960337
0.0021224920997785514
0.002064518361500324
0.002006712107819378
0.0019490946235960992
0.001891614455321259
0.0018344846662876504
0.0017775205581289082
0.0017208053826709418
0.0016643581202386542
0.0016082004404925582
0.0015523566021974026
0.00149685414448021
0.0014417234953612832
0.0013869936823510947
0.0013327053920838352
0.001278896050156619
0.0012256088924077644
0.001172888347642216
0.001120780535184204
0.0010693476868481508
0.001018634206522624
0.0009687035354290102
0.000919617701236894
0.0008714281259176517
0.0008242130493694093
0.00077803858696144
0.000732960464912115
0.0006890583490704233
0.0006463943125740661
0.00060503451950896
0.0005650426593436387
0.0005264779134443733
0.0004893966315874755
0.0004538454894431783
0.0004198741568720838
0.0003875076644974838
0.0003567815416105589
0.0003277100391729419
0.00030030235060512784
0.0002745562165602899
0.000250453254606846
0.00022797658231213405
0.00020708757599636842
0.00018829494514453743
0.000169886858164348
0.00015348940414828838
0.00013841744256875817
0.0001246625819610951
0.00011212308864262174
0.0001007267656926409
0.00009038972351941847
0.00008104210278750563
0.00007262251662086791
0.00006501950941494352
0.00005816516939678822
0.000052018729794121316
0.000046493108855297725
0.00004151610462493035
0.00003714197365967431
0.00003315893372851526
0.000029599006568499917
0.000026444165999409242
0.00002357569121349741
0.00002097084150716752
0.000018780975507625876
0.000016830225977953834
0.000014976674870667525
0.000013363424929394964
0.00001188656146199547
0.000010625885533403567
9.494078034340861*^-6
8.463767788054253*^-6