0.005387998988173611
0.005386296844631157
0.0053803693945614454
0.005368783584377948
0.00534984317333661
0.0053216333599776094
0.005282128330386366
0.005229377514020128
0.005161769907046499
0.005078345781458629
0.004979088442895951
0.0048651040741305605
0.004738608084181714
0.004602690696883128
0.004460912442666989
0.004316840228496844
0.004173644358237465
0.004033837358659019
0.0038991759310156556
0.0037706992159101628
0.003648854064763846
0.0035336576962113372
0.003424859228731401
0.0033220751825214704
0.0032248860170572564
0.0031328905563895847
0.0030457233099690875
0.0029630451746099334
0.0028845200031178205
0.002809792188335574
0.0027384708981848557
0.002670128762416052
0.002604312842625761
0.0025405665958109632
0.0024784513240114795
0.0024175753159621834
0.0023576082434311747
0.0022982903384201102
0.0022394333149797856
0.0021809123136417963
0.002122651960196183
0.0020646128477131757
0.002006779036351269
0.001949147948922713
0.0018917262271725113
0.0018345243053876355
0.0017775545627139635
0.0017208413162389023
0.001664384104914028
0.001608223357878928
0.0015523766558273016
0.0014968714177755987
0.0014417372420215656
0.0013870029927392138
0.0013327131800780249
0.0012789068649011225
0.0012256207406290951
0.001172896293995991
0.001120790627535759
0.0010693532799185687
0.0010186402666064415
0.0009687059280452476
0.000919617157416941
0.0008714303416903754
0.0008242159988138821
0.0007780357567421641
0.0007329630142507309
0.0006890596419858059
0.0006463957208406779
0.0006050360382514527
0.0005650433785412848
0.0005264778389895234
0.0004893950686351354
0.0004538457374568204
0.00041987376222257273
0.00038753194966833707
0.00035681707692705554
0.00032770792123192966
0.0003003049514803965
0.0002745650465503111
0.00025045862957813453
0.0002279791443441597
0.0002070818782349463
0.00018773488112711618
0.00016989107946487544
0.0001534723941803164
0.00013841516638712277
0.0001248019595011295
0.00011211977443671213
0.00010073016135478106
0.00009038730459859715
0.00008105032595715323
0.00007262142054618598
0.0000650267580865637
0.00005818141408195573
0.00005201687911957692
0.00004647025180904515
0.00004155102932233982
0.000037148825758108644
0.00003314124104902332
0.000029582762334451173
0.00002645438244278499
0.000023581305043389413
0.000020977892594580347
0.000018787669215234448
0.000016845564521804596
0.000014982147503624493
0.000013365974033181075
0.000011887269895662228
0.000010624285578117755
9.490279291540111*^-6
8.469152561447623*^-6