0.0035280056840994866
0.0035279357966207245
0.0035276914690861123
0.0035272095837098907
0.0035264092862326703
0.003525187781548522
0.0035234154438795306
0.003520930315602945
0.0035175322150884075
0.003512976902692707
0.003506971084365887
0.0034991694663977667
0.0034891755742088963
0.003476548499072465
0.00346081791541969
0.003441509278142767
0.0034181796841553447
0.0033904622571295437
0.003358113387719768
0.003321053823789019
0.0032793932178172805
0.0032334299212867755
0.003183623770085603
0.0031305473294253212
0.003074827075660387
0.0030170874205922515
0.002957907024084108
0.002897790873957101
0.0028371564480910386
0.0027763299887764645
0.00271554940627504
0.0026549720051507594
0.002594686290834934
0.002534727078882015
0.002475092187985305
0.00241575847109094
0.0023566949550206735
0.002297871889759864
0.0022392656689254552
0.002180860472572559
0.00212264787469586
0.0020646255650620254
0.0020067959557259463
0.0019491650814608698
0.0018917419412600891
0.0018345380559181535
0.0017775674089924888
0.00172084657270927
0.0016643957274940341
0.001608232114579848
0.0015523842769542468
0.0014968780172350826
0.0014417442342676413
0.0013870120812781205
0.0013327215282892952
0.001278907360985516
0.0012256211360933112
0.0011728989732043248
0.0011207945965776408
0.0010693603360899444
0.0010187387593816274
0.0009687066234931938
0.000919617961247857
0.0008714308906461528
0.0008242171814572757
0.0007780378176444092
0.0007329637670018441
0.0006890597572465568
0.000646395529651914
0.0006050367761643021
0.0005650436307304026
0.0005264790427883829
0.0004893960924735081
0.0004538450519813687
0.0004198784848172379
0.00038751505063602094
0.00035678160010196695
0.00032770784500741837
0.0003003015777059951
0.0002745576688015382
0.00025045328760213957
0.00022797547747693456
0.00020708729848740258
0.0001877453674592478
0.0001698863097655437
0.00015349403970378201
0.00013841629503855095
0.000124659676985647
0.00011212630500319603
0.00010072441884601086
0.00009038571540852121
0.00008104515399637093
0.00007262274518121428
0.00006502105164348719
0.00005813073952622728
0.00005201670700700816
0.00004649105051998596
0.0000415159151699996
0.000037151247241203175
0.00003314348464493527
0.00002959514002967855
0.00002643944968318823
0.000023579289090644173
0.000020976295553014364
0.000018776198631306482
0.000016831907663982456
0.000014983562688706902
0.000013364085553530353
0.000011888515206006313
0.000010619169071531165
9.494851640027262*^-6
8.456845670007271*^-6