0.0030876590252607123
0.00308764444431429
0.0030875934521048557
0.003087492802871453
0.0030873254203123528
0.003087069392301704
0.0030866967249452066
0.003086171808767988
0.003085449546721519
0.003084473094747041
0.003083171174267899
0.0030814549364319944
0.003079214405295218
0.003076314578997954
0.0030725914090328713
0.0030678480063362126
0.003061851653107637
0.003054332443614912
0.003044984624994717
0.0030334718602709086
0.0030194375789654527
0.0030025211061471832
0.002982379341324093
0.002958712369167911
0.002931289910475138
0.0028999745233935443
0.0028647375437965876
0.0028256651086199878
0.0027829537601331907
0.0027368971121269577
0.002687866047868936
0.0026362848222403223
0.0025826048988267635
0.002527278128019134
0.0024707312240005355
0.002413344041492408
0.0023554342605834745
0.0022972503479097113
0.0022389731453864013
0.002180724651864589
0.0021225811763224195
0.002064587571130095
0.002006769813600144
0.0019491444151208167
0.001891724453766952
0.001834522903098891
0.0017775541697079376
0.0017208349243882013
0.0016643840709037736
0.001608223219170616
0.0015523765778685764
0.0014968716323625587
0.001441738776137861
0.0013870070575165575
0.0013327170603916396
0.0012789062192464882
0.0012256177236605037
0.0011728960107070298
0.0011207872886396654
0.0010693534156011226
0.001018639148794213
0.0009687077613582596
0.0009196211721406253
0.0008714312216756473
0.0008242156911828541
0.0007779925005504996
0.0007329623619047701
0.0006890599412204284
0.0006463956476009462
0.0006050356413232683
0.0005650435893293608
0.0005264786822000283
0.00048939722970581
0.0004538460122600671
0.00041987445704249227
0.0003875079811729228
0.0003567818115801042
0.0003277107090491658
0.00030030253168793376
0.00027455623259141604
0.00025046061894340086
0.00022797657854141314
0.0002070871125739067
0.0001877407407985989
0.00016988696606391984
0.00015348796063135748
0.00013841741443256333
0.00012466231618977555
0.00011212296370141513
0.00010072687140943414
0.00009038989016622515
0.00008104258864708301
0.00007262234148695492
0.00006501834351704508
0.000058126970438336906
0.00005201833002258859
0.00004649467567128566
0.00004151693971245012
0.00003714101997357839
0.000033159077110828755
0.000029600130929898994
0.00002644258193261554
0.000023576233867842365
0.000020993752700207356
0.000018783457067697438
0.000016828098934783623
0.000014975490069479363
0.000013362782221130849
0.000011889195803292499
0.000010619061977622302
9.494293769253472*^-6
8.465208438614809*^-6