0.00822852191861528
0.00821503743096471
0.008168689242099587
0.0080807274685939
0.007943905208208864
0.007754484984701691
0.007513955135375731
0.007229594064844134
0.006913395493351251
0.006579683942389234
0.006242403553539642
0.005913061490942891
0.0055997706634428115
0.00530726654563121
0.0050374999482702765
0.004790425670942586
0.004564748715786588
0.004358526004414485
0.004169604841472082
0.003995914918336719
0.0038356389955229242
0.003687285986807387
0.0035496889153059314
0.003421950894344262
0.0033033635329690206
0.0031933204915932114
0.0030912435837774635
0.0029965311285271357
0.002908530827090406
0.0028265342681105757
0.0027497878204601487
0.0026775144296606757
0.00260894161216087
0.0025433316969712062
0.0024800106854035377
0.002418392363021227
0.0023579941556475807
0.002298443084322913
0.002239449143784445
0.0021808982050389577
0.002122618874630838
0.0020645750714792625
0.0020067433182496403
0.0019491150842076606
0.0018916969509448843
0.001834498176266187
0.0017775316798278105
0.0017208172281761346
0.0016643664646884668
0.0016082076892714697
0.0015523629930840116
0.001496857430053661
0.001441742883892118
0.0013869956069824977
0.0013327105693719846
0.00127889977485247
0.001225611522736085
0.001172900802572556
0.0011207858958035657
0.0010693508497434982
0.0010186361090609231
0.0009686999487168002
0.0009196226729940882
0.0008714291462701749
0.0008242141663362571
0.0007780358785036348
0.0007329609922411433
0.0006890571363704817
0.0006463971126102598
0.0006050342552363127
0.0005650431919220546
0.0005264777941166373
0.0004893957285083022
0.0004538477129380017
0.00041988215251450564
0.0003875066766768414
0.00035678475215502323
0.00032770000341499197
0.0003003035063483484
0.0002745717003256887
0.00025044564136040187
0.00022796475165891733
0.00020708260366306767
0.00018773135507408757
0.00016989715846583354
0.00015347658544974445
0.00013840359165365665
0.00012465879995238925
0.00011209126658006136
0.00010073200469934505
0.00009038743402725341
0.00008103604278963323
0.00007263689271891481
0.00006501889759117647
0.00005818836459825304
0.00005201891687357458
0.000046430060005362855
0.000041560678749032296
0.000037133117538971054
0.000033152226184454965
0.00002960861030230602
0.0000264704931834602
0.000023579305693577035
0.000020999938222209183
0.000018778242517915976
0.000016840285573374706
0.000014977475017984375
0.00001336810106444328
0.000011927763574174741
0.000010619991258948625
9.497194006351676*^-6
8.472014901474632*^-6