0.013298283344754826
0.013192107648065665
0.012845086389145704
0.012252813629104771
0.011467538329291828
0.010577645368252783
0.009671633050651553
0.008813293131274422
0.008036773376361005
0.007353488116586634
0.006761322124756499
0.006251674382362082
0.005813710786074595
0.005436559535977145
0.005110282172602737
0.00482620407323235
0.004576946082113387
0.0043563367857404126
0.004159291643347087
0.003981691188639593
0.003820266433730204
0.003672485470674648
0.003536434576901839
0.0034106912606019814
0.0032941936764627686
0.0031861162672397587
0.003085762812146625
0.0029924851721411915
0.002905630868428386
0.002824517688724736
0.002748430373344677
0.002676633298206654
0.002608393296446438
0.002543007401482949
0.002479830838604881
0.0024183010377779473
0.0023579539149779644
0.002298430215709266
0.0022394602844570083
0.0021809043264992066
0.002122626790657003
0.0020645832469513284
0.002006750446063145
0.0019491218969148868
0.0018917015904830906
0.0018345033917002396
0.0017775355001384038
0.0017208202125641246
0.0016643697094623994
0.0016082092314525964
0.0015523657416679406
0.0014968608811482896
0.0014417367177514532
0.0013869985378230996
0.0013327117528166294
0.001278900053678632
0.001225612379916182
0.0011728967294693936
0.0011207868751521145
0.0010693506926581656
0.0010186367715781792
0.0009687020437518503
0.0009196279503597882
0.000871431527577041
0.0008242142043009068
0.0007780359897234346
0.0007329582185479505
0.0006890575707591626
0.0006463958811613938
0.0006050344976963267
0.0005650419483251379
0.0005264783296380334
0.0004893960289198919
0.0004538468746602413
0.00041988116130642675
0.0003875695726776455
0.00035677792848913217
0.00032770621953713585
0.00030030234890967574
0.0002745681833988908
0.00025044446802180615
0.00022797230605671521
0.00020708045748988322
0.0001877347914343704
0.00016989729196631152
0.00015371138276743443
0.00013840328610833502
0.00012465957987233046
0.00011209737872061874
0.0001007285913889388
0.0000903893393285706
0.00008103755403535055
0.00007263473514660973
0.00006501716893247369
0.00005818729412053629
0.00005201958335163697
0.00004644207338751708
0.00004155779228408876
0.000037137817664578285
0.00003315713639390953
0.00002960867629520691
0.000026472660750376875
0.000023580615686543162
0.00002099470427188759
0.000018780755879544997
0.000016844598821287475
0.000014983802253950082
0.000013364786102218035
0.000011921060737444555
0.000010625509050567111
9.49498081683207*^-6
8.466126692483386*^-6