0.0029818954697647376
0.002981886934172575
0.002981857081957402
0.0029817981514023576
0.002981700125336699
0.002981550129625899
0.002981331680575042
0.0029810237466416653
0.002980599583739153
0.002980025297352107
0.0029792580795781455
0.0029782440666120216
0.002976915765134595
0.0029751890040260946
0.0029729594047529827
0.0029700983952367223
0.0029664488929446987
0.002961820900662263
0.0029559874474742527
0.0029486815534546136
0.00293959519158177
0.0029283815199605194
0.0029146618702957133
0.002898038958434706
0.002878117345363353
0.002854531160687289
0.0028269774820157746
0.0027952517008368975
0.0027592795290564895
0.0027191389631551085
0.002675066571660759
0.002627444503176902
0.0025767686099591246
0.0025236022640464395
0.002468523822354926
0.002412077092353186
0.002354733091701091
0.002296868225791898
0.002238759784412567
0.0021805957357289374
0.0021224932985835425
0.0020645202369811845
0.0020067140509045134
0.001949096430713269
0.001891682535157781
0.001834486101561438
0.0017775218364377882
0.001720806487640595
0.0016643590811900833
0.0016082012677863535
0.0015523573288052017
0.001496854652470179
0.001441723359583902
0.0013869941609836393
0.0013327063905559185
0.0012788965474481646
0.0012256091934717199
0.0011728886694475744
0.0011207816895094397
0.0010693474118095268
0.0010186345116739803
0.0009686988936872541
0.0009196164676690883
0.0008714281240832618
0.0008242130962454398
0.0007780381529116914
0.0007329564133564488
0.0006890582966512847
0.0006463947988871758
0.0006050346343376876
0.0005650432276893244
0.0005264779187524551
0.000489396436109666
0.0004538459707423608
0.00041987327220038736
0.0003875079562883159
0.0003567816596258963
0.0003277104451095257
0.00030030115215993287
0.00027455607327161845
0.0002504603873656285
0.00022797613974435822
0.00020708722259394518
0.00018774049052510156
0.00016988759374734862
0.00015348709276768468
0.0001384178897518834
0.00012466245360762083
0.00011212290939609118
0.00010072693870111015
0.00009039063971071788
0.00008104190044253233
0.00007262324422358557
0.00006501862489712174
0.00005815947340060664
0.000052018295799839466
0.00004649396852169435
0.000041516508578438715
0.0000371413356752095
0.00003315860015973235
0.00002959959550396952
0.000026443097234981725
0.000023575848828413462
0.000020992118864940326
0.00001878094332469595
0.000016829935573946566
0.000014975438827602082
0.000013365145767050636
0.000011887842714193095
0.000010620923944977691
9.494023527746457*^-6
8.464391732199978*^-6