0.0029635537082027467
0.002963545977370834
0.002963518939483349
0.0029634655635979498
0.0029633767742386205
0.002963240904871587
0.002963043013180483
0.0029627640258619247
0.0029623796745339107
0.0029618591779290433
0.0029611636194688024
0.0029602439647429357
0.002959038662317856
0.0029574707768379007
0.0029554446204281787
0.0029528418840651304
0.0029495173352746293
0.002945294248801308
0.0029399599104113017
0.0029332617358038045
0.0029249048642576016
0.002914552411990117
0.0029018298988052428
0.002886335543973763
0.0028676579768836074
0.002845402190763065
0.002819223099613287
0.002788863865773528
0.0027541936537660537
0.002715237484250585
0.0026721904837444127
0.002625410844213154
0.002575390151264586
0.0025227052384428003
0.0024679604837002673
0.0024117317339232944
0.0023545220269933745
0.0022967355078900987
0.0022386708491216115
0.0021805308503549657
0.0021224420242041417
0.002064477386407644
0.0020066771250775582
0.0019490641667059328
0.0018915835604509821
0.001834461180076126
0.0017774999023812237
0.0017207872231232374
0.0016643421650311954
0.0016081864335717579
0.0015523443174000097
0.001496843403043921
0.001441714143018219
0.0013869854551111678
0.0013326982124215428
0.0012788897828875706
0.0012256034593795154
0.001172883631424209
0.0011207762597303535
0.0010693441620148424
0.0010186311554961555
0.0009687009594091514
0.0009196157361179038
0.0008714262320104781
0.0008242114253439162
0.0007780374823610662
0.0007329592944338089
0.000689057376447368
0.000646393358285969
0.000605033822655108
0.0005650420854725404
0.0005264774396931715
0.0004893958168810435
0.00045384516010883735
0.0004198740779339949
0.0003875074833620072
0.0003567815481609627
0.00032771053413447926
0.00030030223535053546
0.00027455626353678237
0.00025045335120305214
0.00022797668603238692
0.000207087873612429
0.0001877408006649163
0.00016988675433146047
0.00015349092306874034
0.00013841747714374764
0.00012466280000380714
0.00011212262598954969
0.00010072683978911996
0.00009038942951614028
0.0000810419777914532
0.00007262345403942512
0.00006502038169794793
0.0000581669432917669
0.00005201950787825772
0.000046493146637259013
0.0000415471313222695
0.000037142078862443036
0.00003315800233924364
0.000029598345496566977
0.00002644472905594817
0.000023574790079450992
0.000020970498461544817
0.000018780244858968557
0.000016829133017453766
0.000014974592722849058
0.000013361604393886396
0.000011882610255278628
0.00001063160724831447
9.495564784910864*^-6
8.464982087839877*^-6