0.003799214479212481
0.0037990920862013416
0.0037986642818924584
0.0037978209057338537
0.0037964213670746284
0.0037942878940366237
0.0037911980295934405
0.003786876764517783
0.003780989058603035
0.0037731340109749467
0.003762842585194316
0.003749581488423458
0.0037327663321704866
0.003711787183517958
0.0036860485307909836
0.003655023062625566
0.003618314456291386
0.003575719472736153
0.0035272760591868223
0.0034732843484462615
0.0034142928215990897
0.003351051192013116
0.003284440781116357
0.003215397829354641
0.0031448434591475217
0.003073627890356206
0.003002490167495984
0.0029320311799881306
0.0028626977531437175
0.002794777816094471
0.0027284064918516346
0.002663584383132539
0.0026002054443032352
0.002538092042760519
0.0024770300036475496
0.002416802303709846
0.0023572129327848806
0.002298101746139528
0.002239350063216402
0.002180878362064444
0.002122639087435173
0.0020646081402568538
0.0020067771748709298
0.0019491473077063969
0.0018917258954728592
0.0018345238615901857
0.0017775546774200194
0.0017208375292769623
0.0016643842386117821
0.0016082233371624772
0.0015523766430768338
0.0014968712942951207
0.0014417359016039516
0.001387005542101673
0.0013327156074758957
0.0012789066513499456
0.0012256188835525624
0.0011728961403906207
0.001120790635989223
0.0010693533646888406
0.0010186400641895817
0.0009687067682798967
0.0009196178032683237
0.0008714343285472815
0.0008242156314782721
0.0007780367411783549
0.0007329735332279289
0.0006890595776826372
0.0006463949339376322
0.0006050362159567392
0.0005650436979481749
0.0005264790309236796
0.0004893971248004657
0.00045384625633744903
0.00041987274252184583
0.0003875244549557626
0.00035678134498781384
0.00032770037747753577
0.00030030262596028373
0.0002745618514625022
0.0002504569227281824
0.00022797595271456563
0.0002070816319281186
0.0001877363250439794
0.000169889655231935
0.00015346928255011781
0.00013841206357433143
0.00012466213664792826
0.00011212170636663517
0.00010073052167845023
0.00009038706453780483
0.00008104861812778815
0.00007262122092390026
0.00006502098655123414
0.00005817914194023061
0.000052003531610532664
0.00004647376637768059
0.00004154776451665754
0.00003715292980831293
0.00003314286078393386
0.000029588786292170427
0.000026444345990910116
0.00002358012088868483
0.000020977149373031125
0.000018767260833078238
0.000016834832027645523
0.000014989908065553827
0.000013366917065327454
0.00001188743038480049
0.000010617456471130888
9.494538738228076*^-6
8.474905311086393*^-6