0.01364261987306113
0.013536346074027712
0.013188982071594973
0.012596034338759525
0.011809640991921406
0.01091804875247459
0.010009586100537256
0.009147840469402781
0.008366719949111569
0.00767736709744334
0.007077372449597216
0.006557837021112617
0.006107655035986885
0.0057157514336606385
0.005372104389779896
0.005068129089044298
0.004796751408717055
0.004552335213729404
0.004330534948945211
0.0041281030524223045
0.00394266948838898
0.0037725123494112642
0.003616341740170436
0.0034731171803390904
0.0033419108713678906
0.0032218189136193195
0.003111914104954453
0.003011229725265643
0.0029187633558346786
0.0028334920166814526
0.002754393014186461
0.0026804672510796603
0.0026107636181971782
0.0025444043727948433
0.002480605062729346
0.002418695367665539
0.002358129184871386
0.002298488407681265
0.0022394723814305275
0.0021808818371995744
0.002122595812072584
0.0020645516696754626
0.002006721293265904
0.0019490956297235577
0.0018916796601254077
0.0018344817569896914
0.0017775185003109954
0.0017208032520060186
0.0016643560634123076
0.0016081984507094055
0.0015523546785870667
0.0014968519875240133
0.0014417190367777253
0.0013869923009861666
0.001332704377071342
0.001278894194709835
0.001225606515190488
0.0011728887082842448
0.0011207806740316374
0.0010693648884339299
0.0010186365214040873
0.0009686935332261965
0.0009196113701458635
0.0008714282542206811
0.00082421307580912
0.0007780406578081078
0.0007329600729817632
0.0006890504958408142
0.0006463942927206847
0.000605035925976639
0.0005650425832033828
0.0005264763096817565
0.0004893961966046614
0.0004538558785620523
0.00041989304892951714
0.000387511939784908
0.0003567726181432437
0.00032771031404181213
0.00030030081047733887
0.0002745443309186733
0.0002504342510701497
0.0002279503728051783
0.00020708928938655057
0.00018771912246527507
0.00016990626664279326
0.00015347196675295435
0.0001384048274498959
0.0001246558824935142
0.00011207625125168923
0.00010072641030787299
0.00009038707181576391
0.00008104527590618964
0.00007263535896009303
0.00006500635443992518
0.000058124818020460276
0.00005202723193673895
0.000046378996868157055
0.00004156525760618763
0.000037145208333719495
0.00003315933881152426
0.00002962862011605431
0.00002645567229332423
0.00002357669589490514
0.000021006044887661596
0.000018789213613522368
0.000016856466404655005
0.000014968784938952904
0.000013368503920584419
0.00001192610470277758
0.00001062086225373257
9.496848244873915*^-6
8.479301764806045*^-6