0.006506799812913799
0.006504620547424057
0.006497027713546526
0.00648216926310211
0.0064578286124090155
0.00642145903629345
0.006370288624100416
0.006301517630812337
0.006212615100101324
0.006101691712346436
0.005967886404339349
0.00581167257734044
0.005634988409783619
0.005441136490621673
0.005234466561007589
0.005019917618586509
0.004802523278073684
0.004586973133193238
0.004377289311538855
0.004176640319696629
0.003987284396475442
0.0038106150524688403
0.0036472733208751705
0.003497291670085392
0.0033602418777616116
0.003235369315993898
0.003121704547120528
0.0030181502488296516
0.002923545969184249
0.00283671566910335
0.0027565045422722418
0.002681801949837838
0.0026115709177715303
0.0025448635906335625
0.0024808434575356738
0.0024188012879189182
0.002358160524641795
0.0022984812057626498
0.002239447228228213
0.0021808502007696763
0.0021225646086265424
0.0020645225274620346
0.0020066942209667734
0.001949071553289931
0.001891657936818124
0.0018344638482013659
0.0017775025182310842
0.0017207991260662604
0.001666383208394771
0.0016081873384086892
0.0015523444107902237
0.0014968431385898944
0.001441713358159693
0.0013869858814548948
0.0013326982611815627
0.0012788921157179576
0.0012255994041647834
0.001172883523888245
0.00112077975037169
0.0010693505848147116
0.0010186322435160365
0.0009687091188962356
0.0009196190862681998
0.0008714253443581149
0.0008242122441294374
0.0007780322696741127
0.0007329585193518546
0.0006890565776632935
0.0006463888487428228
0.000605034261356235
0.0005650434334903377
0.0005264779148191665
0.0004893931460960597
0.00045384670542915833
0.00041986914654494866
0.00038751669963676846
0.0003567752592156414
0.000327715365373238
0.0003002984798774972
0.00027453058298837073
0.00025046252365650814
0.00022789182927668354
0.00020710748630966595
0.00018771822538909201
0.0001699080329552383
0.00015346748526376934
0.00013841050886496283
0.0001246671166624191
0.00011201962765105822
0.00010072380022290476
0.00009038295293407235
0.00008103153543469897
0.00007264276655877724
0.0000650191941291205
0.00005814299202045583
0.00005202234961015325
0.000046314272427981884
0.00004157274542409269
0.00003716354889897964
0.000033134913064565096
0.000029643288644840045
0.000026449475789099146
0.00002355689463642145
0.000020974327701795234
0.000018785960828368586
0.000016850900813146857
0.000014951970065489841
0.000013371020389473599
0.000011929374349990594
0.000010630028739207703
9.519963102826975*^-6
8.472931439957979*^-6