0.004600564511771954
0.004600038411058205
0.004598201781481497
0.0045945913240641924
0.004588629841654893
0.004579612936952888
0.004566702767256066
0.004548934876909977
0.0045252456463383385
0.004494528091106715
0.00445572110739181
0.004407930320437349
0.004350567245474959
0.004283480195307802
0.004207041477158885
0.004122158446342437
0.004030194451020215
0.003932814217037115
0.0038317934889078352
0.0037288416882804167
0.0036254754994381093
0.0035229575139291494
0.003422291178638157
0.003324248757168582
0.0032294081917331
0.003138181909311947
0.00305083182693278
0.002967473865102689
0.002888079704137303
0.0028124831221281025
0.0027403964730659245
0.002671434752150961
0.002605150616681784
0.0025410722621291675
0.0024787333776557716
0.0024177161231339265
0.0023576690902556586
0.00229830617334438
0.0022394277374785604
0.002180899192128226
0.0021226361017484957
0.002064597779758333
0.0020067655171140428
0.0019491351915367232
0.001891714707690377
0.001834513756236165
0.001777544680636809
0.0017208271977981625
0.0016643763834455587
0.0016082171403654479
0.0015523711379272986
0.0014968670533843475
0.0014417336255644383
0.00138699236042847
0.001332713262703357
0.001278904880905516
0.0012256231464681435
0.0011728946036988178
0.0011207888729945503
0.0010693514627516671
0.0010186372255043279
0.000968704475621928
0.000919618779073565
0.0008714296923055187
0.0008242159542808173
0.0007780359986170943
0.0007329608688941509
0.0006890590289852287
0.0006463955008932231
0.0006050358147564006
0.0005650433144596829
0.0005264787399717415
0.0004893946063685414
0.0004538461934447179
0.00041987513214137006
0.0003875433666649255
0.00035678001466237896
0.0003277105579706022
0.00030030040735899157
0.0002745630482991631
0.0002504507431414548
0.00022797661409429073
0.00020708274611317236
0.00018773698774316334
0.00016989297993101846
0.00015347669505742675
0.00013841123873057205
0.00012465950045607055
0.0001121125539664339
0.00010072982749306068
0.00009038315679588577
0.00008104532349162005
0.00007262680895741033
0.00006503176100157225
0.00005818439148473397
0.00005201610193400896
0.000046463640376916586
0.000041561668648916025
0.00003713827490632407
0.00003315107021147072
0.000029575607152674078
0.000026562817982408964
0.00002358207011154143
0.000020989641093831944
0.000018787063625671885
0.000016844112429282437
0.000014984369514085374
0.00001336624710829486
0.000011878442655335366
0.000010619503968102972
9.49048197107832*^-6
8.461338213993086*^-6