0.0034352940806450967
0.0034352456757490817
0.003435076428756703
0.0034347425200312387
0.00343418767134768
0.00343334005528164
0.003432108642479692
0.003430378836616736
0.003428007593859163
0.003424818047574635
0.0034205940030731996
0.0034150748661821253
0.003407951924294194
0.0033988673182482314
0.0033874174669652193
0.0033731629846194566
0.0033556470171654984
0.00333442311447115
0.0033090920039253015
0.0032793439941562023
0.003245000807923
0.003206048593980385
0.003162654027829684
0.0031151584194579144
0.0030640498280686294
0.003009918318475221
0.0029534026189009265
0.0028951367850779284
0.0028357038419161273
0.002775601125055464
0.002715219911430613
0.0026548400929251735
0.0025946383905581126
0.002534706785263927
0.002475076064180883
0.002415739634278085
0.00235667331254913
0.002297849195049977
0.0022392435329303996
0.0021808398644778014
0.0021226292052030494
0.00206460888870629
0.0020067811664579494
0.0019491519925623102
0.001891730411261239
0.001834527896875826
0.0017775584378457276
0.0017208388690973942
0.0016643903719400002
0.0016082261756027573
0.0015523789421434328
0.0014968734450755824
0.0014417413212721721
0.001387008356593905
0.0013327182490052733
0.0012789074245143453
0.001225618875305505
0.001172896842142181
0.0011207914642181942
0.0010693542000927432
0.0010186403079920055
0.0009687036123942159
0.0009196172553758296
0.0008714315121860569
0.0008242172325514157
0.0007780371894192283
0.0007329655969939564
0.0006890589461312495
0.0006463949431426615
0.0006050380382829633
0.0005650439218098584
0.000526478834948597
0.0004893950742416104
0.00045384371667458133
0.00041987156034235324
0.00038751720622916963
0.0003567815310061968
0.0003277071209725693
0.000300300544375518
0.00027455765165525925
0.0002504528222154783
0.00022797518852369047
0.00020708934362804917
0.00018774788702346503
0.0001698859199546018
0.00015349596584182017
0.00013841453828645917
0.00012466027867373618
0.00011212636850767527
0.00010072237430107687
0.00009038324353911637
0.00008104746889152997
0.00007262170105192671
0.00006502351557429984
0.00005817512018494999
0.00005201469998338515
0.00004648565403516889
0.0000415497514730962
0.00003715896155522074
0.00003314468819047783
0.000029594603884182905
0.00002643993389461105
0.000023579281029901758
0.000020979650100435497
0.00001877304667932681
0.000016834202625278472
0.000014986991491191895
0.000013364016244677146
0.000011883332391250344
0.00001061837808923157
9.496680519040962*^-6
8.456907433650455*^-6