0.01454664219553081
0.014439659038592352
0.014089822008043443
0.013492027954111897
0.012697676309999593
0.011794149792855457
0.010868813027798463
0.009984247614779437
0.009173413606833084
0.008446708017968377
0.007801357238498117
0.007228662043002516
0.006718416449251904
0.006261178178778892
0.005849181107361049
0.005476467331418218
0.005138618721455641
0.00483233666796228
0.004555027098948181
0.004304474167240184
0.004078628296265397
0.0038754947213430436
0.0036930966199318605
0.0035294754374861187
0.0033827143242494105
0.003250955853044298
0.003132430442833118
0.003025459210915826
0.0029284650874103375
0.002839972065321299
0.002758619742745917
0.0026831389292592124
0.002612391619596204
0.0025453447886269924
0.002481109699538957
0.002418940468491271
0.002358225753157807
0.0022985075970467688
0.0022394521996452464
0.0021808452179268023
0.0021225585481103263
0.00206451601527343
0.0020066875385845533
0.001949065985875665
0.0018916536071939538
0.0018344590361162444
0.0017774990055121377
0.0017207870523835564
0.0016643416181662941
0.0016081860161386943
0.0015523406767631242
0.0014968407511693784
0.001441711138334133
0.0013870045269753991
0.0013326963816971435
0.0012788888517199378
0.0012255825733982555
0.001172881964816505
0.0011207781506489716
0.0010693634077687147
0.001018631778041756
0.0009685606714971885
0.0009196086011653191
0.0008714290388363839
0.0008242151071474337
0.0007780331288454109
0.0007329581452145593
0.000689058127276524
0.0006463962539108475
0.0006050331344415043
0.00056504738399729
0.0005264760778760364
0.0004893889105320984
0.0004538441170748412
0.0004198702767799738
0.0003875021067992775
0.0003567798604097073
0.00032771539184131164
0.000300298821671339
0.0002745213387245675
0.0002504714602149171
0.00022789305956138933
0.0002071255084180609
0.00018773098599983405
0.00016991839090668877
0.00015346341967700805
0.00013840795082020822
0.00012465929392055445
0.00011211691185375316
0.00010072765311355364
0.00009039013517690029
0.00008103087873826538
0.00007264206725958217
0.00006501973684397135
0.000058147201873907535
0.000052003673377349876
0.00004647795238955559
0.000041575709276149844
0.00003717347528901511
0.000033155721006633145
0.000029647016485912058
0.000026432595671052635
0.00002355247823170972
0.000020987715343727732
0.000018789415820701198
0.000016855729485386987
0.000014942420705680212
0.000013385345168136218
0.000011932545435782688
0.000010635603107213382
9.52668260870029*^-6
8.462666825852892*^-6