0.003043477281581828
0.0030434658815889
0.003043426012399619
0.003043347311798092
0.0030432164123327127
0.0030430161450389448
0.003042724546946961
0.0030423136299918612
0.003041747863177305
0.00304098231552257
0.0030399604063376757
0.003038611214754619
0.003036846316829848
0.003034556152639418
0.0030316059867324255
0.0030278316243792926
0.0030230351952005214
0.0030169815236758065
0.0030093958703727923
0.002999964122497889
0.0029883367691532397
0.0029741381183622734
0.0029569819234843905
0.0029364939813578544
0.0029123407612730717
0.0028842614354282047
0.00285209878363544
0.002815823357058177
0.0027755456247435936
0.002731512858249122
0.002684090693798216
0.002633732498040833
0.0025809416820140535
0.0025262326919418005
0.0024700954212732366
0.002412966844212262
0.002355212168832675
0.0022971166412111155
0.0022388875886152925
0.002180664669872796
0.0021225350148671
0.0020645495125135955
0.0020067371956773977
0.0019491159618455652
0.00189169946837186
0.0018345009465426762
0.0017775347995890908
0.0017208180454848993
0.0016643692706239388
0.001608210328469407
0.001552365257587261
0.0014968621624517034
0.0014417283614948833
0.0013869995161496387
0.001332710160046553
0.0012788999309228215
0.0012256128276582337
0.0011728914531067799
0.0011207869519136244
0.0010693501598359498
0.001018635825734823
0.0009687041811599621
0.0009196140851002436
0.0008714289476349319
0.000824214286410321
0.0007780354226437534
0.0007329611110948094
0.0006890595989236164
0.0006463946642236087
0.0006050352366937597
0.000565043208614288
0.0005264782147277929
0.0004893971957830745
0.00045384539928231487
0.00041987382233518494
0.00038751026591393755
0.00035678127039780796
0.0003277094851271648
0.00030030274998936495
0.00027455735371487047
0.00025045276320655684
0.0002279773097795475
0.00020708935175405834
0.00018774316360768828
0.00016988694203380514
0.00015349404571980704
0.0001384171971969771
0.00012466224880892227
0.00011212353837510911
0.00010072649524510556
0.00009038971582815907
0.00008104249940748314
0.00007262275656166455
0.00006501874810499862
0.00005816814957471754
0.000052018954597096095
0.00004648938467534887
0.00004151752304211201
0.00003714692790753957
0.00003315766796159653
0.00002959714672508824
0.000026443238228743194
0.00002357495538806
0.000020992427318157958
0.00001877856676864162
0.000016827696092037286
0.00001497850582468529
0.000013364198970213169
0.000011884786407239855
0.00001062160826695414
9.494495324372245*^-6
8.465111515528604*^-6