0.002952363574788234
0.002952356277420235
0.002952330755431617
0.0029522803716380843
0.0029521965581732275
0.002952068299824758
0.0029518814863013936
0.0029516181025340035
0.0029512552200582666
0.002950763746035276
0.0029501068800563955
0.002949238223519937
0.002948099483745365
0.0029466177184853813
0.002944702074822073
0.0029422400187066526
0.0029390930833275548
0.002935092278902959
0.002930033436167384
0.0029236729693708475
0.0029157248258557017
0.0029058597336738545
0.0028937082192333702
0.0028788691390649918
0.002860925473730683
0.00283946862103441
0.0028141311632483533
0.002784625892814098
0.0027507863744354612
0.002712601341757766
0.002670234613460838
0.0026240231167182658
0.002574450244753536
0.002522097604178559
0.0024675844648271807
0.0024115071904758315
0.002354390399959428
0.002296657448062891
0.002238622031656722
0.0021804974459548867
0.002122416794863063
0.0020644568187532827
0.0020066595969178255
0.001949048919511192
0.0018916408291832633
0.0018344494263902395
0.0017774895741019467
0.0017207781248863784
0.001664334164659815
0.0016081793970064524
0.001552338146449536
0.0014968379202005158
0.001441708950924663
0.0013869813159056088
0.0013326946451449125
0.001278886723148559
0.0012256007144811343
0.0011728812934892416
0.0011207747249615616
0.001069342392947864
0.0010186297106883051
0.000968699417192144
0.0009196138258291501
0.0008714252003141661
0.0008242105724371538
0.0007780366094909305
0.0007329536589725304
0.0006890567985371899
0.000646393076975878
0.0006050335240938868
0.0005650418063066548
0.0005264772068661737
0.0004893959848834782
0.0004538449975792578
0.0004198735786145468
0.0003875074039304833
0.0003567814951522583
0.0003277098154223073
0.0003003019616531388
0.00027455620619192304
0.00025045307511908574
0.0002279764388092954
0.00020708707116276056
0.00018774083847817417
0.00016988685075133584
0.00015349053145015265
0.00013841736047966812
0.00012466282057111596
0.0001121231593929104
0.00010072682405388135
0.00009038965692831997
0.00008104166822549803
0.00007262370040233925
0.0000650203743213342
0.000058159183586341384
0.000052019135527642756
0.00004649370662466093
0.0000415475849599875
0.00003714227092540911
0.00003315799839052925
0.000029598427800415596
0.000026445096618426477
0.000023574474390980703
0.000020969807400795556
0.00001878005848533144
0.00001682975322785112
0.000014974458531380763
0.000013361504880887853
0.000011882115551522053
0.000010631393999058787
9.494637247871761*^-6
8.465067285836492*^-6