0.003380137856580057
0.0033801001339739878
0.003379968226794255
0.0033797079374952247
0.003379275278005017
0.0033786139874107165
0.003377652518817318
0.0033763004343819575
0.003374444175186698
0.00337194222848418
0.003368619813434055
0.0033642633655296596
0.003358615337734135
0.0033513701644374942
0.003342172661109058
0.0033306204301517435
0.0033162726786990096
0.003298666904574538
0.003277345565605973
0.0032518924066568047
0.003221976178137935
0.0031873962840455565
0.00314812216508041
0.003104317094098862
0.0030563386568141964
0.0030047126500464764
0.002950083278800221
0.002893148295260096
0.0028345911795500675
0.0027750226368803005
0.0027149403809977827
0.002654711657509633
0.0025945769746252515
0.002534670082972872
0.002475045951248066
0.0024157103136806754
0.002356644148039228
0.002297821033470263
0.0022392172320484425
0.0021808159105610857
0.0021226077297707637
0.0020645897908039557
0.002006764269156018
0.0019491370519110344
0.001891717187390879
0.0018345162406829267
0.0017775481667467144
0.0017208303640761783
0.0016643861798344233
0.0016082189157573866
0.0015523728816950369
0.0014968678701909202
0.0014417336204538367
0.0013870038995417633
0.001332714299002507
0.0012789038411595874
0.0012256198500837467
0.001172894306026026
0.001120789537606837
0.001069352573402494
0.0010186389323903562
0.0009687058227296482
0.0009196167255583641
0.0008714308630953212
0.0008242157110953146
0.0007780363315811236
0.0007329677609006183
0.000689059002223601
0.0006463937162029325
0.0006050384719687671
0.0005650436922299991
0.0005264787948807166
0.0004893980543686795
0.000453842085934961
0.0004198717337858188
0.0003875210815589445
0.00035678054151207504
0.00032770466806563976
0.00030030249420218456
0.0002745593461268549
0.00025045183571971723
0.00022797506693402456
0.0002070835314668578
0.00018773956009138966
0.00016988577975676666
0.00015350007996452745
0.00013841465804957152
0.00012466128014077725
0.00011211953112309925
0.00010072390002445502
0.00009040693840158246
0.00008104811408326127
0.00007262002876429076
0.00006502376466100712
0.000058183348396527734
0.000052002246420663146
0.000046480477183060334
0.00004154841491173299
0.000037160432040273576
0.00003313819856827435
0.000029594166401181827
0.000026442096118445528
0.000023580640727335447
0.000020973966200848493
0.0000187718063856805
0.000016833069507457142
0.000014990489402516661
0.000013365302082001823
0.000011878913355158387
0.000010620277543872826
9.4978908809594*^-6
8.454159397721705*^-6