0.003919116337049232
0.003918981260750693
0.003918509112616387
0.003917578264320466
0.003916033417221995
0.003913678065338244
0.003910266070739442
0.00390549273687527
0.0038989861674050596
0.003890300237868753
0.0038789112185933067
0.0038642208724460627
0.0038455695040035412
0.0038222625696054933
0.0037936135258566134
0.003759003065223755
0.0037179506194400325
0.0036701887409248822
0.0036157265544845656
0.0035548872940639777
0.0034883088586602842
0.003416904046658142
0.0033417868910607324
0.003264177562277133
0.00318530134169466
0.0031062952094487884
0.0030281323561120515
0.002951570951492823
0.0028771296794210498
0.0028050888583101012
0.002735514325832834
0.0026682949375635965
0.002603192586919787
0.002539894023411983
0.0024780524316230005
0.0024173393872205205
0.0023574694373064637
0.002298203851933825
0.0022393756259001278
0.002180871364291782
0.0021226194115865405
0.0020645861303820287
0.0020067563226304863
0.0019491274281039658
0.0018917079684237315
0.001834507852357949
0.0017775394961758303
0.001720822643744024
0.0016643723846333888
0.0016082136314403534
0.0015523680615517307
0.0014968643590530086
0.0014417312686812438
0.0013869903015374123
0.0013327114668521276
0.0012789033171000874
0.001225621787205187
0.0011728934245621957
0.0011207878523035314
0.0010693505812575815
0.001018636466105866
0.000968703823150667
0.0009196182200693229
0.0008714292148351079
0.0008242155477729317
0.0007780356537199746
0.0007329605773412182
0.0006890587834828296
0.0006463952950169927
0.0006050356428592
0.0005650431715888224
0.0005264786217971509
0.0004893945091132282
0.00045384611382703286
0.00041987506732234285
0.00038754331484922315
0.00035677997243584755
0.00032771052419700085
0.00030030038042406246
0.0002745630275754844
0.00025045072650773883
0.00022797660172089272
0.0002070827360715524
0.0001877369800206182
0.0001698929740352474
0.00015347669252938734
0.00013841123532148353
0.00012465949772097964
0.00011211255553148045
0.00010072982632030984
0.00009038315479827109
0.00008104532287010414
0.00007262693785154885
0.00006503182291746958
0.00005818442660589006
0.000052016079515680544
0.0000464636343844252
0.00004156164114316773
0.00003713834999559187
0.000033150975892218685
0.000029575604463325785
0.000026563343363470323
0.000023581938774273267
0.00002098934426798844
0.000018786992521476518
0.00001684439213451859
0.00001498432898369631
0.000013366206353822673
0.000011878196534491425
0.000010619454317731594
9.490226937511145*^-6
8.461278028595507*^-6