0.008649571558850372
0.008635939723669956
0.008589077892734722
0.008500104764920673
0.008361609145020477
0.008169649819764747
0.007925467715613862
0.0076360481474756665
0.00731304870008313
0.006970424927136964
0.006621740422060863
0.006278145612398346
0.00594747166852173
0.005634311384192658
0.005340680572018697
0.00506686393656574
0.004812186809189585
0.004575592274176706
0.004355997693673055
0.004152458395614445
0.003964192320019526
0.0037905260860026596
0.0036308150833092023
0.0034843733643587396
0.0033504302619827065
0.003228115717118137
0.003116467842825153
0.0030144538095635658
0.0029209965137525994
0.0028350020483781722
0.0027553861975752455
0.0026810992509266537
0.002611148775465963
0.002544627932181925
0.002480725830063798
0.002418753560014815
0.002358150351883571
0.0022984905329205617
0.0022394672742335996
0.0021808733300718174
0.0021225850144608576
0.002064541080826874
0.002006712722658948
0.0019490879809349838
0.0018916732749709444
0.0018344767244222562
0.0017775137175734626
0.0017207991203438333
0.001664352036561834
0.0016081951754735014
0.00155235163932812
0.0014968493501400259
0.0014417140307436945
0.001386987850156715
0.0013327019867484967
0.0012788941873753843
0.001225605948900487
0.0011728858710386286
0.0011207818176817454
0.00106938441080276
0.0010186356886786928
0.0009686967264716897
0.0009196105373403179
0.0008714259536842
0.0008242163115752107
0.000778034646661337
0.000732958113998204
0.0006890542023400918
0.0006463938761030215
0.0006050369759373844
0.0005650427334703421
0.0005264782652343869
0.0004893950554443844
0.00045384708892868083
0.0004198685747936354
0.00038750696246194215
0.00035676945761941344
0.0003277111569213443
0.00030029937341226527
0.0002745390763524029
0.00025045456586082976
0.0002279389305926549
0.00020709346384626843
0.00018772139184888655
0.00016990701847016554
0.0001534786225922527
0.00013839717288795575
0.00012465563992894733
0.00011206045085885945
0.00010072356093457009
0.00009039072902557287
0.00008104432626695591
0.00007263789255265324
0.00006501640315281059
0.0000581237774712078
0.000052031251110591194
0.000046362667904649855
0.00004157319394519894
0.00003714215556523342
0.00003314224593221561
0.0000296298379745607
0.00002647205099303943
0.000023575979719374747
0.000021003470963540375
0.00001877772061455665
0.000016856961395485715
0.000014946873186951986
0.0000133496414353166
0.000011924881323571534
0.000010626157100303254
9.500721022586841*^-6
8.472576235453992*^-6