0.0035105787809277373
0.0035105248412334545
0.0035103362407819874
0.003509964144361487
0.0035093458250880457
0.0035084012211725074
0.0035070288147348964
0.003505100797604579
0.003502457556713277
0.0034989016307108074
0.0034941914809940027
0.003488035705728515
0.0034800887169344455
0.003469949383976174
0.003457164653275674
0.003441240527458739
0.0034216627613010346
0.0033979288561037276
0.003369591093819047
0.0033363074061816787
0.003297893336041893
0.003254365398470372
0.0032059653143671784
0.0031531569526898227
0.0030965931974508954
0.0030370567527559177
0.0029753848368418655
0.002912390827086282
0.002848795694314995
0.0027851795397047423
0.0027219574442674177
0.002659380565218294
0.0025975569444479005
0.0025364859919372127
0.002476096270248496
0.002416283084829546
0.0023569363047608333
0.0022979589652305427
0.002239276552680661
0.002180838483368452
0.002122614732121297
0.0020645908926343564
0.002006763453601161
0.0019491356847746745
0.001891715794925855
0.00183451500997569
0.001777546903342255
0.0017208306999643287
0.0016643782416201484
0.001608218074632344
0.0015523720291151213
0.0014968672532227857
0.0014417323665772996
0.0013870024539754243
0.0013327129138475868
0.001278904305746764
0.0012256168447323265
0.0011728943717381516
0.0011207891049897893
0.001069352042468245
0.001018638925110794
0.0009687057895860992
0.0009196169647712132
0.0008714336123482629
0.0008242150217210083
0.0007780362238359198
0.0007329730959046809
0.0006890592094306677
0.0006463946251244196
0.0006050359581117104
0.0005650434836418006
0.0005264788536625387
0.0004893969790337875
0.000453846136911089
0.0004198726452960974
0.0003875243777008195
0.000356781281648105
0.00032770032669595896
0.0003003025855034558
0.00027456182074241787
0.00025045689778112676
0.00022797593438417013
0.00020708161685022928
0.0001877363136521658
0.00016988964640303198
0.00015346927877010204
0.0001384120577370317
0.000124662171339413
0.00011212170906045178
0.00010073052003763294
0.0000903870600401882
0.00008104861694126183
0.00007262141317874551
0.00006502108607293354
0.00005817920522610657
0.00005200348247973669
0.00004647374610958246
0.000041547762000092426
0.00003714910852368696
0.0000331425796579182
0.000029588766256342003
0.000026444455621737627
0.00002357990682588037
0.00002097670973732595
0.00001876711319255148
0.000016835254900389703
0.000014989884462099934
0.000013366879990393316
0.000011887578643241785
0.000010614787133092218
9.49448761583597*^-6
8.476164414383527*^-6