0.009922393769866195
0.009907299504031178
0.009855346633050453
0.009756435000152719
0.009601726652064034
0.009385701574034351
0.009107986722659
0.008774111901870524
0.00839470475306323
0.007983423146311204
0.007554540312747502
0.007121071211300685
0.006693802071408759
0.006281067858171383
0.005888927426196712
0.0055214633249869
0.005181086278473659
0.004868823851355141
0.004584600815090562
0.004327510540149676
0.004096065484513065
0.0038884128296619172
0.003702506723393963
0.0035362359512913608
0.003387511558964212
0.003254321925115809
0.0031347633740296623
0.003027054066172483
0.0029295375071329162
0.0028406809306983907
0.0027590725001901337
0.0026834203019236074
0.002612554715975424
0.0025454343032523924
0.002481154579780222
0.002418955859941027
0.002358225549810259
0.0022984995538172454
0.002239441353315627
0.0021808383789127255
0.002122548204816314
0.002064505868091005
0.002006678208256927
0.0019490571556994153
0.0018916444209266408
0.0018344522852675477
0.0017774922964672285
0.0017207898610035765
0.0016643378535645095
0.0016081884096414301
0.001552337908492151
0.0014968359771174603
0.0014417079674128963
0.0013869822229355055
0.0013326948001358488
0.0012788869159675346
0.0012256023750753526
0.001172883993650865
0.0011207768740673259
0.001069408829880586
0.0010186313095625701
0.0009687043871080918
0.000919605737423819
0.0008714317559040343
0.0008242212356908843
0.0007780314721489368
0.0007329610023469851
0.000689059020747667
0.0006464017535979681
0.0006050328186608642
0.0005650481119198734
0.0005264806500503445
0.0004893896535709207
0.00045384498406040815
0.0004198744371255946
0.0003875029818683287
0.00035677901978441135
0.0003275223367825307
0.00030030165671119665
0.0002745024736022181
0.0002504849143474172
0.00022797230852627235
0.00020714707884683637
0.00018769519305958564
0.00016995254651777455
0.00015345219201662072
0.0001384072145766985
0.00012467222683800513
0.0001121133564698373
0.00010073891005632836
0.00009041269950004181
0.0000810313780167443
0.00007269890306583503
0.0000650296386179286
0.0000581426982612909
0.00005206272620837859
0.000046485644923566976
0.000041569995645111416
0.0000371353015616608
0.000033157303171314836
0.000029631386458183757
0.000026425032139628454
0.00002354244592713972
0.000020986019065367197
0.000018776598752000926
0.00001684661525535982
0.000014942777369992959
0.00001337987057826355
0.000011927889245770399
0.000010626210931821222
9.520368939849371*^-6
8.45282170755667*^-6