0.003278828013284173
0.0032788003432894573
0.003278703582795464
0.003278512624996361
0.0032781951436697313
0.0032777097266782737
0.0032770036319662932
0.003276009980021869
0.003274644491467144
0.0032728016186659723
0.003270350141777422
0.0032671283314000517
0.0032629389304830356
0.003257544420140756
0.003250663325275289
0.003241968677837722
0.0032310901415908483
0.00321762160359817
0.003201136065223945
0.003181209161741444
0.00315745135515027
0.003129546699851081
0.0030972933776409997
0.0030606387496382053
0.003019700651783146
0.002974768083505084
0.0029262784811589443
0.002874774392017231
0.002820847653552779
0.0027650821915796075
0.002708006174706508
0.0026500609967772958
0.002591589321027656
0.0025328397464914752
0.002473982101166691
0.00241512703661108
0.0023563443786223325
0.002297677568441383
0.002239153693521417
0.002180789967771463
0.002122597928339086
0.002064586291462581
0.002006762996420999
0.0019491365351751817
0.001891716959102928
0.001834516102495129
0.0017775480772700889
0.0017208297666425239
0.0016643823782415603
0.001608219160494339
0.0015523727913167242
0.0014968680577685655
0.0014417366084650495
0.0013870042394847305
0.001332714657778043
0.0012789042972393087
0.0012256161570170382
0.0011728944840368038
0.0011207894229548654
0.0010693524371809097
0.0010186387892558238
0.0009687023074873029
0.0009196161373970111
0.0008714305572661569
0.0008242164195530516
0.000778036499635241
0.0007329650139085804
0.0006890584550237681
0.0006463945313902601
0.0006050376944968405
0.0005650436360672723
0.0005264785986018126
0.0004893948799840827
0.00045384355738052503
0.00041987143071966517
0.00038751710458327984
0.00035678144656812685
0.00032770705311864013
0.00030030049009551726
0.0002745576114167018
0.000250452788881033
0.00022797516458495469
0.00020708933536292903
0.00018774789438832478
0.00016988589994808853
0.00015349620843924724
0.0001384145309116837
0.00012466033006979055
0.00011212643994736375
0.00010072237101950833
0.00009038322163761819
0.00008104747218039422
0.00007262196018195509
0.0000650237250377425
0.00005817522176014048
0.00005201466484072103
0.0000464858627804823
0.000041549746352710915
0.00003715919066690367
0.00003314444941634737
0.000029594589460521947
0.00002643995468036239
0.000023578976978026254
0.000020978601551521653
0.000018772792436110877
0.000016833643782469164
0.000014986591426588962
0.000013364158848078237
0.000011881222154610975
0.000010618151737184042
9.49671713248711*^-6
8.457162244905337*^-6