0.00368285472571296
0.0036827727809573517
0.003682486293901102
0.0036819212251433704
0.0036809826845997126
0.0036795499487907884
0.003677470634855216
0.003674554094018839
0.0036705642473955124
0.0036652123415237044
0.0036581504749167147
0.0036489672497936453
0.0036371875043636074
0.0036222786720376803
0.0036036666673891415
0.0035807639520380316
0.003553011150204333
0.003519930949497263
0.00348118917949739
0.0034366538237867506
0.0033864399545598203
0.0033309289455113944
0.003270754566176804
0.0032067556253463567
0.003139902189975797
0.003071207605004208
0.0030016405799968516
0.0029320499486329915
0.002863110385093019
0.0027952960851693118
0.0027288787288565867
0.0026639491273951627
0.0026004539694477174
0.0025382421476288605
0.0024771068648918922
0.002416830974119932
0.0023572134857233916
0.0022980878266095637
0.0022393300193356315
0.0021808570290806103
0.0021226187153040154
0.002064589594078811
0.0020067606614272535
0.0019491324264888283
0.0018917127503072261
0.001834512498471251
0.0017775441943146241
0.001720832208484299
0.0016643761075348915
0.0016082163402002315
0.0015523705031964892
0.0014968660291995815
0.0014417325283148038
0.001386998874999166
0.0013327095884052723
0.0012789037373112568
0.0012256180221180218
0.0011728939357332397
0.0011207885861611408
0.0010693515169280558
0.0010186387478134623
0.0009687046231053438
0.0009196160394103045
0.0008714293867508602
0.0008242151857990266
0.0007780350669485778
0.0007329624311453289
0.0006890591509813001
0.0006463953090884408
0.0006050356944572073
0.0005650430927995469
0.0005264776026406142
0.0004893948741245231
0.0004538455782215016
0.0004198736325850823
0.00038753184613178496
0.00035681700150931594
0.00032770785368344425
0.0003003048976024586
0.00027456500524299343
0.00025045859631364685
0.00022797911964361439
0.0002070818581454541
0.00018773486587341385
0.00016989106767776346
0.00015347238922572572
0.0001384151602935653
0.0001248020662266024
0.00011211977764712358
0.00010073015902876232
0.00009038730085291945
0.00008105032494217784
0.00007262167409909727
0.00006502688286633955
0.00005818148658144168
0.0000520168358523029
0.00004646983632078828
0.00004155104457605821
0.00003714897652117509
0.00003314104037346112
0.000029582755861096572
0.000026561462949341516
0.000023581036631794122
0.000020977295452590632
0.000018787499486392363
0.000016846128190922186
0.000014982078180354804
0.000013365912769935405
0.000011886771241909923
0.000010619991530850402
9.490165052924401*^-6
8.468996210190452*^-6