0.004262066521497049
0.004261815901579744
0.004260940201227574
0.004259215202543902
0.0042563566341185756
0.004252008497498884
0.004245731357134621
0.00423699216830118
0.004225158155378824
0.004209498349874653
0.004189197403989122
0.004163386675249082
0.004131196672284421
0.004091831672189253
0.004044661694208017
0.00398931955193941
0.003925784271055907
0.003854430326775215
0.0037760281268074715
0.0036916925072436324
0.003602790329118293
0.0035108261637934023
0.0034173256347785476
0.0033237312905842514
0.0032313183642796615
0.003141133961108702
0.0030539606312375905
0.0029703040378753166
0.0028904028079202305
0.002814256857626414
0.0027416691822425418
0.002672295697255403
0.002605698055693212
0.0025413949780147527
0.002478908177934824
0.0024177995090516107
0.002357696686146498
0.002298306388787475
0.0022394097543280453
0.0021808804579077743
0.0021226167787802876
0.002064578804263872
0.0020067478778560796
0.001949120678415465
0.0018917011321739796
0.001834501693178547
0.001777530822319589
0.0017208189490882126
0.0016643691179843941
0.001608209548974038
0.0015523652416205213
0.0014968608864709863
0.001441732279430504
0.0013869693742638248
0.0013327109339910422
0.0012789002491819452
0.0012256149563946372
0.0011728940552598818
0.0011207867589394969
0.0010693496689235568
0.0010186366419977545
0.0009687006272310985
0.0009196228521939025
0.0008714298287580869
0.0008242171778345311
0.00077803558964939
0.00073312505991554
0.0006890588166898286
0.0006463955533535381
0.0006050346731103793
0.0005650424914215178
0.0005264784573604087
0.000489394339706893
0.00045384634263543797
0.0004198783197392305
0.0003875584065225315
0.0003567799685937211
0.00032770678832359914
0.0003003010454245731
0.0002745658907944857
0.00025044809284832306
0.00022797449962979355
0.00020708165971399425
0.0001877369062036717
0.00016989436164432418
0.00015367508491502633
0.00013840670695046262
0.00012465956239157371
0.0001121037030011575
0.00010073373670609539
0.00009038333500933424
0.00008103704966289198
0.00007263256927042071
0.00006501771403000914
0.000058182467913196714
0.00005201818261592554
0.0000464553228427557
0.000041559384315439085
0.00003713699583214485
0.00003315926468586181
0.00002956927215848985
0.00002646423764058944
0.00002357923974929189
0.00002098929733076958
0.000018784820989275585
0.00001684334997505353
0.000014986475794133478
0.000013367616977084895
0.000011923150914563392
0.000010621250417024821
9.492205590225423*^-6
8.46476287569066*^-6