0.0029806514761211637
0.002980643054112123
0.002980613599073672
0.002980555452271395
0.0029804587290182204
0.0029803107246585475
0.0029800951710756652
0.0029797913093045
0.0029793727376274865
0.002978805988285695
0.0029780487804892722
0.0029770478942335835
0.0029757366109535734
0.0029740316771032396
0.0029718297710564314
0.0029690035004113938
0.0029653970365826404
0.0029608216180784
0.0029550513464202434
0.0029478199240310036
0.002938819325192179
0.0029277016951395445
0.002914086013175508
0.0028975711147622304
0.0028777562466886656
0.002854269310226761
0.002826801219223304
0.002795142596439995
0.0027592168745887782
0.002719103017264405
0.002675041364103135
0.002627419486022742
0.0025767387273312025
0.0025235667333900333
0.0024684843402247854
0.0024120361906371287
0.0023547018477323017
0.0022968306288527487
0.0022387254515258866
0.0021805649242784214
0.0021224659190034515
0.002064496023864556
0.0020066926862766054
0.0019490775956092442
0.0018916659374136422
0.0018344714936490798
0.0017775089492601257
0.001720795220216321
0.0016643492025509524
0.0016081926427267174
0.0015523497596695115
0.0014968483334457546
0.0014417164961483503
0.0013869891130978578
0.001332701300362757
0.0012788923711827764
0.001225605900582555
0.0011728856493637193
0.001120782274998573
0.0010693457198996718
0.0010186323205376932
0.0009687010389184101
0.000919611363702082
0.0008714266301283948
0.0008242122258742891
0.0007780386019285133
0.0007329597494899738
0.0006890580016317284
0.000646393688215019
0.0006050340189895115
0.0005650423217602153
0.0005264776382803437
0.0004893963714206136
0.00045384516905632165
0.00041987505704323705
0.0003875077914669113
0.00035678180072643353
0.00032771067400913853
0.0003003025285879888
0.00027455668924341437
0.0002504527420059297
0.00022797752021822587
0.00020708858702807445
0.00018774255577658805
0.00016988700314320973
0.0001534922320885462
0.00013841770616102787
0.00012466276347945584
0.00011212270350056638
0.0001007270281891674
0.00009038897272421333
0.00008104117478650997
0.00007262338218183517
0.00006501807609779974
0.00005816716386210113
0.00005201858456895287
0.000046492838094087634
0.00004154903129889016
0.00003714211304266243
0.00003315771678711308
0.00002959707443704458
0.00002644374016796062
0.000023574637528923172
0.00002097196121860564
0.00001878102949294702
0.00001683120469754207
0.000014975071037769186
0.000013363207475863949
0.000011883132332835687
0.000010626781351869381
9.495385833129414*^-6
8.463822978824318*^-6