0.0032592652915770974
0.003259240335528544
0.003259153063308106
0.003258980820440698
0.00325869442389701
0.003258256468964782
0.0032576192456803457
0.003256722198593695
0.0032554888671928674
0.0032538232597558673
0.003251605648673787
0.0032486878416618033
0.0032448880955697175
0.003239986015102044
0.0032337180515008175
0.0032257744170492444
0.0032157991323224044
0.0032033943473568313
0.003188131570181792
0.0031695713264978144
0.003147292442568758
0.003120930211004321
0.003090219948373287
0.0030550392314689185
0.0030154396056127786
0.002971658351828393
0.002924104099007442
0.0028733163573341535
0.0028199064050409995
0.0027644923899681623
0.002707642273143299
0.0026498351577388685
0.0025914445658084474
0.002532741639510168
0.0024739109228862767
0.0024150720026408284
0.002356299682987445
0.002297640008795175
0.002239121428325635
0.002180761888893646
0.0021225733162957517
0.002064564627603021
0.002006743909213461
0.0019491196885753513
0.0018917020639015033
0.0018345029772675325
0.00177753651440873
0.0017208201260614346
0.0016643771884870882
0.0016082110248526035
0.0015523659627809968
0.0014968618099903913
0.0014417283189194553
0.001386999268061934
0.0013327102590611492
0.0012789003231089295
0.001225616792230692
0.0011728916532243482
0.0011207872412328731
0.00106935059016012
0.0010186372238370283
0.0009687043547329394
0.0009196154678442197
0.0008714297888189123
0.0008242147964781984
0.0007780355555784119
0.0007329671049419819
0.0006890584498505247
0.0006463932529805651
0.0006050380852095673
0.0005650433707684891
0.0005264785289918781
0.0004893978359356068
0.00045384190671237296
0.00041987158796568134
0.00038752096834372685
0.00035678044646323347
0.0003277045915853372
0.0003003024332736989
0.0002745593015158595
0.00025045179808867127
0.00022797504040528076
0.00020708350887559322
0.00018773954322600365
0.00016988575607574007
0.00015350037399674532
0.00013841464897249597
0.00012466134185434483
0.00011211953538514243
0.00010072389745384433
0.00009040699172458948
0.00008104811177586935
0.00007262032288176675
0.00006502400938142288
0.0000581834885949851
0.00005200215328774377
0.00004647963846247074
0.00004154840794204253
0.00003715972999203206
0.000033138589783128836
0.000029594150715248328
0.000026442263316419923
0.000023580306658971445
0.00002097810493541303
0.000018771933324810758
0.00001683380649532962
0.000014990371931180753
0.000013365349541692298
0.00001187820450488901
0.000010620195484628095
9.498445705577671*^-6
8.454716815989082*^-6