0.003122834814664353
0.003122819271865948
0.0031227649153731515
0.003122657623323998
0.003122479186700543
0.0031222062338377254
0.0031218088953810217
0.0031212491573670937
0.0031204788456248886
0.0031194371840883844
0.0031180478763661646
0.003116215679379802
0.003113822477858649
0.0031107229396172306
0.003106739947145905
0.003101660175364226
0.0030952304290057173
0.0030871556635626166
0.0030770999597555158
0.0030646920216303723
0.0030495368708425364
0.0030312350916941785
0.003009409998457703
0.0029837413111501025
0.0029540015110304098
0.0029200886553899675
0.002882048208030978
0.0028400774157667707
0.002794509474085558
0.0027457799991756297
0.002694383173440428
0.0026408271214345518
0.002585596670131257
0.0025291278371686646
0.002471794062816041
0.0024139016471350404
0.00235569119927292
0.0022973428999599364
0.002238984442146469
0.0021807008980854535
0.0021225455500094087
0.0020645503845193136
0.002006734974860332
0.0019491130245340902
0.0018916965843078781
0.0018344982729200487
0.0017775324566064526
0.0017208158618216053
0.001664368755663609
0.0016082084433993702
0.0015523635212914004
0.0014968598374503722
0.0014417283302554113
0.0013869981872165899
0.0013327094087321706
0.0012788968050704325
0.001225611962287037
0.0011728910148426537
0.0011207877075336211
0.0010693544090594732
0.0010187339985798772
0.0009687022194638155
0.0009196141881228324
0.0008714276678206123
0.0008242144376196951
0.0007780354896415288
0.0007329617990823567
0.0006890580995009364
0.0006463941399197203
0.0006050356157384457
0.0005650426664069991
0.0005264782451298174
0.0004893954373462473
0.00045384451413326094
0.00041987806999304385
0.0003875147146431848
0.00035678131515870943
0.0003277076141830155
0.00030030139351557266
0.00027455753667065673
0.00025045317496782287
0.00022797539887801102
0.0002070872818953935
0.00018774540893633048
0.00016988623287022658
0.0001534949661393723
0.00013841627045762137
0.0001246598647736258
0.00011212638558432433
0.00010072440826010637
0.00009038561786730594
0.00008104508767680709
0.00007262387081531253
0.00006502180910637313
0.000058171906017062314
0.00005201665633469477
0.000046490966600228166
0.00004154732528439708
0.0000371518956570912
0.00003314455415327499
0.00002959490769162155
0.000026440040842216407
0.000023577433681271594
0.000020974289012176373
0.000018774849151062264
0.00001683132204987356
0.00001498370851652956
0.00001336374172076132
0.000011883186821345528
0.000010624554890834777
9.499746162120011*^-6
8.457029681665473*^-6