0.002952363574788234
0.002952356277420235
0.002952330755431617
0.0029522803716380843
0.002952196558173228
0.002952068299824758
0.002951881486301394
0.0029516181025340035
0.0029512552200582666
0.002950763746035276
0.0029501068800563955
0.002949238223519937
0.002948099483745365
0.0029466177184853818
0.002944702074822073
0.0029422400187066526
0.0029390930833275548
0.002935092278902959
0.002930033436167384
0.0029236729693708475
0.0029157248258557017
0.002905859733673854
0.0028937082192333702
0.0028788691390649918
0.002860925473730683
0.002839468621034411
0.0028141311632483533
0.002784625892814098
0.0027507863744354612
0.002712601341757766
0.002670234613460838
0.002624023116718266
0.002574450244753536
0.0025220976041785592
0.0024675844648271807
0.0024115071904758315
0.002354390399959428
0.002296657448062891
0.002238622031656722
0.002180497445954887
0.0021224167948630636
0.0020644568187532827
0.002006659596917826
0.001949048919511192
0.001891640829183263
0.0018344494263902395
0.0017774895741019467
0.0017207781248863784
0.001664334164659815
0.0016081793970064524
0.001552338146449536
0.0014968379202005158
0.001441708950924663
0.0013869813159056088
0.0013326946451449125
0.001278886723148559
0.0012256007144811343
0.0011728812934892416
0.0011207747249615616
0.001069342392947864
0.0010186297106883051
0.0009686994171921441
0.0009196138258291501
0.0008714252003141661
0.0008242105724371538
0.0007780366094909306
0.0007329536589725304
0.0006890567985371899
0.000646393076975878
0.0006050335240938868
0.0005650418063066549
0.0005264772068661737
0.0004893959848834782
0.0004538449975792579
0.00041987357861454687
0.0003875074039304833
0.0003567814951522583
0.0003277098154223073
0.0003003019616531388
0.000274556206191923
0.00025045307511908574
0.0002279764388092954
0.00020708707116276058
0.00018774083847817417
0.00016988685075133584
0.0001534905314501527
0.00013841736047966812
0.0001246628205711159
0.00011212315939291041
0.00010072682405388135
0.00009038965692831996
0.00008104166822549803
0.00007262370040233925
0.0000650203743213342
0.00005815918358634139
0.000052019135527642756
0.00004649370662466093
0.000041547584959987486
0.0000371422709254091
0.00003315799839052925
0.000029598427800415596
0.00002644509661842647
0.000023574474390980706
0.00002096980740079556
0.00001878005848533144
0.000016829753227851115
0.000014974458531380763
0.000013361504880887853
0.000011882115551522053
0.000010631393999058789
9.494637247871761*^-6
8.465067285836489*^-6