0.015906085414704296
0.015795998758086835
0.015435406551655102
0.014816822453996759
0.013989131395597973
0.013037393000486161
0.012047313003365256
0.011081036470863191
0.010172801006038026
0.009336211710900462
0.008573403008690734
0.007881587119457344
0.007256493102297215
0.006693684241915004
0.006188826887384719
0.005737619238907215
0.005335712641301491
0.004978718181644214
0.004662280572891488
0.00438217417009481
0.0041343894269821845
0.003915193622823469
0.003721162813073939
0.003549188761910162
0.003396467740784481
0.0032604831412001863
0.003138972883722551
0.0030299037010357976
0.002931442576573162
0.002841934064815428
0.0027598784939100686
0.0026839237831592986
0.0026128567622796654
0.002545606163018038
0.002481244646872797
0.0024190002591052426
0.002358239361015407
0.0022985048711823405
0.0022394262736850066
0.0021808252236331168
0.002122536593289022
0.00206449718616505
0.0020066693365664097
0.0019490497261976205
0.0018916321486343827
0.0018344461106362194
0.0017774859086789221
0.001720774650077934
0.0016643314010121267
0.0016081749236814375
0.0015523271375234627
0.001496835340382255
0.0014417038935833158
0.0013869802140443115
0.0013326932142630383
0.001278884377714985
0.0012256206369921138
0.0011728809973779056
0.0011207729840622199
0.0010693379208779248
0.0010186318888455264
0.0009687066669921
0.000919611386422912
0.0008714391339690621
0.0008242065755228202
0.0007780326406316514
0.0007329516592945924
0.0006890705218106503
0.0006464075552279629
0.0006050347049470165
0.0005650331988046544
0.0005264761833840784
0.000489398092843411
0.0004538427132831654
0.00041987623472720237
0.0003875031657326593
0.0003567617779952381
0.0003276968126350841
0.00030030222267160784
0.0002745527768364126
0.0002504894852091663
0.00022796312935723385
0.0002070780957849515
0.00018769020856235276
0.0001699769867141301
0.00015343396554814637
0.0001384250659094111
0.0001245973801753591
0.00011214908218754305
0.00010076067680037458
0.0000904138570185073
0.0000810525949155402
0.00007269403410200169
0.00006502386582939636
0.00005818141820921748
0.00005206598706813753
0.00004646256749697224
0.000041568999987902534
0.000037175856410251874
0.00003317160531823107
0.000029638068785941864
0.000026430750434852367
0.000023571186084536233
0.00002097589670892816
0.000018807606863198414
0.00001685286140027958
0.000014943984699285296
0.000013359983433197351
0.000011924302695348673
0.000010614161248827627
9.525610353302079*^-6
8.381579092458564*^-6