0.0030041872737607564
0.003004177844583172
0.0030041448673577076
0.0030040797686978612
0.0030039714851635303
0.0030038058002988034
0.0030035645159637225
0.0030032244205623233
0.0030027560105394526
0.0030021219156581127
0.003001274974232873
0.0030001559036389107
0.0029986905171787747
0.0029967864555677528
0.002994329436858659
0.002991179092063283
0.002987164556885762
0.0029820801456017527
0.0029756816509141754
0.0029676840923861347
0.0029577620483348063
0.0029455540067317445
0.0029306722361281674
0.0029127195864455274
0.0028913137183432967
0.002866117955746661
0.002836875908105462
0.0028034449522924268
0.0027658223062130395
0.002724157624173892
0.0026787481510410116
0.0026300160080214457
0.002578470970069663
0.002524664907014521
0.002469145236983568
0.002412414332913485
0.002354900187195308
0.0022969412039830343
0.002238785121803987
0.0021805993749730453
0.002122488368804399
0.002064512692736522
0.002006706267685938
0.0019490892000875936
0.0018916760439562428
0.0018344803686571732
0.0017775167081738662
0.0017208021433251016
0.0016643553006789194
0.0016081980655307925
0.0015523545032605055
0.0014968527492578902
0.0014417201189731855
0.00138699231485928
0.001332703877448073
0.0012788944540445446
0.0012256080722044072
0.0011728873268740615
0.0011207833803765148
0.0010693470752218218
0.0010186331632077883
0.0009687018973893245
0.0009196121285495444
0.0008714272764449771
0.0008242128643129817
0.0007780342148506374
0.0007329600892235177
0.0006890587424403077
0.0006463939428186416
0.0006050346346913656
0.0005650427087353721
0.0005264778006705508
0.0004893968703191515
0.0004538451169764857
0.0004198736410127516
0.0003875101194805287
0.00035678111902872917
0.00032770935150085276
0.0003003026549423007
0.00027455736503115226
0.00025045269471207223
0.00022797731732696172
0.00020708941483702246
0.00018774308092684043
0.00016988688216390324
0.00015349491309982747
0.00013841719408121348
0.0001246623955221426
0.00011212360699805894
0.00010072684780789261
0.00009038959218512889
0.00008105025238676115
0.00007262270363535549
0.0000650183092168342
0.00005816859781300697
0.00005201919127042771
0.00004648811179199674
0.000041548146278815554
0.000037146634669790104
0.000033154382447149756
0.000029596718512417027
0.00002644044523850775
0.00002357406075092896
0.00002097151503371439
0.000018777857446911775
0.000016830335371004364
0.000014976312886810667
0.000013363724915368912
0.000011884711092957604
0.000010626594572080094
9.494595669058132*^-6
8.465329364378698*^-6