0.003474544897798221
0.003474498959017647
0.003474338323983965
0.003474021356723253
0.0034734945151600094
0.0034726893448843595
0.003471518839527602
0.0034698731022708945
0.003467614281992543
0.003464570833656722
0.0034605312845147514
0.003455237898359392
0.0034483809424688977
0.0034395946894902867
0.003428456814284582
0.0034144933995099006
0.003397192171409806
0.003376026549216547
0.0033504921986826377
0.0033201556383622246
0.0032847109497812364
0.0032440363387998793
0.0031982386221485358
0.0031476727135601847
0.003092926512395392
0.003034769317142226
0.002974071888224759
0.0029117139417393608
0.0028484969284778678
0.0027850802095759145
0.002721945579223018
0.0026593939998019642
0.002597566646937915
0.002536483096413023
0.002476080399639976
0.0024162583256892994
0.0023569073036763684
0.002297929017409757
0.002239247642355616
0.0021808118595837145
0.002122590796004351
0.002064569637060589
0.0020067447048688863
0.0019491188827944594
0.0018917009725702687
0.0018345021747542766
0.0017775351265343952
0.0017208242422923742
0.0016643691119741133
0.0016082102012316012
0.0015523651206971719
0.0014968613149359514
0.0014417284043430642
0.0013869952723446757
0.0013327064459515278
0.0012789010008537954
0.0012256156435506752
0.00117289187234514
0.0011207868000232676
0.0010693499743572507
0.0010186374189025673
0.0009687034813058402
0.0009196150611706709
0.0008714285511901523
0.0008242144744190419
0.0007780344633848598
0.0007329619209321201
0.0006890587213552796
0.0006463949488071843
0.0006050353936386033
0.0005650428427752212
0.000526477395835775
0.0004893947039281114
0.0004538454388909142
0.0004198735191580296
0.00038753175643799865
0.00035681693988856886
0.00032770779457652794
0.0003003048503615496
0.00027456496968119074
0.0002504585672105094
0.00022797909845343638
0.00020708184055281983
0.00018773485260283615
0.0001698910573757939
0.00015347238597022113
0.0001384151552889078
0.00012480219405373004
0.00011211978102488125
0.00010073015726393597
0.00009038729689878034
0.00008105032426696265
0.00007262189954629087
0.00006502700554048485
0.00005818156980805775
0.000052016795812438806
0.00004646981759653258
0.00004155105770362238
0.00003714910718262484
0.000033140853816745466
0.000029582739698817842
0.000026562411512530406
0.0000235807953866541
0.000020976779896102753
0.00001878734649894948
0.00001684663300920718
0.000014982020895254219
0.000013365863027389717
0.000011887336947454104
0.000010619860371324743
9.491867896700624*^-6
8.468918446881165*^-6