0.0033541127135545447
0.0033540795087615657
0.0033539633948084908
0.0033537342493143644
0.003353353297397877
0.0033527708925691403
0.003351923804221498
0.003350731941009711
0.0033490944543212585
0.0033468852018021444
0.003343947619698224
0.003340089170946441
0.003335075723123288
0.003328626485868698
0.0033204105115857436
0.0033100462206770054
0.0032971058857263844
0.003281127345230747
0.0032616351551176905
0.003238172573766921
0.0032103438832691627
0.003177863504341069
0.003140604664178495
0.0030986372828701136
0.0030522440211654127
0.0030019065177857808
0.002948260699099883
0.0028920284340255824
0.0028339395059516475
0.0027746606062288865
0.0027147437075433125
0.002654601469070417
0.0025945078749174443
0.002534618953164761
0.002475002307234303
0.0024156704871811114
0.0023566073708340372
0.0022977873386236464
0.0022391867132716793
0.002180788586662115
0.0021225834552573335
0.002064568295390647
0.002006745283564202
0.0019491202273875462
0.0018917023427675451
0.0018345032155949817
0.0017775365427666941
0.0017208215975094581
0.0016643702479183218
0.001608211059524681
0.001552365878288411
0.0014968618659157629
0.0014417276537647035
0.0013869983368662486
0.0013327093226203584
0.0012789011784717394
0.0012256141264438282
0.001172892013632779
0.00112078706372645
0.0010693502795564
0.0010186374063746268
0.0009687044846854799
0.0009196158467924003
0.0008714326574286545
0.0008242142087199362
0.000778035534052069
0.0007329725128192698
0.00068905871843118
0.0006463942133755504
0.0006050356143204031
0.0005650431979000484
0.0005264786173157442
0.0004893967847761659
0.00045384597767627943
0.0004198725156703906
0.00038752427587604877
0.00035678119719513747
0.0003277002588391896
0.0003003025314380235
0.00027456178052435076
0.00025045686452384745
0.00022797591046642163
0.00020708159671926376
0.0001877362985301349
0.0001698896346408128
0.00015346927474618548
0.0001384120497383219
0.0001246622230021069
0.00011212171330276972
0.00010073051816699277
0.00009038705249381369
0.0000810486153420911
0.0000726216732213691
0.00006502123337126258
0.0000581793113838145
0.000052004952944722914
0.000046473711942961995
0.00004154775656094299
0.00003714925692872378
0.000033142363724161116
0.00002959063484305411
0.00002644502824406502
0.00002357961359554783
0.000020976132277370024
0.000018768071803281698
0.000016835829100995907
0.000014990272785901207
0.000013366834909095214
0.000011887064011987881
0.000010615055741654527
9.493993794687558*^-6
8.47576221842887*^-6