0.003630480638770519
0.003630414015788838
0.0036301810715119545
0.0036297215029541486
0.0036289578747733375
0.0036277913920106193
0.003626096855415333
0.0036237167694936545
0.0036204546655153012
0.0036160678576046133
0.0036102601143929926
0.00360267508975112
0.003592891888767499
0.0035804247700637094
0.0035647296483413034
0.003545220530056927
0.00352129892444968
0.003492398124292456
0.0034580415891167894
0.003417910351799395
0.003371909373103087
0.003320218253115398
0.003263311424311552
0.003201936685592761
0.0031370510799967606
0.003069724071809121
0.003001027025457932
0.0029319305985909742
0.0028632276205923274
0.0027954905819220183
0.002729065278248616
0.0026640911196493516
0.002600544087064452
0.002538287972588677
0.002477118698223946
0.002416820168340221
0.002357192809282416
0.0022980610710301628
0.0022393021153643868
0.0021808314855957904
0.0021225950562718337
0.0020645688827595067
0.0020067426013607175
0.0019491158051722394
0.0018916978678767487
0.0018344990007435047
0.0017775317220980666
0.0017208158144313898
0.0016643663876418676
0.0016082083689102208
0.001552363447590018
0.001496860317978831
0.0014417277336545935
0.001386987213411164
0.0013327087732238185
0.0012789009714969058
0.0012256197483849515
0.0011728916559097264
0.0011207863213040996
0.0010693492590428076
0.0010186353270267051
0.000968702844456868
0.0009196173815722016
0.0008714284986360115
0.0008242149380156828
0.0007780351363775234
0.0007329601400140882
0.0006890584152308238
0.0006463949862037626
0.0006050353850141782
0.000565042957282458
0.0005264784445356404
0.0004893943632305185
0.00045384599440068536
0.00041987497009659354
0.00038754323759417904
0.000356779909096079
0.00032771047353666424
0.00030030033997068396
0.0002745629967670734
0.00025045070155522693
0.00022797658338956928
0.0002070827210050482
0.00018773696843574247
0.0001698929652009367
0.00015347668933955754
0.00013841123015528373
0.0001246594935350735
0.00011211255822682101
0.00010072982467539846
0.0000903831513764474
0.00008104532199346921
0.00007262713393622411
0.00006503192340536459
0.00005818449038668199
0.00005201604439891178
0.00004646362353014049
0.000041561657007049247
0.00003713846158114374
0.00003315082977818043
0.00002957559488279401
0.00002656414235872993
0.000023581402824278068
0.000020988903268832167
0.000018786883788592205
0.000016844817407074837
0.00001498426944150003
0.000013365627875408377
0.000011877811123437132
0.000010620080557999338
9.491248718441162*^-6
8.46409482894717*^-6