0.0038381306417703243
0.003838028096479142
0.003837669592651356
0.003836962499326109
0.0038357881296523836
0.0038339955419996632
0.0038313943144476425
0.003827746390815679
0.0038227573089471365
0.003816067459228046
0.0038072445202188294
0.003795778865637072
0.003781084606213169
0.003762509619516816
0.003739358511665073
0.0037109320677521642
0.003676584983878384
0.003635799855151456
0.003588270128353792
0.0035339777476275534
0.003473247719832628
0.0034067616666681785
0.003335519508422373
0.003260751546351804
0.00318379575512654
0.003105964735717493
0.003028427295292415
0.002952123101487681
0.0028777184272912927
0.0028056011982169407
0.002735907175651104
0.002668566666131099
0.002603361533301384
0.0025399839815062565
0.0024780904903461782
0.00241734608138521
0.0023574558201319576
0.002298182558095255
0.0022393463856317524
0.0021808463813233355
0.0021225961744585674
0.0020645643285476783
0.002006736411479886
0.0019491109825321758
0.0018916927112397105
0.0018344943149102967
0.001777524342724387
0.0017208132571840337
0.0016643641199293382
0.0016082051631392874
0.0015523613963767142
0.001496857518716785
0.0014417293334383257
0.0013869668007288859
0.0013327086892327097
0.0012788982944645206
0.0012256132573437665
0.0011728925813587786
0.0011207854830896338
0.001069348567065832
0.0010186356927566274
0.0009686998116469218
0.0009196221534420653
0.0008714292319225098
0.0008242166697013896
0.0007780351585292046
0.0007331246230928614
0.000689058509812416
0.0006463952960086563
0.0006050344582391713
0.0005650423128338103
0.000526478309642311
0.0004893942181378538
0.00045384624311339914
0.00041987823871644163
0.0003875583419161381
0.0003567799158105658
0.00032770674610659804
0.0003003010118693973
0.0002745658649876733
0.00025044807205607726
0.00022797448421196288
0.00020708164716072
0.00018773689655039797
0.00016989435427610964
0.00015367508683256879
0.0001384067026563349
0.0001246595589317668
0.00011210370508017793
0.00010073373578845852
0.00009038333244851132
0.0000810370486632354
0.00007263273147279483
0.00006501775832794345
0.000058182515418160164
0.00005201815420570818
0.000046455318491037425
0.000041559397083085474
0.00003713708884945712
0.00003315914623554327
0.000029569272864664187
0.000026464341449247765
0.00002357906861130287
0.000020988918902783752
0.000018784729146222108
0.000016843692550798018
0.00001498641426365404
0.000013367559286680588
0.000011923114213109056
0.00001062118643916485
9.492128054304033*^-6
8.464703699399448*^-6