0.005228409095239238
0.005227699873485416
0.005225224562354402
0.005220356250958224
0.005212312368146231
0.00520013284803897
0.005182667482796824
0.005158578496671378
0.0051263685413806765
0.005084445213684387
0.005031231303560535
0.004965323066020699
0.004885685886140145
0.004791859650257642
0.004684130894974731
0.0045636240052377
0.004432275878130922
0.004292686376736559
0.004147870394164657
0.004000962557130759
0.0038549330407790174
0.0037123621463073272
0.003575299288182134
0.0034452085246915337
0.0033229853057082006
0.003209020895539287
0.0031032909117733026
0.0030054495196654265
0.0029149176978399624
0.002830959951354348
0.0027527488161530472
0.0026794182581320264
0.002610107486508774
0.0025440044420355808
0.00248036684216572
0.0024185555624854113
0.0023580457483800086
0.0022984371404026686
0.002239440248594528
0.0021808590285090188
0.002122576528040148
0.0020645352091402413
0.0020067081108432546
0.0019490840946555835
0.0018916699036408673
0.0018344737716371796
0.0017775111248189634
0.001720796842962616
0.0016643500369101737
0.0016081934208393384
0.0015523501010199507
0.0014968480028902035
0.0014417128522424517
0.0013869868206691086
0.0013327010887931696
0.001278893405451625
0.0012256052692541676
0.0011728852814598244
0.0011207813073288151
0.001069383970048575
0.0010186353089757568
0.0009686964002334367
0.0009196102578363472
0.0008714257149476789
0.0008242161083203515
0.0007780344742121389
0.0007329579682212857
0.0006890540795885696
0.0006463937731646834
0.0006050368899886272
0.0005650426620350715
0.0005264782061470157
0.0004893950068167719
0.00045384704911980036
0.00041986854238314913
0.0003875069362254247
0.0003567694365061436
0.0003277111400345272
0.0003002993599902085
0.00027453906575251267
0.0002504545575442098
0.0002279389241104092
0.00020709345882719365
0.00018772138798783464
0.00016990701553125945
0.00015347862121950314
0.00013839717119847977
0.00012465563859728946
0.00011206045160467908
0.00010072356022473294
0.00009039072823738968
0.00008104432588216654
0.00007263795772539746
0.00006501641916254688
0.00005812373318002459
0.00005203124242049963
0.000046362666374639226
0.000041573197902694974
0.00003714220008502771
0.00003314219981602689
0.000029629847512603625
0.000026472087846151126
0.000023575915054584663
0.000021003320175066044
0.000018777685234866567
0.00001685710424033003
0.00001494684233653333
0.000013349609851188824
0.000011924869405072696
0.000010626114451846166
9.500718546088155*^-6
8.47255301252853*^-6