0.002946748567405071
0.0029467414803421655
0.002946716693830115
0.0029466677617391076
0.002946586362517974
0.002946461797040788
0.0029462803588620693
0.002946024546667225
0.0029456720826912773
0.0029451946943657285
0.0029445566098992614
0.0029437127127844923
0.002942606297614394
0.002941166366185885
0.002939304428829475
0.002936910775979494
0.0029338502606520555
0.0029299577022161246
0.002925033162563403
0.002918837545429131
0.0029110892449740306
0.0029014629146070035
0.002889591803082987
0.002875075417656207
0.0028574943516002467
0.0028364337056176773
0.002811515376774612
0.0027824373360200248
0.002749015460722307
0.0027112201662334743
0.002669199161643832
0.0026232781264226963
0.002573935714459147
0.0025217554076916154
0.0024673636043242063
0.0024113668033893406
0.002354300434111999
0.002296597554173186
0.002238579495385006
0.0021804649159755675
0.0021223903093598425
0.002064434349529569
0.0020066401124953833
0.0019490318573299086
0.0018916258334871305
0.0018344362328210262
0.001777477967896427
0.001720767915122148
0.001664325191763708
0.0016081715162330362
0.0015523312340698738
0.001496831866910119
0.0014417036145353613
0.0013869766845915606
0.0013326906115709186
0.0012788832070938301
0.0012255976536624039
0.0011728786444344958
0.0011207723740907886
0.001069340409126959
0.001018628005165177
0.0009686979307907287
0.0009196126303580809
0.0008714241241426968
0.0008242096516665814
0.0007780359880526887
0.0007329528795574313
0.0006890562369658371
0.0006463926164329267
0.0006050331383559859
0.0005650414841339646
0.0005264769028054835
0.0004893957863959141
0.00045384482176109083
0.00041987349989741526
0.00038750731142993185
0.0003567813924073079
0.00032770971763442056
0.00030030189526751
0.0002745562436180031
0.0002504530215394796
0.00022797649020094235
0.0002070875049380855
0.00018774087427280318
0.00016988680316357436
0.00015349128027679736
0.00013841736331964496
0.00012466294667683764
0.00011212265459238622
0.00010072687200672033
0.00009038948970506502
0.00008104960313124302
0.00007262340179034749
0.00006502146579972452
0.00005815923144751489
0.000052018928054603085
0.00004649308592755605
0.00004154722481343839
0.00003714246745694474
0.000033158659720046106
0.000029598028914386195
0.00002644544001877586
0.000023574702693953513
0.000020969515066609808
0.00001877920213619662
0.00001683024410396449
0.000014974667661179504
0.000013360236203665885
0.000011880097567470746
0.000010631198382289266
9.493874945683242*^-6
8.46617714972654*^-6