0.0030349344073558847
0.003034923563352099
0.003034885638377618
0.003034810774477024
0.0030346862531413195
0.003034495735987799
0.003034218317322447
0.003033827347264295
0.003033288978005385
0.0030325603807066096
0.0030315875781255584
0.003030302841016615
0.003028621608807361
0.0030264389232201017
0.0030236254160146605
0.003020022980057183
0.0030154403892711937
0.0030096493291771422
0.003002381559350202
0.0029933282365635218
0.002982142730636141
0.0029684484584949146
0.0029518531713263493
0.002931970555296871
0.0029084487647405587
0.002881003635917603
0.002849452194399518
0.0028137404461527297
0.0027739592626885522
0.0027303439967617527
0.0026832569635340366
0.0026331558191024385
0.002580553622447673
0.002525977145605267
0.002469929069970426
0.002412858069401878
0.0023551391475396606
0.0022970651608752216
0.0022388489388161584
0.0021806338288170744
0.002122509237209478
0.002064527346678646
0.0020067178559901476
0.0019490989812039035
0.0018916845291069367
0.0018344878098037693
0.0017775231669682771
0.0017208077129926736
0.0016643605087876404
0.001608202171568285
0.0015523586098437703
0.0014968544059487652
0.0014417232375371024
0.0013869951100075769
0.0013327058748915262
0.0012788959701085453
0.0012256100400651782
0.001172888622809968
0.0011207848190270828
0.0010693481206798566
0.0010186336076516427
0.0009687024845093274
0.0009196126900979159
0.0008714277661464145
0.0008242135597543907
0.0007780344129195048
0.0007329602933708013
0.0006890587382623071
0.0006463945853213636
0.0006050349145745586
0.0005650428833403778
0.0005264780627836144
0.0004893959879561224
0.00045384532016982303
0.00041987527582013025
0.0003875113757707842
0.00035678231415717975
0.00032770930707215674
0.00030030308730495924
0.00027455949723845756
0.0002504530501965955
0.00022797782276504135
0.00020708811416308645
0.00018774314043920126
0.00016988695178267487
0.0001534994670909221
0.00013841652275591002
0.00012466190020877003
0.00011212533081505203
0.00010072626604895526
0.00009038887032218372
0.00008104513645530613
0.00007262319710000221
0.00006501949597588552
0.00005816977565614604
0.00005201934564248138
0.000046490218881113
0.0000415474826959792
0.00003714667277763053
0.0000331545720016485
0.000029593685719425248
0.000026441889934809255
0.000023576890832631297
0.00002097232588351653
0.00001877768351705504
0.000016829180697272047
0.000014977613864186289
0.000013364320686996487
0.000011884522466265037
0.000010626620991227661
9.495960593606811*^-6
8.453560146072828*^-6