0.0029581424603237036
0.002958134936314391
0.0029581086217241224
0.002958056673499411
0.002957970258395548
0.002957838020719377
0.002957645415289133
0.0029573738740024886
0.0029569997683160736
0.0029564931234956995
0.002955816034276168
0.0029549207271979314
0.0029537472091812015
0.0029522204580485385
0.002950247105855537
0.002947711618427984
0.002944472021891956
0.002940355329626848
0.002935152974137378
0.0029286167655772515
0.0029204561857422216
0.0029103381669894632
0.0028978908447493553
0.0028827129958336386
0.002864390797380132
0.002842522926096843
0.002816753660149172
0.0027868114431159204
0.002752547970901292
0.0027139702139469105
0.002671257511601323
0.0026247571449213125
0.0025749562670987114
0.00252243383148853
0.0024678015023319334
0.002411645328281302
0.0023544791442363395
0.0022967167265194473
0.0022386642780083702
0.0021805298461235654
0.002122443221326738
0.0020644792618885036
0.0020066790681626933
0.001949065973836159
0.0018916558202242935
0.0018344626153499136
0.0017775011806828026
0.0017207883249543488
0.0016643431259826247
0.0016081872608655534
0.001552345044007809
0.00149684391103389
0.0014417140072394002
0.0013869859337437126
0.001332698690372181
0.0012788902801791166
0.001225603760449373
0.0011728839532295678
0.0011207774140555894
0.0010693443733323794
0.0010186314606475124
0.0009686959881104244
0.0009196145028392268
0.0008714262298587492
0.0008242114723480957
0.0007780370471978373
0.000732954917294658
0.0006890573106228267
0.0006463935332915375
0.0006050339374838354
0.0005650426931634592
0.0005264774430153938
0.0004893961013399165
0.00045384521934847897
0.0004198731798607067
0.0003875075007021111
0.0003567815140777076
0.0003277098631629816
0.0003003009317194432
0.0002745561202481007
0.00025045308986457404
0.00022797624506403036
0.00020708704728330794
0.0001877406492706972
0.00016988713587341093
0.00015348900429382238
0.00013841728488166535
0.00012466264570849066
0.0001121230262579194
0.00010072694445301274
0.00009038998641752208
0.00008104158797007376
0.00007262359526558118
0.00006501961358828045
0.000058158185919381054
0.00005201868853772236
0.000046493526219742345
0.00004154845607831389
0.00003714209593005913
0.00003315883777928978
0.000029599068166518737
0.00002644467633982154
0.000023575193001950116
0.000020970011063945496
0.000018780510028107675
0.00001683037235795817
0.000014973579388960282
0.00001336284954065602
0.00001188374121285358
0.000010630843095376844
9.495327420674477*^-6
8.463122104302101*^-6