0.0031988232911817874
0.0031988021762355758
0.003198728335682826
0.0031985825982352462
0.003198340262684958
0.0031979696591961588
0.0031974303754149437
0.003196671088066738
0.003195626941691606
0.0031942164260974123
0.0031923377292036557
0.0031898645910956565
0.003186641770149769
0.003182480367189623
0.003177153452689176
0.0031703927125121376
0.0031618871589842138
0.003151285299631121
0.003138202411480834
0.003122234558205504
0.0031029804774695188
0.0030800712415340247
0.0030532056093502107
0.0030221865550092053
0.0029869523468785656
0.0029475948345121863
0.002904359152519237
0.002857622929137527
0.002807858216967979
0.002755583866268883
0.002701318148786987
0.0026455403777867967
0.0025886665595083284
0.0025310395842034735
0.0024729306946273295
0.0024145475116398867
0.002356044307921864
0.002297532055881554
0.0022390874882226306
0.0021807612813979707
0.0021225855419222312
0.002064580444842867
0.00200675963922504
0.0019491341744307525
0.0018917150400338588
0.0018345144687857366
0.0017775466888741757
0.0017208283685026017
0.0016643797405874686
0.001608218084704898
0.00155237197554089
0.001496867242789986
0.0014417348087750839
0.0013870038471438027
0.0013327143458941883
0.001278901105825945
0.0012256156995460528
0.0011728942570146943
0.0011207905140677586
0.001069356819448031
0.0010187358742056384
0.0009687040136816316
0.0009196157252940144
0.0008714289808081078
0.0008242155554609309
0.000778036438077685
0.0007329626008143505
0.0006890587750150233
0.0006463947061290438
0.0006050360885355386
0.0005650430592689626
0.0005264785700964044
0.0004893957039961316
0.00045384473337745947
0.0004198782349302918
0.0003875148480900016
0.0003567814312207549
0.0003277077088719012
0.00030030146907001227
0.00027455758867988856
0.0002504532209506628
0.00022797542984000037
0.00020708728271068896
0.00018774538224031724
0.00016988626778236264
0.00015349453420387298
0.00013841628043359763
0.00012465978025561487
0.00011212634381025722
0.00010072441292021567
0.00009038566881318982
0.00008104515724019829
0.00007262351495542727
0.00006502147006391272
0.000058171697189832155
0.000052016679491615905
0.00004649100913224892
0.0000415473498104773
0.00003715162154535661
0.00003314294207668299
0.000029595033840524757
0.000026439824137819473
0.00002357788072903756
0.000020975094455703138
0.000018776296520876756
0.00001683306052589504
0.000014983627201516066
0.000013364032358707313
0.000011884878501568593
0.00001061955091012625
9.499647594701365*^-6
8.456845607498033*^-6