0.003011627398912083
0.003011617556790541
0.003011583135515888
0.0030115151869823838
0.0030114021652426206
0.0030112292357689693
0.0030109774127394925
0.003010622485990183
0.0030101336931942575
0.0030094720873712275
0.0030085885463160076
0.0030074213711690882
0.0030058934295928803
0.003003908820088781
0.003001349075293501
0.002998068993443633
0.002993892300294728
0.002988607508888042
0.002981964579599378
0.0029736732357796575
0.002963404122538041
0.0029507942097155983
0.002935457863199359
0.002917004705140085
0.002895064480164948
0.0028693176778539498
0.0028395287849975527
0.0028055772811221495
0.0027674805757730886
0.0027254036399278455
0.002679652224345589
0.0026306497311266493
0.0025789010215204783
0.0025249487965620988
0.0024693292284837147
0.0024125332610189275
0.0023549786211787506
0.002296995360151656
0.0022388250021941137
0.0021806307478605385
0.0021225143664
0.0020645349525620295
0.0020067256528623
0.0019491062094754402
0.001891691009383699
0.0018344935271080512
0.0017775283237490868
0.0017208122517804346
0.0016643641657096465
0.0016082057781644234
0.0015523612796462492
0.001496858412673611
0.0014417253260608353
0.00138699682763423
0.0013327080314144964
0.0012788982421441319
0.0012256109950732294
0.0011728900704492747
0.0011207860923191412
0.0010693490246743245
0.0010186351761911903
0.0009687034834504877
0.0009196134600743762
0.0008714284208441498
0.0008242137493519723
0.0007780396915612123
0.0007329608452963722
0.0006890589171373505
0.0006463944616640125
0.0006050346692361636
0.0005650428590321931
0.0005264780821468032
0.0004893967131851481
0.0004538458917724799
0.00041987517781410914
0.00038750796109139043
0.00035678194716491006
0.0003277107952357718
0.00030030262984235575
0.0002745566608836669
0.00025045281864726404
0.00022797745103292173
0.00020708848623702216
0.0001877424621984118
0.00016988707497130168
0.0001534914414800803
0.00013841768606086312
0.0001246625815952771
0.00011212263420884123
0.00010072695916687876
0.00009038920211548512
0.00008104149349339934
0.0000726227073750837
0.00006501753544382982
0.00005816652471141311
0.0000520183190325197
0.00004649229175412346
0.00004151706684866575
0.00003714188551029967
0.000033157900401380646
0.0000295983040018096
0.000026443961371897554
0.000023575780442887135
0.00002099180534678972
0.000018780533408055616
0.000016828886667299477
0.000014976707079543203
0.000013364548041657845
0.000011886197534204855
0.000010622167236676348
9.49439534982686*^-6
8.46561354279872*^-6