0.013964883841132467
0.013858444794898818
0.013510503953731946
0.012916422467582676
0.012128157706504277
0.011233736440947365
0.010321226818496404
0.009453919221809683
0.008665399435567323
0.007966485062810101
0.007354475569861543
0.006820265760613668
0.006352689776627403
0.005940819309856709
0.005575028646775275
0.005247382473967457
0.004951660591451931
0.004683184197963008
0.004438536379945316
0.00421524146966841
0.004011455290318223
0.00382570454691506
0.0036566953192557487
0.0035031920891009263
0.003363955510616265
0.003237721481340045
0.003123204614747615
0.0030191132314621493
0.0029241678856055213
0.00283711973710493
0.0027567677436332516
0.0026819747966120005
0.0026116799011875816
0.0025449400111858043
0.0024808963428281025
0.0024188406639122613
0.0023581887777356396
0.0022985033584158572
0.0022394656885418663
0.002180867163030264
0.002122578271304403
0.002064534552847821
0.0020067049375526386
0.0019490811003319284
0.0018916666187242166
0.0018344711325551362
0.0017775088227839312
0.0017207967693831099
0.001664348555943848
0.0016081934828523368
0.0015523486542688158
0.0014967875930700014
0.001441709094995845
0.0013869868408270826
0.001332701762029876
0.0012788913485659583
0.0012256032572508704
0.0011728841007962603
0.0011207813580734844
0.001069347324097493
0.0010186336938023165
0.0009686917188394588
0.0009196067777689529
0.000871426405800916
0.0008242198319168978
0.0007780340401618053
0.0007329590220111328
0.0006890571597632872
0.000646392366352137
0.0006050319899596726
0.0005650436240436719
0.000526476925085188
0.000489393691948893
0.0004538473541724551
0.0004198711155133913
0.00038751227916136504
0.00035678252970173434
0.0003277133960237131
0.0003003005919157772
0.00027453348473268865
0.0002504615997512812
0.0002279255888803163
0.0002071020041903997
0.00018772141847859906
0.00016990116986636468
0.00015347927158265145
0.00013841443797564174
0.00012466043227706835
0.00011204365426528495
0.0001007279453671615
0.00009038545166226024
0.00008103847828914061
0.00007264013846074349
0.0000650124111333465
0.00005814034927983119
0.0000520268349434508
0.00004634131411732836
0.00004156456255155839
0.00003715661955938605
0.000033135168913193396
0.00002964153216614839
0.000026463236797659583
0.000023557464508281396
0.00002100985208899195
0.000018787035159083193
0.000016846665806724733
0.000014950674588950299
0.000013375947886327387
0.00001192128520903779
0.000010646823816024434
9.49943216994929*^-6
8.463718536110984*^-6