0.004807359455004133
0.004806797580780156
0.004804835911719254
0.004800978954631437
0.004794608431334608
0.004784968012975903
0.004771154902558684
0.004752124414039838
0.004726715334648791
0.004693704228936654
0.004651894435039309
0.0046002389445652415
0.004537984881061223
0.004464814811696193
0.0043809502712263085
0.004287185739614546
0.004184837784727925
0.004075620106974336
0.003961477541963322
0.003844419079859931
0.0037263797162824163
0.003609122047112054
0.003494173120178863
0.0033827860546770563
0.003275918576694516
0.0031742256700143623
0.0030780666527256122
0.0029875268386289964
0.002902452011177769
0.002822492171087202
0.002747150439037608
0.002675833436866048
0.002607900323203682
0.0025427082068248622
0.002479651697505458
0.002418194365491823
0.002357889552144019
0.002298389691818688
0.0022394221181453733
0.0021808839034761583
0.0021226103882101277
0.0020645691997928923
0.002006738706433911
0.001949111197928261
0.0018916935796148072
0.0018344952234811104
0.0017775290870733428
0.0017208149507949176
0.0016643644650368315
0.0016082059346373071
0.0015523614547758415
0.0014968560828038382
0.0014417417053908747
0.0013869945774948917
0.0013327096714166578
0.0012788989929287588
0.001225610843089765
0.0011729002129937513
0.0011207853854506358
0.001069350408991184
0.0010186357293579856
0.0009686996224785471
0.0009196223934901164
0.0008714289075336579
0.0008242139630813977
0.0007780357060544362
0.0007329608464642236
0.0006890570136189601
0.0006463970096719177
0.0006050341692875572
0.0005650431204867841
0.0005264777350292662
0.0004893956798795601
0.00045384767312912314
0.0004198821200908318
0.0003875066504403222
0.0003567847310417528
0.0003276999865281711
0.00030030349292620314
0.00027457168991742905
0.0002504456330436387
0.00022796474517666242
0.00020708259864294352
0.00018773135121299622
0.0001698971555173135
0.0001534765840767538
0.00013840358996668122
0.00012465879859688197
0.0001120912672920031
0.00010073200402810859
0.00009038743321059306
0.00008103604242011344
0.00007263695775174506
0.00006501891429042178
0.000058188380032448435
0.00005201890566798177
0.00004643005815095717
0.000041560683325531435
0.000037133155038393424
0.00003315217981361486
0.000029608622800600586
0.000026470529848423568
0.000023579238200264396
0.000020999787814464483
0.00001877820460605433
0.000016840420900159555
0.000014977451031810933
0.00001336807847375261
0.00001192775252307047
0.00001061994483673852
9.497171951236916*^-6
8.471991333049047*^-6