0.003230265437989301
0.0032302404913279793
0.0032301532541433265
0.003229981090496788
0.0032296948552508835
0.0032292572182879677
0.003228620611307453
0.003227724739455883
0.0032264936083794067
0.0032248320396549564
0.0032226216923422774
0.0032197166868243505
0.0032159390526527516
0.0032110744080874973
0.003204868532654591
0.0031970258054110972
0.003187210806458333
0.003175054618650115
0.0031601673540816665
0.003142157949284037
0.003120661133487726
0.003095369659006938
0.0030660677223632556
0.0030326597374131974
0.002995188204525767
0.002953835951754545
0.0029089113435609034
0.0028608190123738464
0.0028100218081387185
0.002757001009356555
0.0027022212419474763
0.0026461045453836495
0.0025890153265215377
0.002531255352682859
0.002473066079134276
0.0024146350431984973
0.002356103633063618
0.0022975747928933926
0.0022391203344251497
0.002180787976779129
0.00212260811075119
0.002064599973343876
0.0020067767333480494
0.0019491492145349812
0.0018917282808448965
0.0018345262173568066
0.0017775569629265673
0.0017208373393899985
0.0016643868962200152
0.0016082250048981039
0.0015523780972588903
0.0014968725650388755
0.0014417388837614702
0.0013870080060133197
0.0013327179876700935
0.0012789054158590032
0.0012256183683831397
0.0011728959416097225
0.0011207918035433834
0.0010693574539001442
0.001018708058437761
0.0009687062556292359
0.000919616712623904
0.0008714305939283199
0.000824216284330759
0.0007780364556559823
0.0007329619374450375
0.0006890607234980275
0.0006463961087358169
0.0006050361801845999
0.000565043429317583
0.0005264787527621384
0.0004893956827312895
0.00045384552489157484
0.00041987578491768564
0.00038751260171840916
0.00035678144449533385
0.0003277083313942958
0.0003003019592791193
0.0002745564610153991
0.00025045301538164445
0.00022797300638187923
0.00020708952438036694
0.00018774399162864246
0.00016988679449649293
0.00015350524317070651
0.0001384170057376606
0.00012466142062959973
0.00011212636393811125
0.00010072496833290124
0.00009038860076660462
0.00008104662764715006
0.00007262338460633014
0.00006501919208943822
0.00005817132952695956
0.000052021747259385726
0.00004649022202219211
0.000041515114588236243
0.000037148401759828074
0.00003314275387461526
0.000029596403984807645
0.000026440952609271966
0.000023577991397287105
0.000020974838605666682
0.0000187772496972373
0.000016829727230854706
0.0000149812210771625
0.000013365244133639921
0.000011887462042078695
0.000010620705606680076
9.495821208950506*^-6
8.45591098711476*^-6