0.0030006462814752602
0.0030006368689814637
0.0030006039501895136
0.003000538967265084
0.0030004308773729877
0.00300026549153153
0.0030000246485571364
0.002999685187109595
0.0029992176728378256
0.0029985848320965647
0.002997739639857784
0.0029966230092877445
0.002995161037190175
0.002993261777938989
0.0029908115555103533
0.0029876708883730353
0.0029836702022564207
0.0029786056689996257
0.002972235703128862
0.002964278926825332
0.002954414687747055
0.0029422874558105677
0.002927516499029841
0.0029097119907692845
0.0028884979747990113
0.00286354134481001
0.002834584315330046
0.002801476164668762
0.0027641989033169523
0.0027228815123314172
0.0026777987571692343
0.00262935311989441
0.0025780415468714974
0.002524411741567504
0.0024690149071413285
0.002412362555294292
0.002354893970581416
0.0022969583373554044
0.0022388120981587023
0.002180628834412757
0.0021225167978593355
0.0020645387141615687
0.0020067295418690805
0.001949109824220477
0.0018916942543638334
0.0018344963958183951
0.001777530883734865
0.0017208144415891118
0.0016643660735817063
0.0016082074093878946
0.0015523627148086533
0.0014968593970139978
0.0014417276345736593
0.0013869977694637842
0.0013327090049093065
0.0012788992613276397
0.0012256115796737317
0.0011728907265027057
0.0011207833104702497
0.0010693494424254201
0.0010186358164826915
0.0009686997916505156
0.0009196177046348055
0.0008714289846999848
0.0008242138192805481
0.0007780387971873978
0.0007329567029333792
0.0006890587402887632
0.000646394714080732
0.0006050349202441356
0.0005650435088383137
0.000526478120355455
0.0004893966452797139
0.0004538456664012561
0.0004198734801591029
0.000387507764721173
0.0003567817796000274
0.0003277105644750208
0.0003003011486282951
0.00027455610411453564
0.00025046039206568497
0.00022797624076468744
0.000207087000052488
0.00018774060401078812
0.00016988721783795185
0.00015348702142761088
0.00013841793783583072
0.00012466240777701633
0.00011212291158299878
0.00010072692737786757
0.00009039062819539796
0.00008104208982258192
0.00007262301064222533
0.00006501848160688819
0.00005815928006876701
0.00005201830966393745
0.00004649486168477992
0.00004151644847752046
0.000037141249072716874
0.00003315906435686642
0.000029600236179897923
0.000026442925823077245
0.000023575776604203228
0.000020992465084383384
0.00001878127362626272
0.000016829488444675393
0.000014975411683841046
0.000013365078602462213
0.000011888326217681576
0.00001061932171405502
9.494002363416137*^-6
8.46513212007491*^-6