0.0029696703586891138
0.0029696623663078466
0.002969634413752198
0.0029695792325591885
0.002969487441154003
0.0029693469804270172
0.0029691424068999392
0.0029688540104315588
0.002968456717280106
0.0029679187330219894
0.0029671998740445635
0.002966249532369152
0.0029650042185722556
0.002963384634980699
0.0029612922517837674
0.002958605395340795
0.0029551749385443343
0.0029508197781158863
0.0029453224698546003
0.002938425615076677
0.0029298298904011934
0.002919194941234514
0.00290614464900599
0.002890278400391429
0.0028711897413053245
0.0028484929771984704
0.0028218567561117468
0.0027910414718152997
0.0027559352021326415
0.0027165808896679766
0.0026731878969267803
0.002626122874790503
0.00257587925258507
0.002523029678395438
0.002468170018882399
0.0024118654849124934
0.0023546084058176796
0.002296793606056498
0.002238712547490475
0.0021805630108169233
0.0021224683490915657
0.0020644997854640953
0.0020066965752833857
0.0019490812105431865
0.001891669182400733
0.0018344743623594233
0.0017775115092558808
0.0017207974106779704
0.0016643511104230122
0.001608194273950189
0.0015523511948319151
0.0014968493177861413
0.001441718841767425
0.001386990054927412
0.0013327022738575665
0.001278893390366284
0.0012256064852161973
0.00117288630541715
0.0011207793563487254
0.0010693461376507678
0.0010186329608291946
0.000968697150592956
0.0009196157842983575
0.0008714272036405022
0.0008242122959618249
0.0007780377077186255
0.0007329553875740798
0.0006890578247727479
0.0006463939452685531
0.0006050342700823601
0.0005650429974869616
0.0005264776753771222
0.0004893963164888473
0.0004538453594420065
0.00041987335130427145
0.0003875075895847791
0.00035678163470058476
0.0003277100036811939
0.0003003009732604772
0.0002745561257861579
0.0002504531473831982
0.00022797629625476688
0.00020708712432496173
0.00018774062342967308
0.00016988698558659807
0.00015348868976785686
0.00013841730536009786
0.0001246625662870417
0.00011212300152072174
0.00010072691528102913
0.00009039004217446952
0.00008104179473317497
0.00007262336405083043
0.00006501932735083106
0.000058158062028691
0.000052018617460245445
0.0000464936971817101
0.00004154796846207528
0.000037141723706890215
0.00003315890923373186
0.000029599257803152828
0.00002644450860110792
0.00002357646404468075
0.00002096987529280305
0.000018780805481884804
0.00001683086712050976
0.000014975733243024137
0.000013363809778857902
0.000011885855287519347
0.000010628005709157538
9.494278653437566*^-6
8.463710405151225*^-6