0.0031600427981895046
0.0031600236390545077
0.0031599566379949843
0.0031598243989289596
0.003159604507107317
0.003159268222698036
0.003158778869459574
0.0031580898641154066
0.0031571423325606903
0.0031558622674295626
0.0031541572033130004
0.0031519124288628985
0.0031489868295018868
0.0031452085727396873
0.0031403710219356728
0.0031342294994248367
0.00312649980555413
0.0031168596937843885
0.0031049547113858812
0.0030904097888184634
0.003072847506105672
0.0030519129191854547
0.0030273031935831324
0.0029987983781532244
0.002966288118285916
0.002929788783729445
0.002889446880849059
0.0028455275385168826
0.0027983902970180777
0.002748457107776828
0.002696178476974933
0.0026420029499359373
0.0025863531918609655
0.002529609664345341
0.002472101136180884
0.002414100519684614
0.0023558246932699157
0.002297437575230776
0.0022390560842472326
0.002180758454500156
0.00212259387418513
0.0020645920488482723
0.0020067713857885665
0.0019491450315075732
0.0018917247572472053
0.0018345231253215654
0.0017775542058642054
0.0017208349911816787
0.0016643844694689796
0.0016082232027053482
0.0015523770521204952
0.0014968705611447576
0.0014417373708298779
0.0013870074575808627
0.0013327166462514643
0.001278905355004828
0.0012256181934281797
0.0011728956964860353
0.001120790942146557
0.0010693534089817464
0.0010186381676253891
0.0009687063992294442
0.0009196160440330307
0.0008714306308261475
0.0008242159982704317
0.0007780364827218771
0.0007329620437861757
0.0006890602115966931
0.0006463958199458894
0.0006050359462758069
0.0005650437408072866
0.0005264787717253709
0.0004893965660225126
0.0004538457989991232
0.00041987548091811073
0.0003875116543578979
0.0003567825580394039
0.00032770951864881815
0.0003003032452239109
0.0002745595118017263
0.00025045315095347176
0.0002279778714910153
0.0002070880747794735
0.0001877430998118841
0.00016988703470741332
0.0001534982811444219
0.00013841654876399416
0.00012466168513309794
0.00011212521780544127
0.00010072622011083095
0.00009038900943897653
0.00008103736698646086
0.00007262252292127667
0.00006501889472297023
0.00005812981103342556
0.00005201994706890671
0.00004649201520454569
0.00004151571681973538
0.000037147646864395655
0.00003315516103847185
0.000029594175137517443
0.000026441409179055198
0.000023576036201207006
0.00002099364803392562
0.000018778574246059462
0.0000168264959137622
0.000014979534869053616
0.000013364880903449699
0.000011886419083940505
0.000010620193991689511
9.496128340882855*^-6
8.456149461006571*^-6