0.013438534040351714
0.013332326653881284
0.012985194650583893
0.012392703668473401
0.011607066480842367
0.010716622639969357
0.009809814017235581
0.008950363487542972
0.008172336295953063
0.007487050393122883
0.006892281684374878
0.006379311735094139
0.005937188091693255
0.0055549315546262875
0.005222524392661377
0.004931261587063534
0.004673804221855194
0.004444109386836182
0.004237315256571764
0.004049608976392618
0.0038780820070917986
0.0037205721500848422
0.0035754955953752237
0.003441679475607662
0.003318209112501385
0.0032043029662351258
0.00309922244351372
0.003002216788623024
0.002912497968306895
0.0028292380408997645
0.0027515816396948252
0.0026786676151618217
0.00260965555049465
0.0025437538747466143
0.002480246339840898
0.0024185142380247176
0.0023580503558737363
0.0022984639678785626
0.002239473202680733
0.0021808943967593693
0.002122611978676388
0.002064567188658094
0.002006737141363624
0.001949108435088008
0.0018916912070652706
0.001834493300620946
0.0017775267103925976
0.0017208115129164151
0.0016643633159096974
0.0016082045992708847
0.0015523604557441501
0.0014968558635539394
0.0014417579783706559
0.0013869966704252988
0.0013327076241238934
0.0012788988093133807
0.0012256102532983632
0.0011729105342883352
0.0011207851535940802
0.0010693518355477773
0.0010186350737286301
0.0009687040889625262
0.0009196277575942135
0.0008714271203615437
0.0008242141081522612
0.0007780352029625494
0.0007329604386753039
0.0006890556064921269
0.0006463927888182354
0.0006050333707414234
0.0005650438924262876
0.0005264681697756706
0.0004893955383098962
0.00045384885332630314
0.0004198835893597282
0.0003875097475498456
0.0003567878908187311
0.0003276954385850511
0.00030030340897361005
0.0002745739313132963
0.0002504429698507119
0.0002279617031352508
0.0002070759864542701
0.00018772822501665577
0.0001698973009373437
0.00015348007090715577
0.00013841853426255535
0.00012466082099994133
0.00011210891728826091
0.00010073503026222764
0.00009038276213659983
0.0000810412839356313
0.00007264025696711696
0.00006501922297039118
0.00005818618547599727
0.00005201459870698468
0.00004641709244971655
0.000041558886168520106
0.000037133007989438075
0.00003314897945248981
0.00002961955235132671
0.000026472604535219562
0.00002357739810612009
0.000021005532961808332
0.000018774609800471508
0.000016840636769157132
0.000014976144957497925
0.000013365311333224822
0.00001189112358169996
0.000010624579533005747
9.487669878134783*^-6
8.477298771722054*^-6