0.005543274904230976
0.0055415521601529455
0.005535552693311699
0.005523824858560687
0.005504648618389279
0.005476078953186482
0.0054360520099787915
0.005382569810816966
0.005313962968598122
0.00522920089916297
0.0051281824881980655
0.0050119156899739855
0.004882505186031274
0.004742921644362265
0.004596604286927434
0.00444700834419468
0.00429721819189417
0.004149706264313212
0.004006256879872057
0.0038680231397523078
0.0037356618300381055
0.0036094904173696236
0.003489624170978533
0.003376071103528556
0.0032687795822097256
0.0031676476871046935
0.0030725100252665762
0.0029831183274666405
0.0028991280453160937
0.0028200973013832033
0.002745499344979372
0.0026747463011519896
0.002607220406479428
0.0025423084296883596
0.002479434949465766
0.002418090423227462
0.002357850576840495
0.0022983850699058025
0.0022394496812759065
0.002180901665884521
0.0021226294193301496
0.002064587582182043
0.0020067547864039015
0.0019491265049660813
0.0018917061881049955
0.0018345061218266818
0.0017775347111236115
0.001720822364938637
0.00166437211730835
0.0016082121808180124
0.001552367549007527
0.0014968629072928021
0.001441734047145087
0.0013869709184689337
0.0013327122809054619
0.0012789014220543874
0.0012256159758548405
0.0011728949396215304
0.0011207875244642533
0.0010693503300487333
0.0010186372115498442
0.0009687011165868414
0.0009196232714487015
0.0008714301868620405
0.000824217482716248
0.0007780358483227923
0.0007331253267127404
0.0006890590008169125
0.0006463957077609125
0.0006050348020334154
0.000565042598574359
0.0005264785459914178
0.0004893944126476751
0.0004538464023487333
0.00041987836835381706
0.0003875584454527398
0.0003567800002636283
0.0003277068136538198
0.0003003010655577712
0.00027456590637901107
0.00025044810532350254
0.00022797450895986892
0.00020708166724464812
0.00018773691199542187
0.00016989436606673866
0.00015367508478281823
0.00013840670951866424
0.00012465956443464597
0.00011210370189049122
0.00010073373735164856
0.00009038333639546745
0.00008103705024764685
0.0000726324730653004
0.00006501768861306231
0.00005818244370410681
0.00005201819900851773
0.0000464553249789171
0.00004155937726384606
0.00003713693953154195
0.00003315933403309466
0.000029569269770235245
0.00002646417892428362
0.00002357934100777604
0.000020989525744319274
0.000018784875198394698
0.000016843146469025125
0.00001498651200938456
0.000013367652442723951
0.000011923171677209374
0.000010621564453260332
9.4922519891379*^-6
8.464798199497491*^-6