0.0035884476844947953
0.0035883739559136917
0.0035881161967113925
0.0035876078059153414
0.0035867634474447212
0.003585474591317146
0.0035836043141449325
0.0035809814261299018
0.0035773941405896677
0.003572583736351161
0.0035662390038360176
0.0035579927169639126
0.003547421899628844
0.003534054146984885
0.0035173825142094522
0.0034968909826798736
0.0034720916574935354
0.003442571304855254
0.0034080425464207255
0.00336839059208133
0.0033237051829165185
0.003274288890757071
0.0032206381091086783
0.0031634000058850345
0.0031033143343946017
0.0030411509379084586
0.002977651970572314
0.0029134843021537266
0.0028492046361652187
0.0027852385124757435
0.0027218735306313527
0.0026592667851028312
0.0025974642971350525
0.00253642913418871
0.0024760724164999814
0.0024162829615835464
0.0023569503300862513
0.002297979842672035
0.002239299609028457
0.0021808610800579807
0.0021226356490694474
0.0020646097478221794
0.002006780225714385
0.001949150595605422
0.0018917289651278599
0.0018345265643999722
0.0017775572345269876
0.0017208383302681032
0.00166439317539354
0.0016082250547260174
0.001552378264194354
0.001496872584464603
0.001441737744425579
0.0013870075021962535
0.001332717441456251
0.0012789065776170549
0.0012256222286854699
0.001172896369414127
0.001120791323744711
0.0010693541159732967
0.001018640261301254
0.0009687069645291982
0.0009196177037979253
0.0008714316986560055
0.0008242164224743773
0.0007780369351448531
0.0007329682711066882
0.0006890594318498244
0.0006463940764860006
0.0006050387727858598
0.0005650439422543045
0.0005264790016848602
0.0004893982243872178
0.0004538422252936756
0.0004198718472129164
0.00038752117113224823
0.00035678061542357664
0.00032770472736003137
0.0003003025414484967
0.00027455938168920255
0.00025045186490791374
0.00022797508812823664
0.00020708354903201372
0.00018773957338497633
0.0001698857964798986
0.00015349988250949246
0.00013841466491183174
0.00012466123752504085
0.00011211952820119909
0.00010072390210884196
0.00009040690728562562
0.00008104811567336261
0.0000726198032423518
0.000065023592097057
0.000058183263317714504
0.00005200447858984973
0.000046480501451168324
0.00004154841823147122
0.00003716026065260133
0.000033138402909809086
0.000029594166622979166
0.000026441976007965135
0.00002358039912168541
0.000020974513106139255
0.000018772126947951357
0.00001683301977520526
0.000014990474847831154
0.00001336510455475056
0.000011879317253997647
0.000010620343986744322
9.500282284212361*^-6
8.455552229230552*^-6