0.0030497661957049325
0.003049754040227716
0.0030497115294106265
0.0030496276167190904
0.0030494880552677174
0.0030492745527962266
0.0030489637205728575
0.0030485257731730476
0.0030479229312376723
0.003047107476720768
0.0030460194121167115
0.0030445836853254405
0.0030427069654986286
0.0030402739997883845
0.003037143655786689
0.0030331448705453903
0.0030280728885130575
0.0030216863974901493
0.0030137064033906695
0.0030038179424564985
0.0029916758564247025
0.002976915766521272
0.002959170910394116
0.0029380945697665343
0.002913386491712301
0.0028848203135191522
0.002852268057294062
0.0028157177436488956
0.0027752811947640565
0.0027311907562532385
0.0026837852952635716
0.002633486994375664
0.00258077122689987
0.0025261325132744836
0.002470050341414489
0.0024129591410721823
0.0023552264076627263
0.0022971415957893505
0.0022389161975136193
0.002180693076770542
0.002122561442921836
0.0020645733560071093
0.0020067584073061263
0.0019491347246296021
0.0018917159483435619
0.0018345155154725042
0.0017775476903576452
0.0017208292130272403
0.001664379049339228
0.0016082187990482351
0.0015523727028854645
0.0014968681417402462
0.0014417352770134328
0.0013870044571647822
0.0013327148390801424
0.00127890434546983
0.0012256159958347662
0.0011728945580099744
0.0011207866823004797
0.0010693523068203458
0.0010186382872184737
0.0009687019958060858
0.0009196194468109338
0.0008714305330266258
0.0008242151402740159
0.0007780398052997883
0.000732957750717807
0.0006890595366803491
0.0006463953817050722
0.0006050354808817056
0.0005650439624990988
0.0005264785050770576
0.0004893969457047578
0.0004538459281628569
0.0004198736374424209
0.00038750821099750837
0.0003567819125672401
0.0003277106706593226
0.00030030127285636955
0.0002745517841787773
0.000250460159666631
0.0002279762427347591
0.00020708696555665773
0.00018774045939415595
0.00016988763733229075
0.0001534863334164669
0.00013841809101550114
0.00012466227412272942
0.00011212284995533815
0.00010072688322544489
0.00009039074506323234
0.00008104237543011664
0.00007262267663646758
0.0000650179703341447
0.00005812010749211256
0.000052017452798385273
0.000046497275610775615
0.000041517156617220816
0.00003714071061413876
0.000033159062439473675
0.000029600551701991445
0.00002644179697031643
0.00002358099155879467
0.000020991968623727043
0.000018783221070273717
0.000016828699423748016
0.000014974802984809883
0.000013362695215858011
0.000011889172655340929
0.000010618635569961709
9.493520232872677*^-6
8.464764714797996*^-6