0.0030006462814752602
0.0030006368689814633
0.0030006039501895136
0.0030005389672650845
0.003000430877372987
0.00300026549153153
0.0030000246485571364
0.002999685187109595
0.0029992176728378256
0.0029985848320965647
0.002997739639857784
0.0029966230092877445
0.0029951610371901755
0.002993261777938989
0.0029908115555103533
0.0029876708883730353
0.002983670202256421
0.0029786056689996257
0.0029722357031288626
0.002964278926825332
0.0029544146877470553
0.0029422874558105677
0.002927516499029841
0.002909711990769284
0.0028884979747990113
0.002863541344810009
0.002834584315330046
0.002801476164668762
0.0027641989033169523
0.0027228815123314172
0.0026777987571692343
0.00262935311989441
0.0025780415468714974
0.002524411741567504
0.0024690149071413285
0.002412362555294292
0.0023548939705814154
0.0022969583373554044
0.0022388120981587023
0.002180628834412757
0.0021225167978593355
0.0020645387141615687
0.0020067295418690805
0.0019491098242204771
0.0018916942543638334
0.0018344963958183951
0.001777530883734865
0.0017208144415891118
0.0016643660735817063
0.0016082074093878946
0.0015523627148086533
0.0014968593970139978
0.0014417276345736593
0.0013869977694637842
0.0013327090049093065
0.0012788992613276397
0.0012256115796737317
0.0011728907265027057
0.0011207833104702497
0.0010693494424254201
0.0010186358164826915
0.0009686997916505156
0.0009196177046348057
0.0008714289846999849
0.0008242138192805481
0.0007780387971873978
0.0007329567029333792
0.0006890587402887632
0.000646394714080732
0.0006050349202441356
0.0005650435088383137
0.000526478120355455
0.000489396645279714
0.0004538456664012561
0.0004198734801591029
0.000387507764721173
0.0003567817796000274
0.00032771056447502086
0.0003003011486282951
0.0002745561041145356
0.00025046039206568497
0.00022797624076468744
0.0002070870000524881
0.00018774060401078812
0.00016988721783795185
0.00015348702142761094
0.00013841793783583072
0.00012466240777701636
0.00011212291158299879
0.00010072692737786757
0.00009039062819539794
0.00008104208982258192
0.00007262301064222533
0.00006501848160688819
0.00005815928006876702
0.00005201830966393744
0.00004649486168477992
0.00004151644847752046
0.00003714124907271689
0.00003315906435686641
0.000029600236179897933
0.000026442925823077245
0.00002357577660420322
0.000020992465084383384
0.000018781273626262716
0.000016829488444675393
0.00001497541168384104
0.000013365078602462206
0.000011888326217681578
0.000010619321714055016
9.494002363416137*^-6
8.465132120074912*^-6