0.005228409095239238
0.005227699873485415
0.005225224562354401
0.005220356250958222
0.005212312368146231
0.005200132848038969
0.005182667482796823
0.005158578496671377
0.005126368541380676
0.005084445213684386
0.005031231303560533
0.004965323066020698
0.004885685886140144
0.004791859650257642
0.0046841308949747305
0.0045636240052377
0.0044322758781309216
0.004292686376736559
0.004147870394164656
0.004000962557130759
0.003854933040779018
0.0037123621463073272
0.003575299288182134
0.0034452085246915332
0.0033229853057082006
0.003209020895539287
0.0031032909117733026
0.0030054495196654265
0.0029149176978399624
0.0028309599513543487
0.0027527488161530472
0.002679418258132027
0.002610107486508774
0.0025440044420355808
0.00248036684216572
0.0024185555624854113
0.0023580457483800086
0.0022984371404026686
0.0022394402485945283
0.0021808590285090183
0.002122576528040148
0.0020645352091402413
0.0020067081108432546
0.0019490840946555835
0.0018916699036408675
0.0018344737716371798
0.0017775111248189634
0.001720796842962616
0.0016643500369101737
0.0016081934208393388
0.0015523501010199507
0.0014968480028902035
0.0014417128522424517
0.0013869868206691088
0.0013327010887931696
0.001278893405451625
0.0012256052692541674
0.0011728852814598247
0.0011207813073288153
0.001069383970048575
0.0010186353089757568
0.0009686964002334367
0.000919610257836347
0.0008714257149476787
0.0008242161083203515
0.0007780344742121389
0.0007329579682212857
0.0006890540795885696
0.0006463937731646834
0.0006050368899886272
0.0005650426620350715
0.0005264782061470157
0.0004893950068167719
0.00045384704911980036
0.00041986854238314897
0.0003875069362254247
0.0003567694365061436
0.0003277111400345273
0.0003002993599902085
0.00027453906575251267
0.0002504545575442098
0.00022793892411040925
0.00020709345882719365
0.00018772138798783458
0.00016990701553125945
0.00015347862121950314
0.00013839717119847977
0.00012465563859728946
0.00011206045160467908
0.00010072356022473293
0.0000903907282373897
0.00008104432588216657
0.00007263795772539747
0.00006501641916254688
0.00005812373318002458
0.00005203124242049964
0.000046362666374639253
0.000041573197902694974
0.00003714220008502773
0.00003314219981602689
0.000029629847512603625
0.00002647208784615113
0.00002357591505458466
0.000021003320175066037
0.000018777685234866567
0.00001685710424033003
0.000014946842336533331
0.000013349609851188823
0.00001192486940507269
0.000010626114451846166
9.500718546088155*^-6
8.472553012528531*^-6