0.005829887119215633
0.005828096362860899
0.005821859233339054
0.0058096631552890365
0.00578971072913248
0.0057599598547719965
0.00571822651941809
0.00566236649271344
0.005590536091119314
0.005501502602458851
0.005394938878559186
0.0052716125496667324
0.005133390998264093
0.004983037554960615
0.004823849797394534
0.00465924990545893
0.004492439422514277
0.004326188178063447
0.004162763018661387
0.004003955159671119
0.003851149662046677
0.0037053924801562156
0.003567434462334364
0.0034377530021241047
0.0033165630480973722
0.0032038298365996715
0.003099290509020446
0.003002485749204044
0.002912798695569626
0.0028294972226923626
0.0027517764339623925
0.0026787994644288655
0.0026097357230253325
0.002543796116981333
0.0024802630491949215
0.002418515326511206
0.0023580426357188325
0.002298452277654496
0.0022394611792795225
0.00218088168902301
0.002122600436485565
0.002064557562850915
0.0020067266913517193
0.0019491007704848873
0.0018916841718503864
0.0018344864537940817
0.0017775189498544152
0.0017208063828493445
0.0016643587725106727
0.001608200861885394
0.0015523568601004823
0.0014968508884096695
0.001441721323120693
0.0013869941516656465
0.001332705593618936
0.0012788960639552537
0.0012256084587403985
0.00117293177119957
0.0011207827416073455
0.001069354679275649
0.0010186359034129637
0.000968703882563188
0.0009196373542705281
0.0008714275168873671
0.0008242133941404851
0.0007780331675637429
0.0007329597451146893
0.0006890536467366274
0.0006463945306417573
0.0006050354565996825
0.0005650431709948806
0.0005264772244337266
0.0004893953591010998
0.0004538501221272925
0.0004198885244319169
0.00038750996538938564
0.00035678346916840644
0.0003277063544007414
0.00030030478567788776
0.0002745769911748414
0.00025043915845023593
0.00022795551337242477
0.00020707428867048044
0.00018772508560422957
0.00016989406525622582
0.00015347309649740056
0.00013841424933897935
0.0001246561150832667
0.0001121095492031054
0.0001007271257363039
0.00009038112540682254
0.00008104111915332365
0.00007263913453058217
0.00006500770844016151
0.00005818752718377054
0.000052020486471451995
0.000046402388176934336
0.00004155698108001328
0.00003713194094770875
0.000033143008033048996
0.00002962228535424252
0.00002647819463516371
0.000023572625554006843
0.000021009974915336365
0.000018785949003158477
0.000016841096748281153
0.000014975466050995594
0.000013362392079228235
0.000011926821190966141
0.00001062358121481554
9.49395884520321*^-6
8.479668342978167*^-6