0.013196518326601434
0.01309035961625644
0.012743397731956381
0.012151242031065223
0.011366160953370345
0.01047656419657486
0.009570980969880752
0.00871324134178142
0.007937539801866955
0.007255346642697195
0.006664612091819365
0.006156809381204396
0.005721185095532032
0.005346949977143824
0.005024242386704941
0.004744447902069923
0.004500217128939469
0.004285363081500624
0.0040947267229522995
0.003924048633426702
0.0037698579924239435
0.00362937606608201
0.0035004258105262396
0.003381338886320597
0.003270856085570706
0.003168023087100757
0.00307208895401759
0.0029824169075036273
0.0028984153990864073
0.0028194935522954656
0.002745040648975821
0.002674425985954971
0.002607013620656603
0.0025421859387860985
0.0024793701023877444
0.0024180619907851492
0.002357843264708438
0.002298386628391898
0.0022394609987599627
0.0021809119059276725
0.0021226394268434178
0.002064598503773148
0.0020067655297431003
0.001949133955155814
0.0018917132839644869
0.0018345124349321241
0.0017775423885721209
0.0017208268143589027
0.001664376416970673
0.0016082161945125213
0.0015523703376549296
0.0014968655289907943
0.001441734466387714
0.0013869845843654464
0.0013327122838150138
0.0012789032971966111
0.001225626278708109
0.0011728949420280502
0.0011207886119334763
0.0010693502974525272
0.0010186362948298733
0.0009687036409509952
0.0009196206915128692
0.0008714303907218157
0.0008242178108473292
0.0007780353119695359
0.0007329601538624232
0.0006890793587667678
0.0006463962066764941
0.0006050345480725293
0.0005650433877040412
0.0005264786080728053
0.0004893952625019988
0.00045384630412581583
0.00041987639928929923
0.0003875511339521209
0.0003567801243194423
0.0003277081090129295
0.00030029983283267296
0.00027456397153829694
0.0002504501709063772
0.00022797929637795723
0.0002070827348761377
0.00018773997936572963
0.00016989377644848947
0.00015347726681305254
0.00013841107035540405
0.00012465785637192056
0.00011210790434527441
0.00010073170174133599
0.0000903827433037947
0.00008103922420780425
0.00007262908566505528
0.0000650346576333732
0.00005818385861690211
0.000052018305106280256
0.000046461493037966256
0.00004155701282325823
0.000037137883288201025
0.000033153770334909176
0.000029570169337759855
0.00002656961802127754
0.000023580669906113158
0.000020990632211839335
0.000018785530250543757
0.000016842321105194066
0.000014981566903864532
0.000013366214211973069
0.000011915035163305109
0.000010623574081006848
9.49419282989442*^-6
8.46340736402526*^-6