0.003182882170193392
0.0031828593185552305
0.0031827794078710427
0.003182621704589103
0.0031823595149940605
0.0031819586525193575
0.0031813755611450455
0.0031805550431625784
0.003179427547872746
0.0031779059991894876
0.003175882182356409
0.003173222783232985
0.00316976528895954
0.003165314135694867
0.0031596376995855152
0.0031524670348026407
0.003143497506820953
0.003132394666507463
0.0031188056262380147
0.0031023766627708356
0.0030827766435844307
0.0030597241407764974
0.003033014244328689
0.003002539824182336
0.0029683022948514106
0.002930409234031788
0.002889059921772463
0.002844523393262551
0.0027971151551281484
0.002747177533274854
0.002695065518544243
0.002641136816318671
0.0025857432438877977
0.002529221149581669
0.0024718804050821714
0.002413993446311073
0.0023557868005133105
0.0022974372278085757
0.002239073357861629
0.0021807821721002833
0.002122618496123127
0.002064615222589811
0.0020067923385853528
0.0019491636761044405
0.0018917412452015435
0.0018345376337346188
0.0017775671126540951
0.0017208462971583366
0.0016643940593475512
0.0016082319854688867
0.0015523842645741109
0.0014968783642030643
0.0014417446638645018
0.0013870122032443573
0.0013327215489936316
0.0012789101288134918
0.001225621121268139
0.0011728989582059412
0.0011207898558785166
0.001069355619157505
0.0010186410477970886
0.0009687093912426754
0.0009196225491903425
0.0008714324145857906
0.000824216707444434
0.000777993824061399
0.0007329630909384122
0.0006890605547632881
0.0006463961618412354
0.0006050360714761133
0.0005650439466571326
0.0005264789777024409
0.0004893974683786248
0.000453846211810562
0.00041987460145899886
0.000387508108067438
0.0003567819170090497
0.000327710790395242
0.00030030260020898284
0.0002745562602835642
0.00025046051437799564
0.00022797660919035616
0.00020708711162052183
0.00018774056329913538
0.0001698869956140221
0.00015348757613579614
0.00013841741846944738
0.00012466223721157048
0.00011212293472488875
0.00010072685260599416
0.00009038995361640529
0.00008104275723728496
0.0000726220692837217
0.00006501803626929378
0.000058127561737446395
0.00005201826891196306
0.00004649488794512228
0.00004152069041647113
0.000037142635183974575
0.00003315898438482507
0.000029600274177368415
0.00002644159593381311
0.000023581565322488583
0.00002099322313671148
0.00001878375553644359
0.000016827449448523805
0.000014974955105807929
0.000013361329527963716
0.000011891014529481491
0.000010619223040804592
9.494239874227356*^-6
8.466604297096976*^-6