0.004548678736481706
0.004548360104287697
0.0045472467412549285
0.00454505349927225
0.004541418744861776
0.004535889399084397
0.004527905866573922
0.004516788850197652
0.004501731277900017
0.004481800053170533
0.004455953794350242
0.004423083534941829
0.0043820824845172395
0.004331947582787603
0.004271907204668151
0.00420156111319638
0.004121005501668328
0.004030912240525448
0.003932534265596269
0.003827624527163242
0.0037182781611268634
0.0036067282265799926
0.0034951359261343774
0.003385413189179801
0.0032791018301673086
0.0031773161106036806
0.0030807411149914596
0.002989671459612719
0.0029040734581730187
0.002823656778934876
0.0027479462712261134
0.002676348860532279
0.0026082133722391153
0.002542882665307727
0.0024797362776639784
0.0024182244123353543
0.0023578887450248355
0.0022983735965361684
0.002239421252331661
0.0021808604810462625
0.0021225877959357
0.002064548784932743
0.0020067197828038973
0.0019490949439342705
0.0018916791159193714
0.0018344820251459406
0.001777515061050393
0.0017208029669988124
0.001664355773186717
0.0016081982300414196
0.0015523545527134767
0.0014968488675878534
0.0014417195554061097
0.0013869926074605373
0.001332704246704517
0.0012788948910827376
0.001225607439280195
0.0011729308868379212
0.0011207819760825875
0.0010693540181476496
0.001018635333860876
0.0009687033932074451
0.0009196369350157257
0.0008714271587833997
0.0008242130892587681
0.0007780329088903492
0.0007329595264495948
0.0006890534626095402
0.0006463943762343895
0.0006050353276766462
0.0005650430638420428
0.0005264771358027171
0.0004893952861595665
0.0004538500624139971
0.0004198884758173682
0.0003875099260346019
0.0003567834374985068
0.00032770632907052407
0.00030030476555004544
0.00027457697559268125
0.0002504391459750635
0.00022795550364904465
0.0002070742811399485
0.00018772507981268597
0.0001698940608320621
0.00015347309450485742
0.00013841424680932846
0.00012465611303536151
0.00011210955036929409
0.00010072712467005552
0.00009038112414908884
0.00008104111859889931
0.000072639232511841
0.00006500773276652172
0.000058187551278886524
0.000052020471398621215
0.00004640238513551815
0.00004155698315915174
0.000037131996974232006
0.000033142938165113875
0.000029622300377941364
0.00002647825050386737
0.00002357185647908031
0.00002100975020534112
0.000018785499523512815
0.000016841300193476295
0.000014975423093148208
0.00001336235141158764
0.000011926797541808407
0.000010623512818304163
9.492386935647916*^-6
8.479712060382593*^-6