0.0031257546721867834
0.003125736944561757
0.0031256749496847034
0.0031255525915947205
0.003125349131216481
0.0031250379781189537
0.0031245852005709978
0.003123947703836805
0.0031230710272683562
0.0031218867186935703
0.003120309264917725
0.0031182325970044978
0.0031155262577525523
0.003112031427323098
0.0031075571612917195
0.003101877407152503
0.003094729618491554
0.003085816033558653
0.003074808855115988
0.003061360479031631
0.0030451194630516836
0.003025751916361119
0.0030029665212866243
0.002976539813625638
0.0029463373283443684
0.002912326492641371
0.002874579001804228
0.0028332632570226253
0.002788629937646477
0.0027409946233464925
0.0026907202739781134
0.002638200250727909
0.0025838411162726863
0.002528044260307578
0.0024711869732208444
0.0024136050055770276
0.0023555795163116705
0.002297330751712686
0.0022390192435897773
0.002180753460081973
0.002122601434834617
0.002064603416330628
0.0020067830716717855
0.0019491558745275063
0.00189173448250233
0.001834531711336191
0.0017775619226321287
0.0017208417196843176
0.0016643900342630455
0.0016082284403121639
0.0015523811570850863
0.0014968755453559097
0.001441741751423899
0.0013870101170368086
0.0013327197762692444
0.0012789086462239227
0.001225619733038934
0.0011728978001787729
0.0011207895127799978
0.0010693547306775885
0.001018640376453447
0.0009687038260639175
0.0009196209526399891
0.0008714318448805534
0.0008242162581527148
0.000778040691516382
0.0007329585974690301
0.0006890602113966398
0.0006463959471941883
0.0006050359542925444
0.0005650443507255878
0.0005264788302915314
0.0004893972063701231
0.0004538461481892076
0.00041987379078678753
0.0003875083470126686
0.0003567820274709332
0.00032771076012473815
0.00030030136507857094
0.00027455190627122803
0.00025046002233606067
0.0002279762683567722
0.000207086956616543
0.00018774046220417772
0.00016988766670121436
0.00015348587212170664
0.00013841743025323365
0.00012466217927695577
0.0001121228125961361
0.00010072685721521842
0.00009039081612293564
0.00008104256720171535
0.00007262209754347737
0.00006501760607851313
0.00005812087252550992
0.0000520173932904624
0.0000464972648983066
0.00004152093557090341
0.00003714205415714501
0.000033158594206486434
0.00002960073743941372
0.000026441411104115576
0.000023579983654881407
0.00002099271473217612
0.000018783552293552437
0.00001682766391328077
0.00001497436161903375
0.00001336138772552021
0.00001188998915085139
0.000010618999142843392
9.493918541709411*^-6
8.466079246857057*^-6