0.003049766195704932
0.0030497540402277166
0.0030497115294106265
0.0030496276167190904
0.003049488055267717
0.0030492745527962266
0.003048963720572858
0.0030485257731730476
0.0030479229312376723
0.003047107476720768
0.0030460194121167115
0.0030445836853254405
0.0030427069654986286
0.0030402739997883845
0.003037143655786689
0.0030331448705453903
0.003028072888513058
0.0030216863974901493
0.0030137064033906695
0.0030038179424564985
0.0029916758564247025
0.002976915766521273
0.002959170910394116
0.0029380945697665343
0.002913386491712301
0.0028848203135191522
0.002852268057294062
0.0028157177436488956
0.0027752811947640565
0.0027311907562532385
0.0026837852952635716
0.002633486994375664
0.00258077122689987
0.0025261325132744836
0.002470050341414489
0.0024129591410721823
0.0023552264076627263
0.00229714159578935
0.002238916197513619
0.002180693076770542
0.002122561442921836
0.0020645733560071093
0.0020067584073061263
0.0019491347246296021
0.0018917159483435623
0.0018345155154725042
0.0017775476903576454
0.0017208292130272403
0.0016643790493392281
0.0016082187990482351
0.0015523727028854647
0.0014968681417402462
0.0014417352770134326
0.0013870044571647822
0.0013327148390801424
0.0012789043454698302
0.0012256159958347662
0.0011728945580099744
0.0011207866823004797
0.0010693523068203458
0.0010186382872184737
0.0009687019958060858
0.000919619446810934
0.0008714305330266258
0.0008242151402740159
0.0007780398052997883
0.000732957750717807
0.0006890595366803491
0.0006463953817050722
0.0006050354808817056
0.0005650439624990986
0.0005264785050770576
0.0004893969457047578
0.0004538459281628569
0.00041987363744242087
0.00038750821099750837
0.00035678191256724017
0.0003277106706593226
0.00030030127285636955
0.0002745517841787773
0.0002504601596666309
0.00022797624273475906
0.0002070869655566577
0.00018774045939415595
0.00016988763733229075
0.0001534863334164669
0.00013841809101550114
0.00012466227412272942
0.00011212284995533818
0.00010072688322544489
0.00009039074506323234
0.00008104237543011664
0.00007262267663646758
0.0000650179703341447
0.000058120107492112554
0.000052017452798385273
0.000046497275610775615
0.00004151715661722082
0.00003714071061413875
0.000033159062439473675
0.00002960055170199144
0.000026441796970316425
0.000023580991558794664
0.00002099196862372704
0.00001878322107027372
0.00001682869942374802
0.000014974802984809883
0.000013362695215858013
0.000011889172655340932
0.00001061863556996171
9.493520232872679*^-6
8.464764714797996*^-6