0.0030822477765044118
0.003082233402380563
0.0030821831334682513
0.0030820839118953546
0.0030819189035914303
0.0030816665072712153
0.003081299126175003
0.003080781656028982
0.003080069639623312
0.003079107039432581
0.0030778235881937593
0.0030761316983335257
0.0030739229516430194
0.0030710642597443468
0.0030673938945561426
0.0030627177408168046
0.0030568063405086057
0.0030493935251404425
0.0030401776887207937
0.0030288268900443547
0.0030149889004500723
0.002998306861146529
0.002978440287268204
0.0029550898210277863
0.002928022730973358
0.002897095258729263
0.002862268104017997
0.00282361268596238
0.0027813080772684296
0.002735629841823283
0.0026869330757258465
0.0026356311229484815
0.0025821710146560818
0.002527006721064864
0.002470572242632201
0.0024132576358504173
0.0023553913778264395
0.0022972315665390607
0.0022389665742731596
0.002180723647633117
0.0021225823751274105
0.0020645894466109556
0.0020067717566852796
0.001949146222238384
0.0018917260756925241
0.0018345243383726783
0.0017775554480611037
0.0017208360289821345
0.0016643850318552025
0.0016082240464644114
0.0015523773044763755
0.0014968721403525273
0.001441738640359045
0.001387007536149103
0.0013327180423390434
0.001278906716538035
0.0012256180256426715
0.0011728963325123886
0.0011207884429649015
0.001069353156765454
0.001018639453945569
0.0009687033171136058
0.0009196199385913646
0.0008714312199136743
0.0008242157381059199
0.0007780401592058953
0.0007329585281181356
0.0006890598883396037
0.000646396117780023
0.0006050357561351442
0.0005650441331565736
0.0005264786883719056
0.0004893970342257803
0.00045384593312693545
0.00041987357895620543
0.0003875082427199549
0.0003567819241286457
0.0003277102383840863
0.00030030140524182165
0.0002745535436966659
0.00025046000108123323
0.00022797613523081818
0.00020708548694177277
0.00018774043543502036
0.00016988767452502307
0.00015348568674025177
0.00013841738160330272
0.00012466218312400375
0.00011212278360851989
0.00010072684805431737
0.0000903908853479315
0.0000810424686319035
0.00007262230537899314
0.00006501806543944765
0.000058122020380214575
0.00005201736715588986
0.0000464972808529082
0.000041520885667326176
0.00003714209079983302
0.0000331587748328509
0.000029600438404778834
0.00002644093362351155
0.00002357979023254495
0.000020992393925248186
0.000018783438977781588
0.000016828068414914893
0.000014973600641348248
0.000013362845083619597
0.000011889728131591905
0.000010618851441887204
9.493751929948062*^-6
8.466407049812112*^-6