0.003026596726270367
0.0030265860130402607
0.0030265485455640514
0.003026474585406629
0.0030263515691544302
0.003026163359323668
0.003025889310254915
0.003025503108735643
0.0030249713433992726
0.0030242517516148
0.003023291096838638
0.003022022615786831
0.0030203630179014363
0.003018209019854637
0.003015433469151735
0.0030118811931224543
0.003007364843911241
0.0030016611979107764
0.002994508603206793
0.00298560655379292
0.002974618591042927
0.0029611798765917024
0.0029449106117078257
0.002925435901487159
0.002902411567794908
0.0028755539050541743
0.0028446697975822418
0.0028096825282602563
0.002770648530451805
0.002727761467534015
0.0026813420865610506
0.002631814688351051
0.002579673206064154
0.00252544145592799
0.002469632988012929
0.0024127160092939546
0.0023550879560954936
0.002297062444390631
0.0022388688223371127
0.002180662034873174
0.002122538744970232
0.002064555181277398
0.0020067430358155355
0.0019491213853540705
0.0018916398247450575
0.0018345052441731539
0.001777538649502783
0.001720821284811166
0.0016643720901836734
0.0016082127034311728
0.0015523673565274985
0.0014968635576740228
0.0014417317165009858
0.0013870008836414532
0.0013327116746823155
0.0012789015270348951
0.0012256136478417893
0.0011728924738749343
0.0011207841906995105
0.0010693507714622792
0.0010186368690464195
0.0009687058077574227
0.0009196195434471871
0.0008714297913531062
0.0008242144717318723
0.000778039642400817
0.0007329614867766192
0.0006890592055059982
0.0006463950309691945
0.0006050351244608403
0.0005650431603402564
0.0005264783275028682
0.0004893969482517354
0.0004538457720041831
0.00041987430079297504
0.00038750783216404724
0.00035678168584808647
0.00032771017423799024
0.0003003024487951676
0.0002745562134984887
0.00025046079809627227
0.00022797656158526103
0.00020708751385344388
0.00018774074498942208
0.00016988692307993758
0.00015348853623703196
0.0001384174142157313
0.00012466242503593607
0.00011212301107831223
0.00010072690349062606
0.00009038990047916052
0.00008104236894922371
0.00007262265797429081
0.00006501889676166575
0.0000581647960768268
0.000052018565737109085
0.000046493681644151236
0.00004151624869702685
0.00003714204256347591
0.000033158975427864264
0.000029599288479589025
0.00002644411555825791
0.000023577231691432297
0.000020992436297875346
0.000018781855982459293
0.00001682886659345734
0.000014975641468376589
0.000013365035800461676
0.000011888498790312676
0.000010619750974570047
9.4942688339453*^-6
8.465328509172128*^-6