0.013060467603153898
0.012954324940651987
0.012607419160773648
0.012015374118530146
0.011230476831110683
0.010341160625156
0.00943598452327282
0.00857881586967739
0.007803895263292176
0.007122749295508098
0.006533395826544948
0.006027387667428996
0.005594062532082274
0.005222731766488397
0.004903639246293379
0.004628273078155805
0.004389371494811245
0.00418080438949174
0.003997420297844223
0.0038348998321747134
0.003689631439536278
0.003558612361785998
0.0034393707333242266
0.0033299011724618986
0.0032286052389014237
0.003134229740704925
0.003045799813178191
0.002962548414008935
0.002883847717417367
0.002809150903058623
0.002737948815051308
0.0026697464136052826
0.002604056553173703
0.002540408831260565
0.0024783637655287085
0.002417533243489969
0.0023575929733381574
0.0022982894360335216
0.002239439217244046
0.0021809206699519666
0.0021226606781593847
0.0020646210350630093
0.002006786401422456
0.0019491546646537206
0.0018917321668726293
0.0018345293949712672
0.0017775593579862112
0.0017208431069337012
0.0016643878298575846
0.0016082265320988488
0.0015523794407798774
0.0014968737831319225
0.0014417392922534567
0.0013870064481438548
0.0013327163045464617
0.0012789081434572357
0.0012256208301035527
0.0011728972661752528
0.0011207915655037583
0.0010693541332411482
0.0010186408529127952
0.000968706864926861
0.0009196188874552123
0.0008714345560849415
0.0008242178188949501
0.0007780364674272165
0.0007329778145795718
0.000689059760566359
0.000646394761380893
0.0006050365721328082
0.0005650437104411944
0.0005264793804731576
0.0004893955856198665
0.000453846086273211
0.0004198733054699585
0.000387527925422446
0.0003568125255848373
0.000327697102719574
0.00030030395572078737
0.00027456365953985634
0.0002504583091815163
0.00022797721853141958
0.00020708300545530233
0.00018773540738694183
0.0001698898251189633
0.0001534704475321128
0.00013841325567852253
0.00012465985390239175
0.00011212019742375733
0.00010073202548839382
0.00009038888706447808
0.0000810470119582553
0.00007261909307174975
0.00006502317436100318
0.000058181459826349514
0.000052018369400202676
0.00004647031293077432
0.00004154944738988805
0.00003715012690780109
0.000033142447010868115
0.00002958462668328233
0.00002644845926205061
0.000023579757041777867
0.00002097908513489753
0.000018771359822348146
0.00001684295360462608
0.0000149842765511022
0.000013364758757236816
0.000011888447884431878
0.00001061837317217908
9.494007879781699*^-6
8.465456365110335*^-6