0.003951941563826211
0.003951723601721327
0.0039509620776623285
0.003949462286927682
0.003946977790698861
0.003943200737047742
0.00393775248656651
0.0039301760930884454
0.003919933061520095
0.003906407793339313
0.003888923968136181
0.003866777276009776
0.003839287640280149
0.0038058705517449026
0.003766121097971152
0.0037198967623390277
0.003667378971342527
0.003609092728753302
0.0035458713861734473
0.003478768583405098
0.0034089358271020497
0.0033374944184110713
0.0032654298964408107
0.0031935270736567533
0.0031223496848124346
0.0030522566459823225
0.0029834403600280746
0.0029159718103434597
0.002849840828719976
0.0027849856481872285
0.0027213114128664772
0.002658701036275063
0.0025970228132267616
0.002536138075390512
0.002475909875573951
0.00241621189875734
0.0023569358210352143
0.002297995720452084
0.002239329037621748
0.002180894549156482
0.0021226684790168924
0.0020646400407782193
0.0020068074221021386
0.0019491747773441618
0.0018917503621943452
0.0018345454341864363
0.0017775738885878031
0.0017208522646134491
0.001664400725548783
0.0016082365004149491
0.001552388122198054
0.0014968813849892835
0.001441747180259108
0.001387014654813059
0.0013327237730476277
0.0012789093157659828
0.0012256228351441697
0.0011729004471054021
0.0011207958724274716
0.0010693614366425715
0.0010187396851286598
0.000968707439078205
0.0009196186599997061
0.0008714314874816776
0.0008242176895900935
0.0007780382487646504
0.000732964131441177
0.0006890600641519095
0.0006463957869987639
0.0006050369910399017
0.0005650438093162686
0.0005264791905062044
0.0004893962139646572
0.00045384515151511136
0.00041987856441971295
0.00038751511516715875
0.00035678165288153445
0.0003277078873420945
0.0003003016114590682
0.000274557694545034
0.0002504533084062551
0.00022797549285958
0.00020708730612050002
0.0001877453674413491
0.00016988632118948487
0.00015349391381434891
0.00013841629958016863
0.00012465964952404962
0.00011212629718433716
0.00010072442058845364
0.00009038572501214821
0.0000810451530157314
0.0000726225909203743
0.00006502093720909085
0.00005813106116477265
0.000052016715986926016
0.00004649105967352886
0.00004151613397555517
0.00003715113471060416
0.00003314363790296522
0.000029595157349078974
0.000026439368791023255
0.00002357946805342701
0.000020976670318147167
0.000018776351072497558
0.00001683140739671273
0.00001498356469086366
0.000013362196400364916
0.000011889282214592952
0.000010619216167508236
9.494670951092009*^-6
8.458276427996174*^-6