0.004125911280747632
0.004125740430938951
0.004125143243320745
0.004123965895354894
0.004122012006901711
0.0041190331413612615
0.004114718206042061
0.004108682274005131
0.004100455855715513
0.0040894763756986925
0.0040750845462408074
0.004056529496573957
0.004032987139589805
0.004003597185993885
0.003967522319924037
0.003924030358495864
0.0038725939531477427
0.0038129946308621057
0.0037454106075455584
0.0036704646856546494
0.0035892130755038588
0.0035030685798402906
0.0034136688326150636
0.0033227148597856065
0.0032318117266560763
0.0031423389701512035
0.003055367181903922
0.002971623925018126
0.0028915019864604943
0.0028150979072692002
0.002742268291804518
0.0026726936222786824
0.0026059422934416854
0.0025415299681076776
0.002478970751472686
0.0024178176295784172
0.002357689899194824
0.0022982873704081317
0.0022393700065669415
0.002180856075639715
0.0021225936980481734
0.0020645575504165984
0.0020067295119503546
0.0019491034344955027
0.0018916868403481622
0.0018344893196028862
0.0017775239026124226
0.0017208103967407795
0.0016643604662246625
0.0016082024257121988
0.0015523583784002738
0.0014968533884735166
0.0014417393485076807
0.0013869925186038349
0.0013327078755654284
0.0012788974291233289
0.0012256094838268086
0.0011728990338571296
0.0011207843647596154
0.0010693495274970977
0.001018634969959524
0.0009686989700072777
0.0009196218344858691
0.0008714284300632313
0.0008242135565735108
0.0007780353611573323
0.0007329605549112922
0.0006890567681165527
0.0006463968037956792
0.0006050339973903572
0.0005650429776164599
0.000526477616854674
0.0004893955826242469
0.00045384759351143787
0.0004198820552718356
0.000387506597967319
0.0003567846888152342
0.00032769995275454944
0.00030030346608199903
0.0002745716691937633
0.0002504456164099785
0.00022796473221215193
0.00020708258860163776
0.00018773134349063642
0.00016989714962156946
0.0001534765815495981
0.00013840358659485312
0.00012465879585525178
0.00011209126885182169
0.00010073200270154448
0.00009038743146931023
0.00008103604167395372
0.00007263708919346348
0.0000650189488156035
0.00005818841516489061
0.000052018882620984826
0.00004643005390139357
0.00004156069307578389
0.0000371332295157994
0.00003315208524250195
0.000029608647988269425
0.000026470605773444538
0.000023579101600314214
0.000020999488537281155
0.000018778127744705133
0.000016840693599541423
0.000014977403004881613
0.00001336596272847651
0.000011929177664788143
0.000010619851566593092
9.496953048634977*^-6
8.471944050812083*^-6