0.0031774709214094357
0.003177448276593847
0.003177369089206782
0.0031772128135853454
0.003176952998245475
0.0031765557674612033
0.0031759779623471733
0.003175164890395898
0.0031740476407468576
0.0031725399438473395
0.0031705345962545796
0.00316789954422589
0.0031644738353073416
0.0031600638164412595
0.0031544401846181312
0.003147336769310422
0.0031384521942486292
0.0031274557480588435
0.003113998689964091
0.0030977316925442835
0.0030783279650690503
0.0030555098957758438
0.0030290751902728
0.0029989172760422106
0.00296503511534963
0.002927529969367507
0.0028865904821417277
0.002842470970607374
0.0027954694722633856
0.0027459102629711794
0.0026941325499701394
0.0026404831170268304
0.0025853093597171164
0.0025289497426273988
0.0024717214237138367
0.0024139070406690812
0.0023557439177562755
0.0022974184464380773
0.0022390667867543943
0.0021807811678688106
0.0021226196949281186
0.002064617098070671
0.0020067942816704883
0.0019491654832227815
0.0018917428671271154
0.0018345390690084067
0.0017775683910072615
0.001720847401770501
0.0016643950202989794
0.0016082328127626816
0.00155238499118191
0.0014968788721930336
0.0014417445280856859
0.00138701268187689
0.0013327225293978339
0.0012789106261050377
0.00122562142325295
0.0011728992800112993
0.0011207910102037527
0.00106935536189075
0.0010186413529484448
0.0009687049718569905
0.0009196213156442265
0.0008714324128227692
0.0008242167543733647
0.0007780409752622286
0.0007329592870365476
0.0006890605018268742
0.0006463966303508553
0.0006050361862882206
0.0005650444872449832
0.0005264789839483923
0.0004893972729008915
0.00045384613404081023
0.00041987372399806367
0.00038750836816679306
0.0003567820290849138
0.0003277103238991857
0.000300301485346055
0.00027455363543690494
0.00025045989609049686
0.00022797616580152647
0.00020708551473058273
0.00018775253769484878
0.00016988769982452629
0.0001534854590962525
0.00013841738397216724
0.0001246621037638505
0.00011212275469308302
0.00010072682823322207
0.00009039093288641342
0.00008104263546748103
0.00007262203608812612
0.00006501775076498697
0.000058122677927285926
0.000052017320563375256
0.00004649729464890775
0.00004152128574207233
0.000037141906349467424
0.000033161111194286556
0.000029602600579862093
0.00002644072367217399
0.000023580145163489073
0.000020991617946586922
0.000018783444810463666
0.000016826543313021534
0.000014975257059554232
0.000013361125748419728
0.000011891509073924308
0.000010619101435637721
9.493359451043927*^-6
8.465068721853728*^-6