0.0030876590252607123
0.00308764444431429
0.0030875934521048557
0.0030874928028714523
0.0030873254203123528
0.003087069392301704
0.003086696724945206
0.003086171808767988
0.003085449546721519
0.003084473094747041
0.003083171174267899
0.0030814549364319944
0.0030792144052952178
0.003076314578997954
0.0030725914090328713
0.003067848006336212
0.003061851653107637
0.003054332443614912
0.003044984624994717
0.003033471860270908
0.0030194375789654527
0.0030025211061471832
0.0029823793413240925
0.002958712369167911
0.002931289910475138
0.0028999745233935443
0.0028647375437965876
0.0028256651086199873
0.0027829537601331907
0.0027368971121269577
0.002687866047868936
0.0026362848222403223
0.0025826048988267635
0.002527278128019134
0.0024707312240005355
0.002413344041492408
0.0023554342605834745
0.002297250347909712
0.0022389731453864013
0.002180724651864589
0.0021225811763224195
0.002064587571130095
0.0020067698136001437
0.0019491444151208167
0.001891724453766952
0.0018345229030988907
0.0017775541697079376
0.0017208349243882013
0.0016643840709037736
0.001608223219170616
0.0015523765778685764
0.0014968716323625587
0.0014417387761378614
0.0013870070575165575
0.0013327170603916396
0.0012789062192464884
0.0012256177236605035
0.0011728960107070298
0.0011207872886396654
0.0010693534156011224
0.001018639148794213
0.0009687077613582597
0.0009196211721406253
0.0008714312216756473
0.0008242156911828541
0.0007779925005504997
0.0007329623619047701
0.0006890599412204284
0.0006463956476009462
0.0006050356413232683
0.0005650435893293609
0.0005264786822000283
0.00048939722970581
0.0004538460122600671
0.0004198744570424922
0.0003875079811729228
0.00035678181158010425
0.00032771070904916567
0.00030030253168793376
0.00027455623259141604
0.00025046061894340086
0.00022797657854141314
0.0002070871125739067
0.0001877407407985989
0.00016988696606391984
0.00015348796063135748
0.0001384174144325633
0.00012466231618977558
0.00011212296370141515
0.00010072687140943414
0.00009038989016622515
0.00008104258864708301
0.00007262234148695492
0.0000650183435170451
0.0000581269704383369
0.00005201833002258859
0.000046494675671285664
0.00004151693971245013
0.00003714101997357839
0.000033159077110828755
0.000029600130929898994
0.00002644258193261554
0.000023576233867842358
0.000020993752700207352
0.000018783457067697434
0.000016828098934783623
0.00001497549006947936
0.000013362782221130847
0.000011889195803292495
0.000010619061977622298
9.494293769253472*^-6
8.46520843861481*^-6