0.012976263932166507
0.012870127984452044
0.01252324568350558
0.01193124696657467
0.011146426667252555
0.01025722809604894
0.00935222294795187
0.00849529454308557
0.007720703467172792
0.007040001092887277
0.0064512356753178065
0.0059459968202510505
0.005513665973370191
0.005143605457632208
0.004826116738015005
0.004552750520238644
0.004316309329528412
0.004110723591068265
0.003930890688475298
0.0037725181524910553
0.003631987815337011
0.0035062458576644636
0.0033927177545435352
0.0032892439173041552
0.0031940299366908335
0.0031056045110463546
0.0030227787005457757
0.002944602311480823
0.002870316710068052
0.0027993069036549552
0.0027310580018725487
0.0026651213747496596
0.0026010934296223243
0.002538607169299727
0.0024773331444040594
0.002416985659188055
0.0023573289380322267
0.002298180089622677
0.002239407271744553
0.0021809232932147706
0.0021226763539407196
0.00206464011993874
0.002006805069231502
0.0019491719048371195
0.0018917476146344384
0.0018345428875590312
0.0017775716094883198
0.001720850631763877
0.0016644018328677776
0.0016082352383151653
0.001552386766566449
0.0014968800631658327
0.0014417482526470813
0.0013870134404965363
0.0013327226581717054
0.0012789112074917087
0.0012256224294260013
0.0011728997578832538
0.0011207940939703086
0.0010693564582526724
0.0010186422962552392
0.0009687088445355619
0.0009196189189920243
0.0008714328455475399
0.0008242184190965009
0.0007780380477598644
0.000732967479357409
0.0006890592195555753
0.0006463951168753506
0.000605039293280874
0.0005650443910190894
0.0005264792700827141
0.0004893986183342697
0.0004538434275751017
0.0004198716432475514
0.00038751896385893467
0.0003567816838665325
0.0003277064120000037
0.0003003007046457392
0.0002745590154236885
0.00025045237829648866
0.00022797516107024248
0.00020708937079451237
0.00018774902969265493
0.00016988577502548857
0.00015349777669769677
0.00013841500593991357
0.00012466068163840283
0.00011212519414792918
0.00010072442523251765
0.00009037990750140833
0.00008104715818755916
0.00007262020542152772
0.00006502183710838295
0.00005817814487815418
0.00005201546133844791
0.00004648251911022235
0.00004155075689899683
0.000037159067578347826
0.00003314127235636059
0.000029593956568755503
0.000026439168774216325
0.000023580314177946586
0.000020980887310665277
0.000018773174647139966
0.000016835361374160434
0.00001498860711532474
0.000013363350098864376
0.000011881201174416983
0.000010612230523222077
9.494673146364802*^-6
8.454748756202032*^-6