0.007826540416797732
0.007813109920742975
0.007766950468646275
0.007679360854642899
0.007543156406518325
0.007354678571486183
0.007115514786671901
0.006833066594368938
0.0065194787333846555
0.006189257994529314
0.005856564114572346
0.005533152643246001
0.00522741306338324
0.0049443744774273395
0.004686278972826767
0.004453340832233006
0.004244453474794695
0.0040577451046559555
0.003890971203224746
0.0037417711691205436
0.003607826213498155
0.0034869517944890807
0.0033771495772685414
0.0032766353306801486
0.003183851896076899
0.0030974709775161485
0.003016384351427149
0.0029396843414872943
0.0028666347413732534
0.0027966357622879945
0.002729188487670461
0.0026638647182214105
0.0026002862091326316
0.0025381145649507617
0.002477049731510789
0.0024168335866331945
0.0023572541970259364
0.0022981476898737436
0.002239396180683647
0.002180921872582455
0.002122678737098776
0.002064643657391453
0.0020068086940269983
0.0019491752652061847
0.0018917506224049893
0.0018345456051536355
0.0017775739891390705
0.0017208525298453839
0.0016644023673944737
0.0016082367016930193
0.0015523881707888826
0.001496881527728061
0.001441748391681408
0.0013870145330988164
0.0013327236364401392
0.0012789121158466696
0.0012256229530349908
0.0011729003795100774
0.00112079452626157
0.0010693568445654025
0.0010186425861720872
0.0009687055697997149
0.0009196189323811871
0.0008714329445921842
0.0008242184520704027
0.0007780382241081131
0.0007329664716455599
0.0006890596827049478
0.0006463955607718258
0.0006050385539718043
0.0005650443504225319
0.0005264791894715275
0.0004893953658201445
0.00045384395555646647
0.000419871754797538
0.0003875173611627154
0.0003567816576772455
0.00032770722247590944
0.00030030062538524574
0.0002745577134628439
0.0002504528721516844
0.00022797522543360968
0.00020708936197222943
0.00018774788642771353
0.00016988594668546455
0.00015349566541622762
0.00013841454918432538
0.00012466021275148653
0.00011212627786903139
0.00010072237881600992
0.00009038326592076157
0.00008104746557887395
0.00007262132021980118
0.00006502323904868474
0.00005817501226045019
0.000052014746417779886
0.00004648569113204697
0.000041518199773192344
0.0000371586538283603
0.000033145016736017786
0.000029594599994438025
0.000026441541353504287
0.000023578810836246656
0.000020980542128206617
0.000018772652781389702
0.000016835563369767643
0.000014987735035030016
0.000013363220282122652
0.00001188589507026798
0.00001061890904338171
9.496111392198319*^-6
8.458916299539956*^-6