0.0031367357897001294
0.003136717632447374
0.003136654135087672
0.0031365288113887274
0.0031363204191630083
0.0031360017224335715
0.0031355379648309437
0.003134885002795565
0.0031339870477037576
0.0031327739740482754
0.003131158171457412
0.003129030958969164
0.0031262586502409833
0.003122678469561677
0.0031180946811675014
0.0031122755127638998
0.003104951716529861
0.003095817874709698
0.003084537731469225
0.0030707547867926815
0.0030541088978426707
0.003034258670266149
0.0030109078854561426
0.002983832527996439
0.002952903833710305
0.0029181028256657915
0.002879523471467317
0.002837364373476012
0.0027919116101026136
0.002743516750942921
0.0026925737377864853
0.002639496861960148
0.00258470059102801
0.0025285813153021735
0.0024715012945632307
0.002413775711301663
0.002355664166909006
0.002297367774508627
0.0022390321476251883
0.0021807553735436096
0.002122599003375281
0.0020645996547310895
0.0020067791826650044
0.001949152259780769
0.0018917312375234946
0.0018345288426258473
0.0017775593626235791
0.0017208395298756408
0.001664388126390986
0.001608226809088692
0.0015523403998124086
0.0014968745610155225
0.0014417394593529173
0.0013870091752075156
0.0013327188027744345
0.0012789076270404143
0.0012256191484369217
0.001172897144125342
0.0011207922107467228
0.0010693543129264927
0.0010186397361619454
0.0009687073982060377
0.0009196168139627061
0.0008714312856235139
0.0008242161881936788
0.0007780415859691422
0.0007329625957060757
0.0006890603882243337
0.0006463956976150772
0.0006050357033259438
0.0005650437170924956
0.0005264787915778336
0.000489397283028621
0.00045384595501574864
0.0004198754845015254
0.0003875082551894872
0.0003567821948833648
0.00032771099577190085
0.0003003027931769661
0.00027455669184410226
0.00025046089383623906
0.00022797746556754884
0.00020708843342175584
0.00018774240198860467
0.00016988715787094396
0.00015349025702401153
0.0001384176847055456
0.00012466236010154463
0.0001121225596351149
0.00010072671120719199
0.00009038941287894812
0.00008104194282505516
0.00007262220703612072
0.00006501601466523519
0.00005812594729808985
0.00005201911845187834
0.00004649254063788771
0.00004151721299347928
0.00003714206578317155
0.00003315924997970104
0.000029598830805914225
0.000026443616902220477
0.000023576042648957106
0.000020992687331220465
0.000018782222126542668
0.000016828428712226908
0.00001497686843666423
0.00001336346200396007
0.000011888441515072243
0.000010616087681839347
9.493706475652698*^-6
8.465853642236213*^-6