0.003867699055189089
0.0038675851999487956
0.003867187182709134
0.003866402277242483
0.00386509903095806
0.0038631105796640753
0.003860226967517608
0.003856186666317445
0.00385066776005678
0.0038432796733134556
0.0038335568989715145
0.003820956908518398
0.0038048652086578923
0.0037846111332350088
0.00375949797662794
0.0037288499842565524
0.0036920760372941373
0.003648745261584204
0.003598664383612747
0.0035419418855790145
0.003479022721953263
0.003410680915008457
0.0033379661748274263
0.003262111182559679
0.003184415819376692
0.0031061287541754934
0.0030283456611839487
0.0029519374517906756
0.0028775140859437463
0.002805422322144452
0.0027357708732890346
0.00266847425044861
0.0026033065065500646
0.002539957140581198
0.002478082832561332
0.0024173501739029016
0.002357466225157889
0.0022981935208275833
0.0022393627447181456
0.002180859511101407
0.002122608053486462
0.0020645766348492147
0.0020067482819352534
0.001949119396179176
0.0018917006469018121
0.0018345013646958162
0.001777532667420744
0.001720818275313557
0.0016643689190634949
0.0016082096151840547
0.0015523645693848833
0.001496860477073255
0.0014417300471990995
0.0013869807239216994
0.0013327089165777082
0.0012789003650499483
0.0012256237300819484
0.0011728927311411448
0.001120786698133757
0.0010693486446482327
0.0010186348709557299
0.0009687024175659506
0.0009196196433789043
0.0008714294954640697
0.0008242170486445406
0.0007780346652870889
0.0007329596072004268
0.0006890788997346726
0.0006463958206584405
0.0006050342257651947
0.0005650431198249255
0.000526478386495406
0.0004893950801482584
0.0004538461548426369
0.0004198762777646399
0.00038755103676270744
0.0003567800451446905
0.0003277080456874122
0.00030029978233387685
0.00027456393265921485
0.00025045013971830544
0.00022797927311881525
0.0002070827160485064
0.00018773996488771885
0.0001698937653938777
0.0001534772620170053
0.00013841106393514877
0.00012465785127072462
0.00011210790723399735
0.00010073170020494576
0.00009038273971628305
0.00008103922279270004
0.00007262932704097
0.00006503477297103856
0.000058183923291798324
0.00005201826369007764
0.00004646148731566363
0.00004155703047576644
0.000037138023721746975
0.00003315359382873254
0.00002957016265099367
0.00002646133557849253
0.00002358041583484746
0.000020990075482292617
0.000018785397172324323
0.000016842831618222564
0.00001498197802058831
0.000013366124786775613
0.000011914973901520862
0.000010623165861617699
9.493701641848751*^-6
8.465667896639807*^-6