0.003084054321655705
0.003084040734668515
0.0030839932176689464
0.0030838994240013503
0.003083743431106543
0.0030835047973232516
0.0030831573894093095
0.0030826679333994297
0.0030819942364776593
0.0030810830254042456
0.0030798673504592537
0.0030782635171308355
0.0030761675371946233
0.003073451145151245
0.003069957516376486
0.0030654969622612035
0.003059843075560195
0.003052730057700868
0.0030438522596461827
0.0030328672522299256
0.0030194038994667944
0.003003076769205619
0.002983507582690624
0.002960353134294121
0.0029333372816538485
0.002902282604607226
0.0028671359363608012
0.002827982025132863
0.0027850415541356565
0.0027386532406835744
0.002689243501628374
0.002637289693583692
0.002583283302483893
0.002527697917312247
0.0024709645043695947
0.0024134546551797674
0.0023554715846209715
0.002297248419309166
0.002238953038171076
0.002180698071175989
0.0021225538822723074
0.0020645619885245018
0.0020067467214238584
0.0019491238816109109
0.0018917063015213872
0.0018345069294578786
0.0017775399735900364
0.001720822484500683
0.001664373484545162
0.00160821356139991
0.0015523685979207807
0.001496863155747542
0.001441730892310205
0.0013870017977085747
0.0013327117090623627
0.0012789010542507357
0.0012256144562255759
0.0011728924543172369
0.001120788135612155
0.001069350985114505
0.0010186360783895287
0.0009687046050112598
0.0009196145068278739
0.0008714293178425581
0.0008242148805126344
0.0007780355341690104
0.0007329612417459682
0.0006890595363176156
0.0006463952539496019
0.0006050354734675198
0.000565043347846022
0.0005264784467697565
0.000489396300264061
0.00045384557976476606
0.00041987545310623857
0.0003875115214156558
0.00035678244483797406
0.0003277094230083305
0.0003003031722100549
0.0002745594932947192
0.00025045310494875507
0.00022797783899137562
0.00020708808310734904
0.00018774310983405833
0.00016988700029760859
0.00015349875556615433
0.00013841653712246444
0.0001246617757485738
0.00011212526034011112
0.00010072623748925965
0.00009038895927634967
0.00008104516583705457
0.00007262283544937157
0.00006501902219059174
0.0000581695587706766
0.000052020043552144184
0.000046490970152161714
0.00004151499461050025
0.00003714855520658978
0.000033155705262063665
0.00002959405536573969
0.00002644163642844741
0.000023577446133086543
0.000020973489113827633
0.00001877818201861858
0.00001682846659979828
0.000014977334926110484
0.000013364755931812094
0.000011884817426260262
0.00001062181134810703
9.495687517331013*^-6
8.453640720682278*^-6