0.0032466272371702697
0.0032465967429877287
0.0032464901131513844
0.0032462797086297893
0.0032459299853050453
0.003245395496545469
0.003244618473688587
0.0032435259396057345
0.003242026335242926
0.00324000568740272
0.0032373234296589675
0.003233808120853516
0.0032292534998983923
0.0032234155766403317
0.0032160117708999606
0.003206723420238003
0.003195203164868159
0.0031810885907763604
0.003164022850540169
0.0031436815591906206
0.003119803198620861
0.003092217989402355
0.0030608687379937477
0.0030258176762555816
0.0029872363795457853
0.0029453807908594544
0.002900558181597006
0.0028530951949739904
0.002803314712158263
0.0027515248702586308
0.0026980183816148673
0.002643076750498673
0.002586973525087739
0.0025299727037714176
0.002472322001582635
0.0024142433165974487
0.0023559239813634564
0.002297511776387446
0.002239115047318297
0.0021808074817484995
0.002122635848309589
0.0020646285795315245
0.0020068034316145854
0.001949173237863828
0.0018917496059917779
0.0018345449747512398
0.0017775735749715562
0.001720851957689024
0.0016643990256104435
0.0016082363312077195
0.0015523880759852554
0.0014968816049283555
0.0014417470515747219
0.0013870147485024258
0.0013327238162170935
0.0012789121647517742
0.001225622790313506
0.0011729004529929944
0.0011207918195475252
0.0010693567139176024
0.0010186420853888394
0.0009687053095637705
0.0009196221970816901
0.0008714329187249287
0.0008242171727986408
0.0007780414333010834
0.0007329592734933682
0.0006890607636709464
0.0006463964101151182
0.0006050363413029131
0.0005650446701414333
0.0005264790962679854
0.0004893974222615482
0.00045384632769088006
0.0004198739250263175
0.00038750846099849736
0.0003567821222058467
0.0003277108334042945
0.00030030143465646506
0.0002745519921449888
0.0002504599433463156
0.00022797630069233118
0.00020708530034865697
0.00018775262092688184
0.00016988768843427562
0.0001534855627806884
0.00013841743530382773
0.00012466211328316496
0.00011212279015788195
0.0001007268421848049
0.0000903908571038593
0.00008104275050956518
0.00007262185372076762
0.00006501783622019616
0.000058121480958763025
0.0000520173569189198
0.000046497276809997286
0.000041521287286202935
0.00003714188766755188
0.000033161074503301664
0.000029602868876807507
0.00002644064665388095
0.000023580300862870175
0.000020991888655159322
0.00001878352574878781
0.000016826512582852304
0.000014975336585922809
0.000013361138547198033
0.000011891672030819187
0.000010617650193682843
9.493398840833602*^-6
8.467851936016892*^-6