0.0036279839358513283
0.003627871895995007
0.0036274802949550107
0.0036267083610085917
0.0036254275846708105
0.003623475653986841
0.003620649786516989
0.0036166998666706503
0.0036113221521545226
0.0036041548083622903
0.0035947771478524997
0.0035827151007100013
0.003567455898912746
0.0035484748333326436
0.0035252757187804614
0.0034974438767424896
0.0034647060773793535
0.0034269867940090945
0.0033844465303071456
0.0033374884374501763
0.0032867255819143586
0.0032329118284485443
0.003176850361266551
0.0031193003706668633
0.0030609017328335187
0.0030021306066022133
0.0029432893901685632
0.002884526139225099
0.0028258734023507035
0.0027672947431404394
0.0027087283028525643
0.0026501197303807934
0.002591440813272897
0.002532694239182038
0.002473908101495418
0.0024151252628398074
0.002356392362464156
0.0022977516353272194
0.0022392367078113494
0.0021808719475011713
0.0021226741283009503
0.002064655067455978
0.0020068242298922232
0.0019491907564233425
0.0018917647979071039
0.001834558279729715
0.001777585247308134
0.001720862228915836
0.0016644080500368508
0.0016082442631016349
0.0015523950293523051
0.0014968877920948519
0.0014417529106369655
0.0013870194084706817
0.0013327278338531273
0.0012789156020852983
0.001225625878362533
0.0011729030849718602
0.0011207934379567665
0.0010693587042884547
0.0010186437059194968
0.000968711674310965
0.0009196244933716088
0.000871434085353896
0.00082421813022822
0.0007779954021894045
0.000732964111438634
0.0006890614139636552
0.0006463968821200806
0.0006050366733076182
0.0005650444467901192
0.0005264793913477912
0.0004893978060196999
0.00045384649072253915
0.0004198748164495919
0.0003875082887159644
0.0003567820649440533
0.00032771090472293296
0.00030030269529854727
0.0002745517569746234
0.00025046042329790816
0.00022797666814739813
0.00020708712433516652
0.00018774057683169882
0.00016988703011952061
0.00015348715544290535
0.00013841750296414237
0.00012466214623157648
0.00011212290709027981
0.00010072683588510896
0.00009039001238090439
0.00008104296980796138
0.00007262168086900638
0.00006501767317375279
0.00005812841801112979
0.000052018239371027376
0.0000464972431666849
0.00004152149649462268
0.000037142203277101
0.00003316118916153146
0.00002958185821453688
0.000026437605403609135
0.000023580754598053745
0.000020993095798933497
0.00001878841199815156
0.00001682765196459399
0.000014975605209632963
0.0000133614426346795
0.000011927472215004854
0.00001062226008341295
9.493710749094479*^-6
8.469039959784958*^-6