0.0033339369887703607
0.003333893609053471
0.0033337419351680206
0.0033334427086202235
0.0033329455259234237
0.0033321860960523865
0.0033310829728484407
0.0033295337469787098
0.0033274107431269257
0.0033245563727441942
0.0033207784575387447
0.003315846078996614
0.0033094868291075044
0.003301386714538216
0.003291194326298184
0.0032785310760921563
0.003263009069823279
0.003244257258931823
0.003221954628665447
0.003195866524959042
0.003165877417841781
0.0031320117899051466
0.0030944358404614834
0.003053436945861919
0.0030093842916351136
0.0029626802043376432
0.002913714619957254
0.002862833363668073
0.002810325660629075
0.002756429196447035
0.0027013462865302304
0.0026452622132456883
0.002588358429246692
0.002530816781401815
0.0024728153867280287
0.0024145196383175173
0.0023560728516830724
0.0022975900730477367
0.0022391566261628602
0.002180831064574328
0.002122650971792066
0.0020646396953156506
0.002006812451707566
0.0019491809406103357
0.0018917563192855542
0.001834550863388996
0.0017775787515834766
0.001720856504226441
0.0016644030139974508
0.0016082398278660654
0.0015523911420009873
0.0014968842591388896
0.0014417492400987364
0.001387016798978837
0.001332726120079567
0.0012789137536686622
0.0012256241415343862
0.0011729016381230844
0.0011207930583166871
0.0010693571253704342
0.0010186428719118556
0.0009687062869132842
0.0009196224249833885
0.0008714333674837266
0.0008242175673939176
0.0007780416397483018
0.0007329598834548228
0.0006890609927597938
0.0006463970412582729
0.0006050365302249798
0.0005650447716318441
0.0005264792203475403
0.0004893974654855617
0.0004538462940799989
0.0004198738457237688
0.0003875084703364517
0.00035678211344594707
0.0003277103911217339
0.0003003015455158283
0.00027455370264544804
0.0002504598368039405
0.00022797619775692007
0.00020708553782299016
0.0001877523214682189
0.00016988771836434473
0.00015348520657382066
0.00013841738795969258
0.00012466204884088885
0.00011212273761629548
0.0001007268170175631
0.0000903909642255015
0.0000810427595031844
0.00007262181751830019
0.00006501753037517999
0.00005812254485608663
0.00005201798340419665
0.00004649730502374662
0.00004152159258449237
0.000037141474756273196
0.00003316111781060896
0.000029602653430727907
0.000026438398461616485
0.000023580424320792452
0.000020992043188070922
0.00001878825157201981
0.000016827172143181274
0.000014975204120123373
0.000013361751557543162
0.00001192730858248868
0.000010621915747401385
9.49334537765652*^-6
8.467443629345616*^-6