0.003182882170193392
0.0031828593185552305
0.0031827794078710427
0.003182621704589103
0.0031823595149940605
0.0031819586525193575
0.003181375561145046
0.003180555043162578
0.0031794275478727466
0.0031779059991894876
0.003175882182356409
0.003173222783232985
0.00316976528895954
0.003165314135694867
0.0031596376995855152
0.0031524670348026407
0.003143497506820953
0.003132394666507463
0.0031188056262380142
0.003102376662770836
0.003082776643584431
0.0030597241407764966
0.003033014244328688
0.003002539824182336
0.0029683022948514106
0.0029304092340317876
0.0028890599217724624
0.002844523393262551
0.0027971151551281484
0.002747177533274854
0.0026950655185442422
0.002641136816318671
0.0025857432438877977
0.002529221149581669
0.0024718804050821714
0.002413993446311073
0.0023557868005133105
0.0022974372278085757
0.0022390733578616286
0.0021807821721002833
0.0021226184961231276
0.0020646152225898104
0.0020067923385853528
0.0019491636761044405
0.0018917412452015433
0.001834537633734619
0.0017775671126540951
0.0017208462971583366
0.0016643940593475512
0.0016082319854688863
0.0015523842645741109
0.0014968783642030643
0.001441744663864502
0.0013870122032443573
0.0013327215489936316
0.0012789101288134918
0.001225621121268139
0.0011728989582059412
0.0011207898558785164
0.001069355619157505
0.0010186410477970886
0.0009687093912426754
0.0009196225491903423
0.0008714324145857906
0.000824216707444434
0.000777993824061399
0.0007329630909384122
0.0006890605547632882
0.0006463961618412353
0.0006050360714761132
0.0005650439466571326
0.0005264789777024409
0.0004893974683786248
0.00045384621181056203
0.00041987460145899886
0.000387508108067438
0.00035678191700904967
0.00032771079039524203
0.00030030260020898284
0.0002745562602835642
0.00025046051437799564
0.00022797660919035616
0.00020708711162052194
0.0001877405632991354
0.0001698869956140221
0.00015348757613579614
0.00013841741846944738
0.0001246622372115705
0.00011212293472488875
0.00010072685260599417
0.00009038995361640529
0.00008104275723728494
0.0000726220692837217
0.0000650180362692938
0.0000581275617374464
0.00005201826891196304
0.000046494887945122275
0.00004152069041647113
0.00003714263518397457
0.000033158984384825074
0.000029600274177368415
0.00002644159593381311
0.000023581565322488586
0.00002099322313671147
0.000018783755536443585
0.000016827449448523798
0.000014974955105807932
0.000013361329527963713
0.000011891014529481491
0.000010619223040804592
9.494239874227356*^-6
8.466604297096974*^-6