0.0030739799940662756
0.0030739671858130086
0.0030739223918363353
0.0030738339713143143
0.0030736869094112537
0.003073461925092279
0.0030731343604173214
0.003072672805028948
0.0030720374039059327
0.003071177792918699
0.0030700306076626898
0.003068516520214988
0.0030665367815217734
0.0030639692921731053
0.0030606643021451
0.003056439963653408
0.0030510781434691624
0.0030443211493275894
0.0030358703313668025
0.0030253878406492837
0.0030125030813159823
0.002996825395211437
0.0029779640897276798
0.0029555558143805516
0.002929297477469264
0.0028989806227769305
0.0028645212193923
0.002825978147392127
0.0027835551834623747
0.0027375849436157155
0.002688497809964283
0.0026367824174160295
0.002582945298795092
0.0025274756590252896
0.0024708186620558564
0.00241335760618138
0.002355404788645802
0.0022972000094767385
0.0022389157989006173
0.0021806678395385796
0.002122528359598159
0.002064539932031442
0.0020067274305805216
0.001949106923785334
0.0018916913732869181
0.0018344938277958633
0.0017775284997926617
0.0017208123269879735
0.001664364927056138
0.0016082057227554672
0.0015523611890981375
0.001496857754591484
0.001441725926905444
0.0013869966862742422
0.0013327081134275186
0.0012788968140804069
0.0012256108939058148
0.0011728894572790509
0.001120786190502121
0.0010693526350677028
0.0010187043355081805
0.0009687026672062191
0.0009196136382874668
0.0008714279679644766
0.0008242140487046112
0.0007780345585962419
0.0007329603332773282
0.0006890593729440746
0.0006463949767957053
0.0006050352345559015
0.000565042643434943
0.0005264781028252951
0.0004893951492651157
0.000453845086339822
0.0004198754560370368
0.0003875123364780534
0.00035678121224240564
0.0003277081372970357
0.0003003018079444044
0.0002745563577782147
0.0002504529232845372
0.0002279728299541839
0.00020708954716041613
0.00018774486431476705
0.00016988672475842518
0.00015350621226833548
0.00013841698805496942
0.0001246616040036889
0.00011212644914872717
0.0001007249846938237
0.00009038850102308357
0.00008104663993676678
0.00007262362479987026
0.0000650200085125752
0.000058171806231233165
0.000052022961977515804
0.00004649505777343997
0.000041546575145043006
0.00003714955600747897
0.000033154652384671656
0.000029596017519652598
0.000026442601068032632
0.000023577851478467166
0.000020975036819110845
0.0000187764662232778
0.000016829181731124433
0.000014980737621551725
0.00001336068422951835
0.000011884130765667446
0.000010625871769145081
9.495936323278202*^-6
8.454656451471095*^-6