0.004106790605439685
0.004106560586057954
0.004105756902477319
0.004104173928361161
0.0041015511890659054
0.004097562904290008
0.004091807677542195
0.004083799871504338
0.004072965093827202
0.00405864323217031
0.004040103358687008
0.004016575059405655
0.00398729957043486
0.003951600724710117
0.003908969849940605
0.0038591514362342925
0.003802210437391515
0.0037385614211210222
0.0036689471779510693
0.0035943685834028283
0.0035159825638445908
0.00343499344263569
0.003352560692532012
0.003269735369577789
0.003187424799127844
0.003106376830394279
0.0030271739159408186
0.002950230885019351
0.0028757947657219577
0.0028039517445787856
0.002734640735448025
0.0026676781585194655
0.002602790491839544
0.002539653144137357
0.0024779245524805373
0.002417284401786332
0.0023574543527229764
0.002298211657301783
0.0022393933880319235
0.002180891105665049
0.002122639319646725
0.0020646040697950042
0.0020067721278034475
0.0019491421223721034
0.0018917211712414946
0.0018345198767395008
0.0017775506739098953
0.001720837900388478
0.0016643811055900312
0.0016082207260349642
0.0015523743484402968
0.0014968693969537826
0.0014417354743069821
0.0013870014485341045
0.0013327118331636055
0.0012789056920286806
0.0012256197211688916
0.001172895409634343
0.0011207898620110026
0.0010693526187905698
0.0010186396970544003
0.0009687054386895101
0.0009196167381621417
0.0008714299835864299
0.0008242156939321662
0.0007780354980687604
0.0007329627955856342
0.0006890594578587015
0.0006463955664333102
0.0006050359093284161
0.000565043271388125
0.0005264777503585263
0.0004893949956935972
0.00045384567774353065
0.0004198737136079443
0.0003875319107381388
0.0003568170481141193
0.0003277078959014197
0.0003003049312869377
0.00027456503099069335
0.0002504586171036543
0.00022797913502806084
0.00020708187070283136
0.00018773487539740206
0.0001698910750434691
0.00015347239218171563
0.00013841516406236273
0.0001248019950966646
0.00011211977554545517
0.00010073016047140521
0.00009038730327754002
0.00008105032554860652
0.00007262151508871476
0.00006502680306098838
0.000058181438549115714
0.00005201686319081883
0.0000464702470780695
0.000041551035052967537
0.00003714888247633425
0.00003314116732892343
0.000029582761246711194
0.000026560797387764934
0.000023581205293319118
0.00002097766774755017
0.000018787606177634514
0.000016845774304666885
0.000014982121099885817
0.000013365950944703954
0.000011887085126727675
0.000010624249079204404
9.49023659959698*^-6
8.468004523979005*^-6