0.005293591946955447
0.005291898019587496
0.0052859992973717344
0.00527447016514992
0.0052556239361816175
0.005227558002503965
0.005188262009676081
0.005135804846131189
0.005068599800240652
0.004985717176286085
0.004887176971815255
0.0047741295413008256
0.004648842479446949
0.004514466171830335
0.0043746282894916045
0.004232967259138684
0.004092724865526667
0.00395647771401701
0.003826029297938991
0.0037024359842047425
0.0035861192931205444
0.0034770176414570136
0.0033747427716632754
0.003278719563060148
0.0031882981614760613
0.003102833889293835
0.003021734700544548
0.002944479528130669
0.0028706142541900207
0.002799734615643995
0.002731465699959621
0.0026654464201237215
0.002601323170313097
0.0025387535823708125
0.0024774168756195687
0.002417027303425798
0.002357345086794788
0.0022981823544825806
0.0022394029046726113
0.0021809163646191666
0.002122668893939945
0.002064633001456544
0.002006798600638401
0.0019491661180393218
0.0018917424419931748
0.0018345383713164111
0.0017775676029263754
0.0017208474380227066
0.0016644011727721844
0.0016082320724047135
0.0015523844168251661
0.0014968779730478014
0.0014417424581323413
0.0013870116199363016
0.0013327210331290028
0.001278909705206922
0.0012256249472970791
0.0011728987276768787
0.0011207933651193299
0.00106935587896381
0.001018641780094235
0.0009687082694691152
0.0009196188218045364
0.0008714326535956065
0.000824217235488912
0.0007780376249384509
0.0007329688542093486
0.0006890599228543838
0.0006463944882388979
0.0006050391165795981
0.0005650442279960438
0.0005264792380336795
0.0004893984187836938
0.0004538423845414901
0.00041987197685565647
0.0003875212745999465
0.00035678069988458335
0.00032770479501034456
0.000300302595331342
0.0002745594229968037
0.00025045189821651815
0.00022797511282949659
0.00020708356910925473
0.00018773958862622003
0.00016988581403569255
0.00015349968777858571
0.00013841467255435485
0.00012466119446423958
0.00011211952538932164
0.00010072390459821707
0.00009040688107721546
0.00008104811742323841
0.00007261954950259061
0.00006502341246453385
0.000058182496530344706
0.00005200451574514838
0.00004648052286341851
0.00004154842028753029
0.00003716007134627415
0.00003313784891232594
0.0000295941557885823
0.00002644184950258233
0.000023580687335813544
0.000020975141369065063
0.000018770119434807288
0.0000168324852388168
0.000014990484461620311
0.00001336481069897636
0.000011880341000867105
0.000010620419389348045
9.50026646301009*^-6
8.45499614222206*^-6