0.012922069952048953
0.012815937231644405
0.01246906621622091
0.011877089770433984
0.0110923064957269
0.010203164526039954
0.009298241698003723
0.008441429108225991
0.007666997129140974
0.006986509365255259
0.00639802923609557
0.005893164953088405
0.005461320575982508
0.00509188536486
0.004775192382387363
0.004502828377485843
0.004267635584136203
0.004063586063901707
0.0038856177376144904
0.0037294729761237983
0.0035915565201121466
0.0034688180267689363
0.0033586592799284523
0.0032588636430551624
0.0031675439736129135
0.00308310425534681
0.003004209622611144
0.002929759555038365
0.002858860243114145
0.0027907943458768225
0.0027249889982489213
0.0026609849145236984
0.002598409906535955
0.002536959095064176
0.00247638210309183
0.0024164757838906273
0.002357080030444316
0.002298074319332046
0.002239373442707524
0.00218092192186338
0.0021226875325072317
0.0020646548636484648
0.0020068198034180395
0.0019491854813970312
0.0018917597299067078
0.0018345536667577487
0.001777581134490808
0.0017208585931317861
0.0016644058604976446
0.0016082413793430063
0.0015523924323990587
0.0014968851354514787
0.001441750124968513
0.0013870175767370057
0.0013327263300680423
0.0012789121794792146
0.0012256247167178997
0.0011729021216735534
0.001120796860705732
0.0010693620843246134
0.0010187247496189116
0.0009687089052467463
0.0009196193683595153
0.0008714325754751337
0.0008242180897483799
0.0007780387415463267
0.0007329643623885186
0.0006890615089717851
0.0006463971887275792
0.0006050370627442582
0.0005650777627976494
0.0005264793063932339
0.0004893959801046787
0.0004538454983859491
0.0004198777902739971
0.0003875138950209313
0.0003567817422759148
0.00032770792924910485
0.0003003018445966204
0.00027455719724697654
0.0002504533005619438
0.00022797537782627187
0.00020708927157440994
0.00018774514914846765
0.00016988672245833773
0.0001535090883344315
0.00013841642691441418
0.00012466003547051825
0.00011212594115904252
0.00010072639356312757
0.00009038823200401894
0.0000810451218656707
0.00007262353486951855
0.00006501948967974727
0.00005813233253996579
0.00005201818824980463
0.0000464889055781494
0.000041516639224813517
0.00003714919665776839
0.00003314363614399904
0.000029595773195364678
0.000026441164302073736
0.00002357830240995805
0.00002099485809838693
0.000018777610170522368
0.000016830885175484722
0.000014985362157104886
0.000013365015718469025
0.00001188979165938515
0.000010619772699579381
9.499414080164829*^-6
8.457195894198424*^-6