0.0033393482375665834
0.00333930465102712
0.0033391522538445393
0.003338851599636225
0.0033383520426842287
0.0033375889811227246
0.0033364805716584447
0.0033349238997574466
0.0033327906502647647
0.003329922428098149
0.003326126043652186
0.003321169318015059
0.003314778282759702
0.003306637033791823
0.003296391841265568
0.0032836613415753637
0.003268054382387769
0.0032491961773742192
0.0032267615649393703
0.0032005114951855944
0.0031703260963571616
0.0031362260349058002
0.0030983748945173717
0.0030570594940020446
0.0030126514711368924
0.002965559469001925
0.002916184059514445
0.00286488578632325
0.002811971343493837
0.002757696466750711
0.002702279255268348
0.0026459159124665494
0.0025887923134173736
0.0025310881883560854
0.0024729743680963635
0.0024146060439595076
0.002356115734440108
0.002297608854418234
0.0022391631972760034
0.0021808320688058006
0.0021226497729870744
0.002064637819833493
0.00200681050862243
0.0019491791334916087
0.001891754697359982
0.001834549428115208
0.0017775774732303102
0.0017208553996064114
0.0016644020530460224
0.0016082390005722701
0.0015523904153931878
0.0014968837511489203
0.0014417493758775524
0.0013870163203463038
0.001332725140224046
0.0012789132563771164
0.0012256238395464828
0.0011729013163177262
0.0011207919039914512
0.0010693573820681585
0.0010186425667604992
0.0009687106957473173
0.000919623658527949
0.0008714333692473186
0.0008242175204624949
0.0007779947574593262
0.0007329636740928853
0.0006890610457178143
0.0006463965733932899
0.000605036415412748
0.000565044232459927
0.0005264792140764853
0.0004893976609632949
0.0004538463712293401
0.0004198747229597367
0.000387508211057126
0.00035678200152012044
0.000327710855628948
0.0003003026546313153
0.0002745562884716414
0.00025046045525946184
0.00022797664104852667
0.00020708711723737584
0.00018774057006534434
0.0001698870161529142
0.00015348732059308247
0.0001384174990262616
0.00012466218256131212
0.00011212291757906229
0.00010072684174719716
0.00009038999084785855
0.00008104288218581069
0.00007262184788866842
0.00006501782001348957
0.00005812804740405112
0.00005201826160364462
0.00004649723600416966
0.0000415212754901648
0.000037142481585048774
0.000033161189754674555
0.000029600356627278786
0.00002644143175253121
0.000023581170863739054
0.000020994491480811272
0.000018783691926674115
0.000016826924932229614
0.0000149747548393932
0.000013360811366386337
0.000011891544065721047
0.000010620998690890779
9.494214171254984*^-6
8.46788304254443*^-6