0.003799214479212481
0.0037990920862013416
0.003798664281892459
0.0037978209057338537
0.003796421367074628
0.0037942878940366237
0.0037911980295934405
0.003786876764517783
0.003780989058603035
0.003773134010974947
0.003762842585194316
0.0037495814884234585
0.0037327663321704866
0.003711787183517958
0.0036860485307909836
0.0036550230626255665
0.003618314456291386
0.003575719472736153
0.0035272760591868223
0.0034732843484462615
0.00341429282159909
0.003351051192013116
0.003284440781116357
0.003215397829354641
0.0031448434591475217
0.003073627890356206
0.003002490167495984
0.0029320311799881306
0.002862697753143717
0.0027947778160944707
0.0027284064918516346
0.0026635843831325384
0.0026002054443032352
0.002538092042760519
0.0024770300036475496
0.002416802303709846
0.0023572129327848806
0.002298101746139529
0.0022393500632164024
0.002180878362064444
0.002122639087435173
0.0020646081402568538
0.0020067771748709298
0.0019491473077063969
0.0018917258954728592
0.001834523861590186
0.0017775546774200194
0.0017208375292769623
0.0016643842386117823
0.0016082233371624772
0.001552376643076834
0.0014968712942951207
0.0014417359016039518
0.001387005542101673
0.0013327156074758957
0.0012789066513499453
0.0012256188835525624
0.0011728961403906207
0.001120790635989223
0.0010693533646888409
0.0010186400641895817
0.0009687067682798967
0.0009196178032683237
0.0008714343285472816
0.0008242156314782722
0.0007780367411783549
0.0007329735332279291
0.0006890595776826371
0.0006463949339376321
0.0006050362159567392
0.0005650436979481749
0.0005264790309236796
0.0004893971248004657
0.00045384625633744903
0.0004198727425218459
0.0003875244549557626
0.00035678134498781384
0.0003277003774775358
0.00030030262596028373
0.0002745618514625022
0.0002504569227281824
0.00022797595271456566
0.0002070816319281186
0.00018773632504397937
0.000169889655231935
0.00015346928255011781
0.00013841206357433148
0.0001246621366479283
0.00011212170636663519
0.00010073052167845024
0.00009038706453780483
0.00008104861812778815
0.00007262122092390026
0.00006502098655123414
0.00005817914194023061
0.00005200353161053266
0.0000464737663776806
0.00004154776451665755
0.00003715292980831293
0.00003314286078393386
0.000029588786292170427
0.00002644434599091011
0.00002358012088868483
0.000020977149373031125
0.000018767260833078238
0.00001683483202764553
0.000014989908065553828
0.000013366917065327452
0.000011887430384800488
0.00001061745647113089
9.49453873822808*^-6
8.474905311086393*^-6