0.004405377953185113
0.004404870070556948
0.0044030971382644675
0.004399612340678956
0.004393859629644074
0.0043851615997604
0.0043727145538548584
0.004355596943564647
0.004332798574682198
0.004303278281076736
0.004266054996072016
0.004220330096868355
0.004165627281001652
0.004101922743492323
0.004029729295782801
0.003950100900904965
0.003864542543736033
0.0037748392072158073
0.0036828439037163473
0.0035902753306372237
0.0034985669342580223
0.003408787854794135
0.0033216337821418748
0.0032374704910133603
0.003156406939802829
0.0030783761559377556
0.003003207420375773
0.0029306800515896438
0.002860555925461103
0.002792593665264171
0.002726551106247921
0.002662183725426783
0.0025992449201754433
0.002537491074804418
0.0024766907436127093
0.0024166355890981412
0.002357149593522374
0.002298094297369518
0.002239369155044576
0.0021809075710102358
0.002122670250678335
0.0020646377857050824
0.0020068040822112695
0.0019491713789267866
0.0018917472510749044
0.0018345426523685537
0.0017775713963845557
0.0017208502524641664
0.0016644003677428567
0.0016082349470587368
0.001552386632480713
0.0014968801804782386
0.0014417472131802518
0.0013870135036112103
0.0013327227384848123
0.0012789113339229594
0.0012256222733886741
0.0011728997899312726
0.0011207940159086412
0.001069356403811217
0.0010186422064691713
0.0009687052435613557
0.0009196186528772102
0.0008714327058556513
0.0008242182488155975
0.0007780380516588918
0.0007329663258689571
0.0006890595599471693
0.0006463954578334141
0.0006050384680231607
0.0005650442789870792
0.0005264791303841968
0.0004893953172121023
0.000453843915745522
0.00041987172238760995
0.0003875173351904047
0.00035678163656467806
0.00032770720557328203
0.0003003006119098447
0.00027455770306842274
0.00025045286383222317
0.00022797521920656926
0.00020708935849662953
0.000187747885779172
0.0001698859424712229
0.00015349571055547608
0.0001384145473811333
0.00012466022281448812
0.00011212629166605625
0.00010072237805206936
0.00009038326291626014
0.00008104746603046559
0.00007262138298647035
0.00006502328217194524
0.00005817502678073487
0.00005201473918125225
0.000046485685902550536
0.00004151811399600216
0.000037158706641592685
0.00003314496433150038
0.000029594602532053675
0.000026439813972747615
0.000023579647714720576
0.000020980392195198588
0.000018772592271555797
0.00001683570859989392
0.000014987733720789828
0.000013363961543380161
0.000011885761488761357
0.00001061889135911943
9.49611455754208*^-6
8.458856900876503*^-6