0.007777977841514879
0.007764550068793509
0.00771840014000613
0.007630829320155279
0.007494656126234783
0.007306226063095878
0.00706713176601306
0.006784781353802953
0.006471327850296919
0.0061412884155182985
0.005808835665137203
0.0054857409986702995
0.005180413185552956
0.004897904465374081
0.004640484180206069
0.004408397959806381
0.0042005741396621814
0.004015178119707901
0.0038500024920824667
0.0037027199566631377
0.0035710359918356112
0.003452774753644937
0.003345923921923206
0.003248656318371595
0.003159339448819519
0.00307653884576561
0.0029990172138291077
0.0029257289618439108
0.0028558088959669404
0.0027885545800649426
0.0027234035549114285
0.0026599082668277638
0.002597712214626513
0.002536530171142146
0.0024761337095020024
0.0024163415931700424
0.0023570134514672215
0.0022980449143268143
0.0022393628215910716
0.002180919881578647
0.0021226889195108357
0.0020646573392727476
0.002006822430954048
0.001949187944566021
0.0018917619441468185
0.001834555720015066
0.0017775828747955498
0.0017208601025928587
0.0016644068853729637
0.0016082425460967839
0.0015523934767267078
0.00149688603499837
0.0014417506669790303
0.0013870182996274063
0.0013327269663321898
0.0012789132349095209
0.0012256251643952202
0.0011729018370915543
0.0011207969068492876
0.001069361853869267
0.0010187117276202586
0.0009687095179419033
0.0009196195076079978
0.0008714329812533114
0.0008242183168458273
0.0007780381801472461
0.0007329633952837879
0.0006890619511191748
0.0006463971380598909
0.0006050370396969798
0.0005650441436772962
0.000526479343631011
0.000489396168598008
0.00045384592306500884
0.00041987610134128515
0.0003875128581191953
0.0003567816556184024
0.00032770850224333586
0.00030030209455448345
0.000274556562992402
0.00025045309864093904
0.00022797314725249475
0.00020708954393305705
0.00018774400601947
0.00016988684234908776
0.00015350467353378972
0.00013841702335812587
0.0001246612991146653
0.00011212632652834523
0.00010072496159016469
0.00009038864464343643
0.00008104661993751621
0.00007262287480562792
0.00006501871148961891
0.00005813202334197708
0.00005202163927121125
0.000046490369494725056
0.00004151601588301123
0.00003714739994764798
0.000033143400334149766
0.000029596084898326124
0.000026438787911084812
0.000023578445400220236
0.000020995269111963563
0.000018777616777475007
0.000016826980316641934
0.00001498355364461089
0.000013363804114990006
0.000011889864782898664
0.000010613488781989316
9.49657842126648*^-6
8.45639501518279*^-6