0.01288758685575519
0.01278145579568807
0.012434590586536664
0.011842625600218539
0.011057861379867681
0.010168748548261289
0.009263868116748926
0.008407115211706374
0.007632765294133815
0.00695238835728261
0.006364055789133177
0.005859385662630039
0.0054277941265720876
0.005058685086928984
0.004742409086320594
0.004470573336436873
0.004236043421721631
0.004032817141400433
0.0038558594291084117
0.0037009389894674806
0.0035644832199911484
0.003443456640032632
0.003335263085136471
0.0032376698247423763
0.0031487510951563246
0.0030668478137039234
0.0029905398363150645
0.0029186264830559135
0.002850110852320809
0.002784183926039946
0.0027202058173357614
0.0026576834425838373
0.002596245763405379
0.002535618882884438
0.0024756033872335723
0.00241605559232443
0.0023568732251904776
0.0022979850639514793
0.002239343490044889
0.0021809188658300756
0.0021226950051614203
0.0020646654499403955
0.0020068305564006827
0.001949195424982439
0.001891768629570552
0.0018345615973782432
0.0017775880471050391
0.0017208649178492425
0.001664410448290499
0.001608246528256111
0.0015523969843064152
0.0014968883291622134
0.001441752660009251
0.0013870207731675427
0.0013327285203051185
0.0012789158162248473
0.0012256269123612116
0.0011729035008208922
0.0011207975112425903
0.001069359162895051
0.001018643414189072
0.0009687107963830245
0.000919619775686854
0.0008714338268916868
0.0008242185445893739
0.0007780388705573671
0.0007329640382791798
0.0006890624135621388
0.0006463967389101907
0.0006050370298354413
0.0005650446337053171
0.0005264794186852726
0.0004893972075965036
0.00045384606312088405
0.00041987488330619483
0.0003875113667776739
0.00035678176630461403
0.0003277100720492332
0.0003003031355899398
0.0002745589649212995
0.00025045288271981664
0.0002279779307489396
0.00020708955600205381
0.0001877426285196377
0.00016988693140533972
0.00015349475453041973
0.00013841699115721748
0.00012466155395628967
0.00011212372709125256
0.00010072602893484603
0.00009038937966896313
0.00008104325664991691
0.00007262099369101256
0.00006501722851611095
0.00005813052848452484
0.00005201864395231126
0.00004648796450957187
0.00004151986082966039
0.00003714661838743806
0.00003315835180127416
0.000029597468675698187
0.000026441575445672337
0.000023576007027224837
0.000020993811704914458
0.000018780126982406672
0.000016824638397738336
0.000014979204739848105
0.000013363068122307687
0.000011889424573971322
0.000010616523788221438
9.494255684132482*^-6
8.459782143109864*^-6