0.0031988232911817874
0.0031988021762355758
0.003198728335682826
0.0031985825982352462
0.0031983402626849585
0.0031979696591961588
0.0031974303754149437
0.0031966710880667387
0.0031956269416916062
0.0031942164260974123
0.0031923377292036557
0.003189864591095657
0.003186641770149769
0.003182480367189623
0.0031771534526891763
0.0031703927125121376
0.0031618871589842138
0.003151285299631121
0.003138202411480834
0.003122234558205504
0.0031029804774695188
0.003080071241534025
0.0030532056093502107
0.0030221865550092053
0.0029869523468785656
0.0029475948345121863
0.002904359152519237
0.002857622929137527
0.0028078582169679795
0.0027555838662688833
0.002701318148786987
0.002645540377786797
0.0025886665595083284
0.002531039584203473
0.0024729306946273295
0.0024145475116398867
0.002356044307921864
0.002297532055881554
0.00223908748822263
0.0021807612813979707
0.0021225855419222312
0.002064580444842867
0.00200675963922504
0.0019491341744307525
0.001891715040033859
0.0018345144687857366
0.0017775466888741757
0.0017208283685026017
0.0016643797405874686
0.001608218084704898
0.0015523719755408895
0.001496867242789986
0.0014417348087750839
0.0013870038471438027
0.0013327143458941883
0.0012789011058259453
0.0012256156995460526
0.0011728942570146943
0.0011207905140677586
0.001069356819448031
0.0010187358742056384
0.0009687040136816316
0.0009196157252940144
0.000871428980808108
0.000824215555460931
0.000778036438077685
0.0007329626008143503
0.0006890587750150234
0.0006463947061290439
0.0006050360885355386
0.0005650430592689627
0.0005264785700964044
0.0004893957039961316
0.00045384473337745947
0.0004198782349302918
0.00038751484809000164
0.0003567814312207549
0.0003277077088719012
0.00030030146907001227
0.0002745575886798886
0.0002504532209506628
0.00022797542984000037
0.00020708728271068896
0.0001877453822403172
0.00016988626778236264
0.00015349453420387298
0.00013841628043359763
0.00012465978025561484
0.00011212634381025726
0.00010072441292021569
0.00009038566881318982
0.00008104515724019829
0.00007262351495542724
0.00006502147006391271
0.000058171697189832155
0.00005201667949161591
0.00004649100913224892
0.00004154734981047729
0.00003715162154535661
0.00003314294207668299
0.000029595033840524764
0.000026439824137819484
0.000023577880729037556
0.000020975094455703138
0.000018776296520876756
0.00001683306052589504
0.00001498362720151607
0.000013364032358707317
0.000011884878501568595
0.000010619550910126252
9.499647594701363*^-6
8.456845607498038*^-6