0.00773059457371897
0.007717168896020761
0.007671026293733847
0.007583469934247593
0.007447320785977959
0.007258927497327266
0.007019886715850654
0.006737611657509649
0.006424261789790258
0.00609436237505283
0.005762096155151334
0.005439247095078934
0.005134239422765752
0.00485214419297413
0.00459525334713131
0.004363839189194396
0.00415686084002411
0.003972518167568294
0.0038086407642388157
0.0036629386701499357
0.003533151501932316
0.0034171292354144957
0.00331287044395623
0.0032185364052242783
0.003132453539145163
0.0030531121280428525
0.0029791657920406668
0.002909433342732616
0.002842902242979108
0.0027787311039832417
0.0027162478315081954
0.0026549405377627863
0.0025944401319930137
0.002534495968049208
0.0024749480354262694
0.0024156999962826175
0.002356696618916913
0.0022979073492419974
0.002239315845028447
0.0021809140768997925
0.002122699304882802
0.0020646725885205995
0.0020068380361915115
0.0019492024061355004
0.0018917749085039493
0.0018345671363930757
0.0017775930245235222
0.001720869060349126
0.0016644140485004998
0.0016082495266609034
0.0015523996440346454
0.0014968918336178835
0.0014417564459060421
0.0013870224968487446
0.0013327305276599145
0.0012789179478640087
0.001225627917268998
0.0011729048536878149
0.0011207949707154419
0.0010693600265404284
0.001018644845057495
0.0009687126529656253
0.0009196253298215535
0.0008714348015177606
0.000824218739995952
0.0007779960098355149
0.0007329645487764851
0.0006890617822203394
0.0006463971908843072
0.0006050369311754341
0.0005650446611127042
0.0005264795686145305
0.0004893979514304594
0.0004538466101809409
0.0004198749113709075
0.0003875083667226433
0.00035678212836991104
0.00032771095398633637
0.0003003027358601506
0.0002745518024639402
0.000250460400707862
0.00022797669719300153
0.00020708713342851062
0.0001877405848834528
0.00016988704306326803
0.00015348701061470885
0.00013841750737290085
0.00012466211372403726
0.0001121228997937786
0.0001007268317370265
0.00009039059975557942
0.00008104305218601657
0.0000726215132592014
0.00006501753830481432
0.000058128793474001364
0.00005201627093457446
0.000046497250345172055
0.00004152171346061296
0.0000371420893354767
0.000033161186469529816
0.000029582030231899065
0.00002643893992836419
0.000023580957419819316
0.000020993441130745963
0.000018788515045220574
0.0000168273088518445
0.000014975176589208478
0.00001336200481350273
0.000011927346425964647
0.000010622924514254677
9.494360258958244*^-6
8.46838775844816*^-6