0.0032809153631966816
0.003280883437504168
0.003280771801485345
0.0032805515159876884
0.0032801853612195093
0.0032796257411481307
0.0032788121426006707
0.0032776680999077406
0.0032760976405585237
0.0032739812361617807
0.003271171368077044
0.0032674879527343544
0.003262714071669671
0.0032565927220781937
0.003248825631564272
0.003239075512529436
0.003226973351932106
0.0032121322510024935
0.003194168706809144
0.0031727308689747467
0.003147531241669687
0.0031183789922181178
0.003085205410290256
0.0030480762407831684
0.0030071871694873327
0.0029628430819475284
0.002915426060641838
0.0028653594764428253
0.0028130750715298627
0.0027589873546889658
0.002703476584829416
0.002646879449706701
0.002589485600677769
0.0025315381078091803
0.002473236164550075
0.0024147388307050347
0.0023561691583217025
0.0022976185999063134
0.0022391518879700456
0.002180812476166683
0.0021226282876600925
0.002064617212049298
0.0020067917457311114
0.0019491623948432884
0.001891739880736435
0.0018345363887366144
0.00177756585820364
0.0017208452291964222
0.001664393460816377
0.0016082310936110127
0.0015523839710206984
0.0014968766213407777
0.001441742672354743
0.0013870120890464856
0.001332720686199314
0.00127890887353268
0.00122562125139088
0.0011728983493002562
0.0011207932385189335
0.0010693553922243026
0.001018639876561155
0.0009687078672384874
0.0009196173017564173
0.0008714317051025896
0.0008242169128148619
0.000778037258759783
0.000732962699866827
0.0006890607640613382
0.0006463962831108786
0.0006050363330722811
0.0005650440622898972
0.0005264790376093
0.000489396784092783
0.0004538459782363027
0.00041987561958552606
0.00038751176722320424
0.00035678265174790563
0.00032770959587555536
0.00030030330539508344
0.00027455953779317925
0.0002504531884764438
0.00022797790694854662
0.00020708807719664246
0.00018774309997311373
0.00016988705920189715
0.00015349796458363497
0.0001384165579229518
0.00012466162074425478
0.0001121251921636247
0.00010072620997614197
0.00009038903870994513
0.0000810372829399276
0.00007262186115144736
0.00006501864154668018
0.000058130354139983215
0.00005201988679571555
0.000046492074486928224
0.000041516111263574356
0.000037147420309439395
0.00003315525222312781
0.000029594311779574924
0.000026444490254395687
0.00002357564070150572
0.00002099409629340325
0.000018778820199770764
0.000016825906290984566
0.00001497945334930162
0.000013362319394736928
0.000011886798259728237
0.000010614632680241427
9.495261905178046*^-6
8.457266987402554*^-6