0.004304020861310376
0.004303518003861339
0.004301762644675785
0.004298312529267941
0.004292617492341744
0.004284007640530043
0.004271688884222587
0.004254751853925716
0.004232201723949214
0.004203016606245765
0.004166239450537321
0.004121101309682986
0.004067162185815615
0.004004442139783622
0.003933506155117944
0.0038554689923776648
0.0037719045963938123
0.003684673351676481
0.0035957065284564927
0.003506797861440063
0.003419443544176803
0.0033347510507188973
0.0032534155947736756
0.003175749017417365
0.0031017414033693135
0.0030311380418001784
0.002963519421463751
0.0028983766301797884
0.002835177744204725
0.002773421736655743
0.0027126774779425663
0.0026526058457459296
0.0025929649588647503
0.002533601070947271
0.002474430066159856
0.0024154155931112226
0.0023565491326563164
0.002297835175367275
0.002239282248276368
0.002180898771105728
0.0021226920172673523
0.002064668592315812
0.0020068353674609182
0.001949200326975054
0.0018917731590994064
0.0018345656188817673
0.0017775917101222295
0.0017208678875928554
0.0016644130098003136
0.00160824859932049
0.0015523988323346552
0.0014968909943715689
0.0014417551316527285
0.001387021945993789
0.001332730609296994
0.0012789176632198244
0.001225627538989849
0.001172904585914267
0.0011207956142278398
0.0010693593293679621
0.0010186447704971654
0.0009687079242343602
0.0009196238173196434
0.0008714345610275702
0.0008242185836727063
0.0007780424813076985
0.0007329606206186107
0.0006890616064978364
0.000646397555486189
0.0006050369600339336
0.0005650451279716153
0.0005264795158083861
0.0004893977074509659
0.0004538464936219544
0.0004198740024652687
0.00038750859963111706
0.0003567822190830004
0.0003277104744165537
0.00030030161737218603
0.00027455377949724775
0.00025045978870353415
0.00022797624403461742
0.00020708556681205096
0.00018775209875938849
0.00016988773970901309
0.00015348494520211602
0.0001384173946509165
0.0001246619902577667
0.000112122722776065
0.0001007268077507705
0.0000903914426073189
0.0000810429015981607
0.00007262154082459348
0.00006501728890553047
0.00005812320392569526
0.00005201675753275123
0.00004649726251608811
0.00004152196288485142
0.000037141292463911666
0.00003316111928651081
0.00002958449337565786
0.00002643827643521555
0.000023582243498311997
0.000020992305550088088
0.00001878855335090221
0.000016826552240163213
0.000014974879852781837
0.00001336230170127298
0.000011927644667854507
0.000010622672490200034
9.49387668306481*^-6
8.467629851804732*^-6