0.0031836048683791486
0.003183585469076173
0.003183517627056934
0.0031833837233063694
0.003183161049015687
0.0031828204746518593
0.0031823247957664543
0.0031816267456272773
0.0031806664903159167
0.003179368714223526
0.003177639133688912
0.0031753604854800055
0.003172388046791059
0.003168544863416254
0.0031636170346951934
0.003157349649344106
0.003149444287850825
0.0031395593806797686
0.0031273150639806475
0.003112304359241515
0.0030941122905312904
0.0030723436652217674
0.0030466584746364042
0.003016811294623782
0.0029826882674068743
0.0029443333728668398
0.002901956103183069
0.0028559161073996894
0.0028066862585609214
0.0027548017704317113
0.0027008067040311997
0.0026452090026989473
0.00258845097596375
0.0025308967249288625
0.0024728329200850545
0.0024144776314306646
0.002355991838692497
0.0022974906885439563
0.0022390534810461933
0.0021807324475347765
0.002122560608538291
0.0020645586400028205
0.002006740471436288
0.0019491172741917156
0.0018917001676682515
0.001834501371858556
0.0017775351343270772
0.0017208183938571897
0.0016643723897978727
0.001608210394175529
0.0015523651045851912
0.0014968613249025768
0.0014417307183640217
0.0013869990937287425
0.0013327101691892945
0.0012789003884601923
0.001225612759379004
0.0011728915365624146
0.0011207868714869752
0.0010693502336198263
0.0010186368908950082
0.0009687006763765006
0.0009196147399517467
0.0008714293636363788
0.0008242154033256509
0.0007780356374149564
0.0007329642850871348
0.0006890578410210525
0.0006463940166953428
0.0006050372647804292
0.0005650432788857454
0.0005264783031718814
0.0004893946373922129
0.000453843358163303
0.00041987126870824835
0.00038751698050937104
0.00035678134104055785
0.00032770696790601156
0.00030030042177063825
0.0002745575627324559
0.0002504527471135352
0.00022797513567266304
0.00020708933084447742
0.00018774791354287778
0.00016988587193874562
0.00015349656509096738
0.00013841452154872958
0.00012466040295592738
0.00011212654273266761
0.00010072236630572522
0.00009038318396640802
0.00008104747713285333
0.0000726222847595308
0.00006502401825749321
0.00005817538495884703
0.00005201461607924221
0.00004648581222752737
0.00004154973634928248
0.000037157243453729144
0.00003314412692143935
0.00002959454796631024
0.0000264400979314513
0.00002357858450887913
0.00002097788302837647
0.000018772457580547345
0.000016834344466857092
0.000014987020044887839
0.000013362666546509876
0.000011880413581760781
0.000010618047118239983
9.496510378557032*^-6
8.456493356120071*^-6