0.0035105787809277373
0.003510524841233454
0.003510336240781987
0.003509964144361487
0.0035093458250880453
0.0035084012211725074
0.0035070288147348964
0.003505100797604579
0.0035024575567132767
0.003498901630710807
0.0034941914809940014
0.0034880357057285156
0.003480088716934445
0.0034699493839761737
0.0034571646532756736
0.003441240527458739
0.003421662761301034
0.0033979288561037263
0.003369591093819046
0.003336307406181679
0.0032978933360418928
0.003254365398470372
0.003205965314367178
0.0031531569526898223
0.0030965931974508954
0.0030370567527559173
0.0029753848368418655
0.0029123908270862814
0.0028487956943149956
0.0027851795397047423
0.0027219574442674172
0.0026593805652182947
0.0025975569444479005
0.0025364859919372127
0.0024760962702484956
0.002416283084829546
0.0023569363047608333
0.0022979589652305427
0.0022392765526806605
0.002180838483368452
0.002122614732121297
0.0020645908926343564
0.002006763453601161
0.0019491356847746745
0.001891715794925855
0.00183451500997569
0.001777546903342255
0.0017208306999643287
0.001664378241620148
0.001608218074632344
0.0015523720291151213
0.0014968672532227857
0.0014417323665772996
0.0013870024539754243
0.0013327129138475868
0.001278904305746764
0.0012256168447323265
0.0011728943717381516
0.0011207891049897893
0.001069352042468245
0.001018638925110794
0.0009687057895860992
0.0009196169647712133
0.0008714336123482629
0.0008242150217210083
0.0007780362238359198
0.0007329730959046809
0.0006890592094306679
0.0006463946251244197
0.0006050359581117104
0.0005650434836418005
0.0005264788536625387
0.0004893969790337876
0.0004538461369110889
0.00041987264529609743
0.0003875243777008195
0.000356781281648105
0.0003277003266959589
0.0003003025855034558
0.00027456182074241787
0.00025045689778112676
0.00022797593438417013
0.00020708161685022928
0.0001877363136521658
0.00016988964640303198
0.00015346927877010202
0.00013841205773703168
0.000124662171339413
0.0001121217090604518
0.00010073052003763294
0.00009038706004018822
0.00008104861694126182
0.00007262141317874551
0.00006502108607293354
0.00005817920522610657
0.00005200348247973667
0.00004647374610958247
0.00004154776200009241
0.00003714910852368696
0.000033142579657918204
0.000029588766256341996
0.00002644445562173762
0.000023579906825880367
0.00002097670973732595
0.00001876711319255148
0.0000168352549003897
0.000014989884462099932
0.000013366879990393316
0.000011887578643241785
0.000010614787133092217
9.494487615835972*^-6
8.47616441438353*^-6