0.012867572785348929
0.012761442560566787
0.012414580272520095
0.011822621051750892
0.011037866419160481
0.010148768251729015
0.009243909162285416
0.00838718631288118
0.007612877739977132
0.00693255667865418
0.0063442985741611405
0.005839726543396231
0.005408262955573862
0.005039319312526443
0.004723255318006677
0.004451689058782339
0.004217498763571409
0.004014696537060975
0.00383826288682978
0.0036839825726757763
0.0035482981822276896
0.0034281865585000628
0.003321058276951537
0.0032246785748319775
0.00313710759044696
0.0030566576083722076
0.002981864708806802
0.0029114716191140227
0.0028444177772486167
0.0027798320167946766
0.0027170233752636967
0.0026554662892932946
0.0025947815986005675
0.002534706612720241
0.002475070700469318
0.0024157668814000235
0.00235673038691506
0.0022979228387870225
0.00223932203886873
0.0021809159681883614
0.0021226994211490085
0.0020646720825481944
0.0020068373752386787
0.001949201754106814
0.001891774312141533
0.0018345666064249692
0.0017775925476307887
0.001720868657967987
0.0016644136994039146
0.0016082492323818715
0.0015523993846477517
0.0014968916833945057
0.0014417566999005915
0.0013870223285168597
0.0013327303380542476
0.0012789177343605121
0.0012256278167849474
0.001172904724416038
0.0011207943241216647
0.0010693599503691907
0.001018644700384
0.0009687116133220281
0.0009196261249692887
0.0008714348334772455
0.0008242187391216864
0.0007780433469452518
0.0007329644968390631
0.0006890618435449911
0.0006463970344601774
0.0006050368699332207
0.0005650446409139655
0.0005264795537805343
0.0004893975681387647
0.00045384654431708277
0.00041987532844114863
0.0003875083524332463
0.0003567823562215255
0.0003277115993039438
0.0003003027147774568
0.00027455641791077973
0.00025046098562855467
0.00022797671707358813
0.00020708799782951422
0.0001877407512723026
0.00016988697353456105
0.00015348802579975604
0.0001384175589812526
0.0001246622014492237
0.00011212301173792972
0.00010072687423062993
0.00009038963780396725
0.00008104318486916584
0.0000726215036938116
0.00006501507040734277
0.00005812885580997464
0.00005201760296695451
0.00004649382758737343
0.00004152129770777832
0.00003714238578623741
0.000033161298076947324
0.000029581793383188093
0.000026437542893380744
0.00002358095977262227
0.000020993965298145464
0.000018788451169346583
0.00001682748188889727
0.000014974718562217157
0.000013362455482254874
0.000011927314947827559
0.000010622488148945867
9.494001443277592*^-6
8.468742001679025*^-6